"","county","date","unsen_male","unsen_female","sen_male","sen_female","unsen","sen","ratio"
"1","Alameda County",1995-10-01,2522,198,1030,166,2720,1196,2.2742474916388
"2","Alameda County",1995-11-01,2434,208,975,157,2642,1132,2.3339222614841
"3","Alameda County",1995-12-01,2494,207,948,179,2701,1127,2.39662821650399
"4","Alameda County",1996-01-01,2592,201,911,182,2793,1093,2.55535224153705
"5","Alameda County",1996-02-01,2603,199,910,160,2802,1070,2.61869158878505
"6","Alameda County",1996-03-01,2592,210,942,165,2802,1107,2.53116531165312
"7","Alameda County",1996-04-01,2557,216,907,175,2773,1082,2.56284658040665
"8","Alameda County",1996-05-01,2593,218,926,194,2811,1120,2.50982142857143
"9","Alameda County",1996-06-01,2612,224,928,205,2836,1133,2.50308914386584
"10","Alameda County",1996-07-01,2617,239,916,186,2856,1102,2.59165154264973
"11","Alameda County",1996-08-01,2634,227,918,198,2861,1116,2.56362007168459
"12","Alameda County",1996-09-01,2650,210,954,175,2860,1129,2.53321523472099
"13","Alameda County",1996-10-01,2676,212,936,173,2888,1109,2.60414788097385
"14","Alameda County",1996-11-01,2656,219,941,187,2875,1128,2.54875886524823
"15","Alameda County",1996-12-01,2726,196,870,171,2922,1041,2.80691642651297
"16","Alameda County",1997-01-01,2756,207,899,168,2963,1067,2.77694470477976
"17","Alameda County",1997-02-01,2773,229,963,154,3002,1117,2.68755595344673
"18","Alameda County",1997-03-01,2760,240,1051,182,3000,1233,2.4330900243309
"19","Alameda County",1997-04-01,2723,241,1022,189,2964,1211,2.44756399669694
"20","Alameda County",1997-05-01,2703,242,1045,216,2945,1261,2.33544805709754
"21","Alameda County",1997-06-01,2698,230,1052,222,2928,1274,2.29827315541601
"22","Alameda County",1997-07-01,2604,229,1033,210,2833,1243,2.27916331456154
"23","Alameda County",1997-08-01,2595,220,1026,206,2815,1232,2.2849025974026
"24","Alameda County",1997-09-01,2692,234,1011,213,2926,1224,2.39052287581699
"25","Alameda County",1997-10-01,2639,252,1023,199,2891,1222,2.3657937806874
"26","Alameda County",1997-11-01,2676,231,1015,198,2907,1213,2.39653751030503
"27","Alameda County",1997-12-01,2639,252,1023,199,2891,1222,2.3657937806874
"28","Alameda County",1998-01-01,2679,257,1023,211,2936,1234,2.37925445705024
"29","Alameda County",1998-02-01,2709,270,1078,213,2979,1291,2.30751355538342
"30","Alameda County",1998-03-01,2639,259,1120,247,2898,1367,2.11997073884418
"31","Alameda County",1998-04-01,2603,263,1114,258,2866,1372,2.08892128279883
"32","Alameda County",1998-05-01,2624,252,1076,264,2876,1340,2.14626865671642
"33","Alameda County",1998-06-01,2620,255,1069,247,2875,1316,2.18465045592705
"34","Alameda County",1998-07-01,2644,258,1030,239,2902,1269,2.28684003152088
"35","Alameda County",1998-08-01,2636,246,929,243,2882,1172,2.45904436860068
"36","Alameda County",1998-09-01,2657,251,913,242,2908,1155,2.51774891774892
"37","Alameda County",1998-10-01,2711,245,963,227,2956,1190,2.48403361344538
"38","Alameda County",1998-11-01,2771,235,967,203,3006,1170,2.56923076923077
"39","Alameda County",1998-12-01,2800,256,918,185,3056,1103,2.77062556663645
"40","Alameda County",1999-01-01,2812,264,909,182,3076,1091,2.81943171402383
"41","Alameda County",1999-02-01,2812,264,909,182,3076,1091,2.81943171402383
"42","Alameda County",1999-03-01,2798,257,1064,191,3055,1255,2.43426294820717
"43","Alameda County",1999-04-01,2788,255,1049,190,3043,1239,2.45601291364003
"44","Alameda County",1999-05-01,2788,255,1049,190,3043,1239,2.45601291364003
"45","Alameda County",1999-06-01,2912,267,982,190,3179,1172,2.71245733788396
"46","Alameda County",1999-07-01,2874,258,980,188,3132,1168,2.68150684931507
"47","Alameda County",1999-08-01,2823,249,960,191,3072,1151,2.66898349261512
"48","Alameda County",1999-09-01,2923,254,952,192,3177,1144,2.7770979020979
"49","Alameda County",1999-10-01,3203,305,998,152,3508,1150,3.0504347826087
"50","Alameda County",1999-11-01,3103,305,998,152,3408,1150,2.96347826086957
"51","Alameda County",1999-12-01,3078,286,988,151,3364,1139,2.95346795434592
"52","Alameda County",2000-01-01,3173,292,956,161,3465,1117,3.10205908683975
"53","Alameda County",2000-02-01,3106,285,985,164,3391,1149,2.95126196692776
"54","Alameda County",2000-03-01,3049,262,981,150,3311,1131,2.92749778956675
"55","Alameda County",2000-04-01,2955,285,972,133,3240,1105,2.93212669683258
"56","Alameda County",2000-05-01,2873,278,909,136,3151,1045,3.01531100478469
"57","Alameda County",2000-06-01,2893,272,851,155,3165,1006,3.14612326043738
"58","Alameda County",2000-07-01,2882,285,811,159,3167,970,3.26494845360825
"59","Alameda County",2000-08-01,2874,308,821,139,3182,960,3.31458333333333
"60","Alameda County",2000-09-01,2884,307,807,128,3191,935,3.41283422459893
"61","Alameda County",2000-10-01,2814,265,793,104,3079,897,3.43255295429208
"62","Alameda County",2000-11-01,2750,285,788,102,3035,890,3.41011235955056
"63","Alameda County",2000-12-01,2719,275,753,104,2994,857,3.49358226371062
"64","Alameda County",2001-01-01,2716,263,732,109,2979,841,3.54221165279429
"65","Alameda County",2001-02-01,2721,264,759,124,2985,883,3.38052095130238
"66","Alameda County",2001-03-01,2760,284,751,119,3044,870,3.49885057471264
"67","Alameda County",2001-04-01,2762,286,771,124,3048,895,3.40558659217877
"68","Alameda County",2001-05-01,2707,299,794,124,3006,918,3.27450980392157
"69","Alameda County",2001-06-01,2600,291,771,115,2891,886,3.26297968397291
"70","Alameda County",2001-07-01,2652,294,751,98,2946,849,3.46996466431095
"71","Alameda County",2001-08-01,2670,290,723,94,2960,817,3.62301101591187
"72","Alameda County",2001-09-01,2731,315,713,106,3046,819,3.71916971916972
"73","Alameda County",2001-10-01,2722,294,752,129,3016,881,3.42338251986379
"74","Alameda County",2001-11-01,2733,293,722,115,3026,837,3.61529271206691
"75","Alameda County",2001-12-01,2634,255,721,116,2889,837,3.45161290322581
"76","Alameda County",2002-01-01,2623,285,837,153,2908,990,2.93737373737374
"77","Alameda County",2002-02-01,2715,310,886,161,3025,1047,2.88920725883477
"78","Alameda County",2002-03-01,2688,286,952,183,2974,1135,2.62026431718062
"79","Alameda County",2002-04-01,2662,274,931,176,2936,1107,2.65221318879855
"80","Alameda County",2002-05-01,2621,290,926,155,2911,1081,2.69287696577243
"81","Alameda County",2002-06-01,2669,287,944,165,2956,1109,2.66546438232642
"82","Alameda County",2002-07-01,2647,288,938,157,2935,1095,2.68036529680365
"83","Alameda County",2002-08-01,2662,302,982,161,2964,1143,2.59317585301837
"84","Alameda County",2002-09-01,2772,316,964,171,3088,1135,2.72070484581498
"85","Alameda County",2002-10-01,2686,325,967,173,3011,1140,2.64122807017544
"86","Alameda County",2002-11-01,2708,323,974,163,3031,1137,2.66578715919085
"87","Alameda County",2002-12-01,2647,317,900,167,2964,1067,2.77788191190253
"88","Alameda County",2003-01-01,2659,308,871,191,2967,1062,2.79378531073446
"89","Alameda County",2003-02-01,2776,355,899,193,3131,1092,2.86721611721612
"90","Alameda County",2003-03-01,2800,317,900,198,3117,1098,2.83879781420765
"91","Alameda County",2003-04-01,2739,290,910,195,3029,1105,2.74117647058824
"92","Alameda County",2003-05-01,2749,299,906,176,3048,1082,2.81700554528651
"93","Alameda County",2003-06-01,2765,304,915,182,3069,1097,2.79762989972653
"94","Alameda County",2003-07-01,2749,300,923,179,3049,1102,2.76678765880218
"95","Alameda County",2003-08-01,2747,301,931,175,3048,1106,2.75587703435805
"96","Alameda County",2003-09-01,2790,316,916,166,3106,1082,2.87060998151571
"97","Alameda County",2003-10-01,2825,293,893,160,3118,1053,2.96106362773029
"98","Alameda County",2003-11-01,2836,302,893,160,3138,1053,2.98005698005698
"99","Alameda County",2003-12-01,2733,325,839,154,3058,993,3.07955689828802
"100","Alameda County",2004-01-01,2739,320,836,148,3059,984,3.10873983739837
"101","Alameda County",2004-02-01,2841,326,900,170,3167,1070,2.95981308411215
"102","Alameda County",2004-03-01,2847,301,901,179,3148,1080,2.91481481481481
"103","Alameda County",2004-04-01,2808,304,916,171,3112,1087,2.86292548298068
"104","Alameda County",2004-05-01,2783,297,893,173,3080,1066,2.88930581613508
"105","Alameda County",2004-06-01,2806,299,903,174,3105,1077,2.88300835654596
"106","Alameda County",2004-07-01,2824,302,916,171,3126,1087,2.87580496780129
"107","Alameda County",2004-08-01,2787,297,893,173,3084,1066,2.89305816135084
"108","Alameda County",2004-09-01,2823,299,903,174,3122,1077,2.89879294336119
"109","Alameda County",2004-10-01,2848,289,864,185,3137,1049,2.99046711153479
"110","Alameda County",2004-11-01,2861,319,774,148,3180,922,3.44902386117137
"111","Alameda County",2004-12-01,2855,286,737,156,3141,893,3.51735722284434
"112","Alameda County",2005-01-01,2920,288,784,140,3208,924,3.47186147186147
"113","Alameda County",2005-02-01,2923,305,810,138,3228,948,3.40506329113924
"114","Alameda County",2005-03-01,2864,302,839,147,3166,986,3.21095334685598
"115","Alameda County",2005-04-01,2884,270,793,141,3154,934,3.37687366167024
"116","Alameda County",2005-05-01,2788,267,783,167,3055,950,3.21578947368421
"117","Alameda County",2005-06-01,2798,278,720,133,3076,853,3.60609613130129
"118","Alameda County",2005-07-01,2692,263,741,251,2955,992,2.97883064516129
"119","Alameda County",2005-08-01,2698,225,751,138,2923,889,3.28796400449944
"120","Alameda County",2005-09-01,2802,212,784,135,3014,919,3.27965179542982
"121","Alameda County",2005-10-01,2751,247,768,144,2998,912,3.28728070175439
"122","Alameda County",2005-11-01,2759,255,767,144,3014,911,3.30845225027442
"123","Alameda County",2005-12-01,2764,265,752,129,3029,881,3.43813847900114
"124","Alameda County",2006-01-01,2836,293,743,126,3129,869,3.60069044879171
"125","Alameda County",2006-02-01,2886,285,744,149,3171,893,3.55095184770437
"126","Alameda County",2006-03-01,2793,247,772,154,3040,926,3.2829373650108
"127","Alameda County",2006-04-01,2818,234,775,147,3052,922,3.31019522776573
"128","Alameda County",2006-05-01,2801,302,784,102,3103,886,3.50225733634312
"129","Alameda County",2006-06-01,2803,304,783,112,3107,895,3.47150837988827
"130","Alameda County",2006-07-01,2878,317,770,116,3195,886,3.60609480812641
"131","Alameda County",2006-08-01,2834,309,747,103,3143,850,3.69764705882353
"132","Alameda County",2006-09-01,2749,296,822,103,3045,925,3.29189189189189
"133","Alameda County",2006-10-01,2747,293,771,142,3040,913,3.32968236582694
"134","Alameda County",2006-11-01,2749,294,784,137,3043,921,3.30401737242128
"135","Alameda County",2006-12-01,2826,309,866,141,3135,1007,3.11320754716981
"136","Alameda County",2007-01-01,2735,305,824,139,3040,963,3.15680166147456
"137","Alameda County",2007-02-01,3013,226,527,245,3239,772,4.19559585492228
"138","Alameda County",2007-03-01,3133,231,613,238,3364,851,3.95299647473561
"139","Alameda County",2007-04-01,3144,248,609,260,3392,869,3.90333716915995
"140","Alameda County",2007-05-01,3108,239,714,111,3347,825,4.0569696969697
"141","Alameda County",2007-06-01,3092,254,789,116,3346,905,3.69723756906077
"142","Alameda County",2007-07-01,3122,255,789,117,3377,906,3.72737306843267
"143","Alameda County",2007-08-01,3060,270,871,114,3330,985,3.38071065989848
"144","Alameda County",2007-09-01,2950,244,844,116,3194,960,3.32708333333333
"145","Alameda County",2007-10-01,2985,204,810,110,3189,920,3.46630434782609
"146","Alameda County",2007-11-01,2912,244,843,117,3156,960,3.2875
"147","Alameda County",2007-12-01,3038,252,777,119,3290,896,3.671875
"148","Alameda County",2008-01-01,3158,234,736,119,3392,855,3.9672514619883
"149","Alameda County",2008-02-01,3298,266,752,108,3564,860,4.14418604651163
"150","Alameda County",2008-03-01,3328,294,770,115,3622,885,4.09265536723164
"151","Alameda County",2008-04-01,3303,303,761,125,3606,886,4.06997742663657
"152","Alameda County",2008-05-01,3234,295,764,120,3529,884,3.9920814479638
"153","Alameda County",2008-06-01,3194,287,757,130,3481,887,3.92446448703495
"154","Alameda County",2008-07-01,3188,286,766,132,3474,898,3.86859688195991
"155","Alameda County",2008-08-01,3253,301,763,120,3554,883,4.02491506228766
"156","Alameda County",2008-09-01,3271,326,768,134,3597,902,3.98780487804878
"157","Alameda County",2008-10-01,3319,306,784,136,3625,920,3.94021739130435
"158","Alameda County",2008-11-01,3266,297,778,126,3563,904,3.94137168141593
"159","Alameda County",2008-12-01,3288,287,708,107,3575,815,4.38650306748466
"160","Alameda County",2009-01-01,3297,286,698,105,3583,803,4.46201743462017
"161","Alameda County",2009-02-01,3280,288,745,109,3568,854,4.17798594847775
"162","Alameda County",2009-03-01,3341,274,757,112,3615,869,4.15995397008055
"163","Alameda County",2009-04-01,3350,286,726,103,3636,829,4.38600723763571
"164","Alameda County",2009-05-01,3363,279,681,105,3642,786,4.63358778625954
"165","Alameda County",2009-06-01,3337,270,704,95,3607,799,4.51439299123905
"166","Alameda County",2009-07-01,3342,264,726,99,3606,825,4.37090909090909
"167","Alameda County",2009-08-01,3351,254,727,95,3605,822,4.38564476885645
"168","Alameda County",2009-09-01,3313,274,726,99,3587,825,4.34787878787879
"169","Alameda County",2009-10-01,3252,277,747,113,3529,860,4.10348837209302
"170","Alameda County",2009-11-01,3228,278,699,100,3506,799,4.38798498122653
"171","Alameda County",2009-12-01,3190,274,629,89,3464,718,4.82451253481894
"172","Alameda County",2010-01-01,3227,277,603,85,3504,688,5.09302325581395
"173","Alameda County",2010-02-01,3243,276,555,85,3519,640,5.4984375
"174","Alameda County",2010-03-01,3226,261,645,93,3487,738,4.72493224932249
"175","Alameda County",2010-04-01,3355,240,650,92,3595,742,4.84501347708895
"176","Alameda County",2010-05-01,3377,269,601,86,3646,687,5.30713245997089
"177","Alameda County",2010-06-01,3352,258,572,86,3610,658,5.48632218844985
"178","Alameda County",2010-07-01,3172,244,573,90,3416,663,5.15233785822021
"179","Alameda County",2010-08-01,3142,262,585,87,3404,672,5.06547619047619
"180","Alameda County",2010-09-01,3091,256,588,81,3347,669,5.00298953662182
"181","Alameda County",2010-10-01,3054,254,593,87,3308,680,4.86470588235294
"182","Alameda County",2010-11-01,3032,234,575,80,3266,655,4.98625954198473
"183","Alameda County",2010-12-01,2983,218,535,85,3201,620,5.16290322580645
"184","Alameda County",2011-01-01,3011,217,519,69,3228,588,5.48979591836735
"185","Alameda County",2011-02-01,3050,220,522,75,3270,597,5.47738693467337
"186","Alameda County",2011-03-01,3025,217,521,69,3242,590,5.49491525423729
"187","Alameda County",2011-04-01,2979,214,548,59,3193,607,5.26029654036244
"188","Alameda County",2011-05-01,2954,223,564,63,3177,627,5.06698564593301
"189","Alameda County",2011-06-01,2897,227,554,74,3124,628,4.97452229299363
"190","Alameda County",2011-07-01,2927,230,571,80,3157,651,4.8494623655914
"191","Alameda County",2011-08-01,2918,248,551,76,3166,627,5.04944178628389
"192","Alameda County",2011-09-01,2963,243,546,72,3206,618,5.18770226537217
"193","Alameda County",2011-10-01,2891,227,570,81,3118,651,4.78955453149002
"194","Alameda County",2011-11-01,2606,198,699,80,2804,779,3.599486521181
"195","Alameda County",2011-12-01,2280,178,791,80,2458,871,2.82204362801378
"196","Alameda County",2012-01-01,2205,198,788,79,2403,867,2.77162629757785
"197","Alameda County",2012-02-01,2116,197,866,90,2313,956,2.41945606694561
"198","Alameda County",2012-03-01,2144,201,892,87,2345,979,2.3953013278856
"199","Alameda County",2012-04-01,2080,208,912,84,2288,996,2.29718875502008
"200","Alameda County",2012-05-01,2085,208,941,83,2293,1024,2.2392578125
"201","Alameda County",2012-06-01,2037,204,934,98,2241,1032,2.17151162790698
"202","Alameda County",2012-07-01,2111,215,928,104,2326,1032,2.25387596899225
"203","Alameda County",2012-08-01,2113,203,954,106,2316,1060,2.18490566037736
"204","Alameda County",2012-09-01,2100,202,1019,112,2302,1131,2.03536693191866
"205","Alameda County",2012-10-01,2071,208,1012,118,2279,1130,2.01681415929204
"206","Alameda County",2012-11-01,2117,195,937,115,2312,1052,2.19771863117871
"207","Alameda County",2012-12-01,2094,181,916,92,2275,1008,2.25694444444444
"208","Alameda County",2013-01-01,2126,188,873,85,2314,958,2.41544885177453
"209","Alameda County",2013-02-01,2168,219,921,79,2387,1000,2.387
"210","Alameda County",2013-03-01,2191,226,955,84,2417,1039,2.32627526467757
"211","Alameda County",2013-04-01,2218,214,891,83,2432,974,2.49691991786448
"212","Alameda County",2013-05-01,2229,210,905,88,2439,993,2.45619335347432
"213","Alameda County",2013-06-01,2240,209,879,93,2449,972,2.51954732510288
"214","Alameda County",2013-07-01,2317,234,828,98,2551,926,2.7548596112311
"215","Alameda County",2013-08-01,2296,241,788,97,2537,885,2.86666666666667
"216","Alameda County",2013-09-01,2384,237,740,93,2621,833,3.14645858343337
"217","Alameda County",2013-10-01,2433,237,737,85,2670,822,3.24817518248175
"218","Alameda County",2013-11-01,2398,230,737,77,2628,814,3.22850122850123
"219","Alameda County",2013-12-01,2372,233,673,73,2605,746,3.49195710455764
"220","Alameda County",2014-01-01,2343,222,649,87,2565,736,3.48505434782609
"221","Alameda County",2014-02-01,2343,221,639,93,2564,732,3.50273224043716
"222","Alameda County",2014-03-01,2326,226,669,84,2552,753,3.38911022576361
"223","Alameda County",2014-04-01,2395,227,654,80,2622,734,3.57220708446866
"224","Alameda County",2014-05-01,2356,242,659,79,2598,738,3.52032520325203
"225","Alameda County",2014-06-01,2385,222,639,88,2607,727,3.58596973865199
"226","Alameda County",2014-07-01,2358,203,628,81,2561,709,3.61212976022567
"227","Alameda County",2014-08-01,2330,212,662,77,2542,739,3.43978349120433
"228","Alameda County",2014-09-01,2300,209,657,73,2509,730,3.43698630136986
"229","Alameda County",2014-10-01,2312,213,657,69,2525,726,3.47796143250689
"230","Alameda County",2014-11-01,2233,185,602,66,2418,668,3.61976047904192
"231","Alameda County",2014-12-01,2015,157,511,46,2172,557,3.89946140035907
"232","Alameda County",2015-01-01,2055,238,557,65,2293,622,3.68649517684887
"233","Alameda County",2015-02-01,2060,167,595,76,2227,671,3.31892697466468
"234","Alameda County",2015-03-01,1890,114,504,61,2004,565,3.54690265486726
"235","Alameda County",2015-04-01,2071,181,555,55,2252,610,3.69180327868852
"236","Alameda County",2015-05-01,2051,186,562,49,2237,611,3.66121112929624
"237","Alameda County",2015-06-01,2067,184,519,55,2251,574,3.92160278745645
"238","Alameda County",2015-07-01,2126,172,494,68,2298,562,4.08896797153025
"239","Alameda County",2015-08-01,2113,187,519,74,2300,593,3.87858347386172
"240","Alameda County",2015-09-01,2053,187,498,76,2240,574,3.90243902439024
"241","Alameda County",2015-10-01,2224,209,284,44,2433,328,7.41768292682927
"242","Alameda County",2015-11-01,2112,197,309,39,2309,348,6.63505747126437
"243","Alameda County",2015-12-01,1975,170,378,61,2145,439,4.88610478359909
"244","Alameda County",2016-01-01,2029,186,355,52,2215,407,5.44226044226044
"245","Alameda County",2016-02-01,1935,187,371,55,2122,426,4.981220657277
"246","Alameda County",2016-03-01,1942,176,382,52,2118,434,4.88018433179723
"247","Alameda County",2016-04-01,1885,175,389,51,2060,440,4.68181818181818
"248","Alameda County",2016-05-01,1896,167,394,50,2063,444,4.6463963963964
"249","Alameda County",2016-06-01,1866,178,408,45,2044,453,4.5121412803532
"250","Alameda County",2016-07-01,1858,172,393,49,2030,442,4.59276018099547
"251","Alameda County",2016-08-01,1895,173,357,50,2068,407,5.08108108108108
"252","Alameda County",2016-09-01,1897,175,351,51,2072,402,5.15422885572139
"253","Alameda County",2016-10-01,1890,189,346,49,2079,395,5.26329113924051
"254","Alameda County",2016-11-01,1864,185,333,38,2049,371,5.52291105121294
"255","Alameda County",2016-12-01,1837,187,313,59,2024,372,5.44086021505376
"256","Alameda County",2017-01-01,1869,192,324,37,2061,361,5.70914127423823
"257","Alameda County",2017-02-01,1984,212,359,42,2196,401,5.47630922693267
"258","Alameda County",2017-03-01,1900,215,407,46,2115,453,4.66887417218543
"259","Alameda County",2017-04-01,1925,209,390,46,2134,436,4.89449541284404
"260","Alameda County",2017-05-01,1954,191,379,44,2145,423,5.0709219858156
"261","Alameda County",2017-06-01,1898,180,388,45,2078,433,4.79907621247113
"262","Alameda County",2017-07-01,1917,189,384,41,2106,425,4.95529411764706
"263","Alameda County",2017-08-01,1926,185,359,38,2111,397,5.31738035264484
"264","Alameda County",2017-09-01,1946,192,377,35,2138,412,5.18932038834951
"265","Alameda County",2017-10-01,1973,192,365,40,2165,405,5.34567901234568
"266","Alameda County",2017-11-01,1966,188,358,43,2154,401,5.3715710723192
"267","Alameda County",2017-12-01,1993,178,346,47,2171,393,5.52417302798982
"268","Alameda County",2018-01-01,1959,177,396,49,2136,445,4.8
"269","Alameda County",2018-02-01,1962,194,426,44,2156,470,4.58723404255319
"270","Alameda County",2018-03-01,1914,189,428,55,2103,483,4.35403726708075
"271","Alameda County",2018-04-01,1929,201,397,48,2130,445,4.78651685393258
"272","Alameda County",2018-05-01,1918,195,393,43,2113,436,4.84633027522936
"273","Alameda County",2018-06-01,1949,191,350,37,2140,387,5.5297157622739
"274","Alameda County",2018-07-01,2003,196,342,37,2199,379,5.80211081794195
"275","Alameda County",2018-08-01,1980,180,379,39,2160,418,5.16746411483254
"276","Alameda County",2018-09-01,1976,191,354,41,2167,395,5.48607594936709
"277","Alameda County",2018-10-01,1975,183,368,42,2158,410,5.26341463414634
"278","Alameda County",2018-11-01,2007,184,377,39,2191,416,5.26682692307692
"279","Alameda County",2018-12-01,1946,183,358,41,2129,399,5.33583959899749
"280","Alameda County",2019-01-01,1984,184,351,36,2168,387,5.60206718346253
"281","Alameda County",2019-02-01,1961,180,345,27,2141,372,5.75537634408602
"282","Alameda County",2019-03-01,1948,170,355,32,2118,387,5.47286821705426
"283","Alameda County",2019-04-01,1947,162,337,40,2109,377,5.59416445623342
"284","Alameda County",2019-05-01,1957,159,340,37,2116,377,5.61273209549072
"285","Alameda County",2019-06-01,1931,163,338,31,2094,369,5.67479674796748
"286","Alameda County",2019-07-01,1938,173,335,29,2111,364,5.79945054945055
"287","Alameda County",2019-08-01,1974,188,318,31,2162,349,6.19484240687679
"288","Alameda County",2019-09-01,2011,191,322,32,2202,354,6.22033898305085
"289","Alameda County",2019-10-01,2053,187,348,37,2240,385,5.81818181818182
"290","Alameda County",2019-11-01,1985,182,386,36,2167,422,5.13507109004739
"291","Alameda County",2019-12-01,1967,173,378,45,2140,423,5.05910165484634
"292","Alameda County",2020-01-01,2001,180,354,38,2181,392,5.56377551020408
"293","Alameda County",2020-02-01,2033,180,354,41,2213,395,5.60253164556962
"294","Alameda County",2020-03-01,1963,148,279,35,2111,314,6.72292993630573
"295","Amador County",1995-10-01,15.33,1.59,21.7,4.85,16.92,26.55,0.637288135593221
"296","Amador County",1995-11-01,16.63,1.87,28.7,4.07,18.5,32.77,0.564540738480317
"297","Amador County",1995-12-01,13.26,1.52,21.52,2.84,14.78,24.36,0.606732348111658
"298","Amador County",1996-01-01,9.62,0.41,22.48,3.79,10.03,26.27,0.381804339550818
"299","Amador County",1996-02-01,13.41,0.7,16.15,1.67,14.11,17.82,0.791806958473625
"300","Amador County",1996-03-01,12.1,0.87,21.55,3.16,12.97,24.71,0.524888709024686
"301","Amador County",1996-04-01,17.63,3.47,31.53,3.57,21.1,35.1,0.601139601139601
"302","Amador County",1996-05-01,17.71,5.06,26.75,3.13,22.77,29.88,0.762048192771084
"303","Amador County",1996-06-01,20.67,2.67,24.13,4.47,23.34,28.6,0.816083916083916
"304","Amador County",1996-07-01,23.17,2.53,14.7,6.13,25.7,20.83,1.23379740758521
"305","Amador County",1996-08-01,19.81,3.61,13.97,4.9,23.42,18.87,1.24112347641759
"306","Amador County",1996-09-01,22.63,2.73,14.77,5,25.36,19.77,1.28275164390491
"307","Amador County",1996-10-01,23.61,2.58,22.19,6.23,26.19,28.42,0.921534130893737
"308","Amador County",1996-11-01,16.6,2.8,22.53,3.37,19.4,25.9,0.749034749034749
"309","Amador County",1996-12-01,15.16,2,16.52,2.45,17.16,18.97,0.90458618871903
"310","Amador County",1997-01-01,18.1,1.84,22.9,3.26,19.94,26.16,0.762232415902141
"311","Amador County",1997-02-01,21.5,4.25,20.36,4.14,25.75,24.5,1.05102040816327
"312","Amador County",1997-03-01,17.82,2.51,24.38,5.6,20.33,29.98,0.678118745830554
"313","Amador County",1997-04-01,17.47,2.33,23.47,5.9,19.8,29.37,0.674157303370786
"314","Amador County",1997-05-01,21.32,3.32,32.35,5.29,24.64,37.64,0.654622741764081
"315","Amador County",1997-06-01,23.53,5.27,24.9,5.1,28.8,30,0.96
"316","Amador County",1997-07-01,23.84,4.55,25.74,5.77,28.39,31.51,0.900983814662012
"317","Amador County",1997-08-01,19.32,3.39,25.9,5.71,22.71,31.61,0.718443530528314
"318","Amador County",1997-09-01,11.93,4.56,33.96,3.53,16.49,37.49,0.439850626833822
"319","Amador County",1997-10-01,12.48,3.7,37.96,2.45,16.18,40.41,0.400395941598614
"320","Amador County",1997-11-01,17.13,4.93,35.41,4.37,22.06,39.78,0.554550025138261
"321","Amador County",1997-12-01,11.87,4.87,28.32,5.96,16.74,34.28,0.488331388564761
"322","Amador County",1998-01-01,14.7,3.83,24.7,3.74,18.53,28.44,0.65154711673699
"323","Amador County",1998-02-01,18.53,3.42,21.75,6.03,21.95,27.78,0.790136789056876
"324","Amador County",1998-03-01,20.7,3.03,26.7,7.8,23.73,34.5,0.687826086956522
"325","Amador County",1998-04-01,19.86,2.96,23.2,6.23,22.82,29.43,0.775399252463473
"326","Amador County",1998-05-01,16.41,1.35,25.16,5.77,17.76,30.93,0.574199806013579
"327","Amador County",1998-06-01,15.26,3.63,25.1,5.36,18.89,30.46,0.620157583716349
"328","Amador County",1998-07-01,15.61,3,21.67,2.25,18.61,23.92,0.778010033444816
"329","Amador County",1998-08-01,15.58,1.9,18.51,2.25,17.48,20.76,0.842003853564547
"330","Amador County",1998-09-01,18.97,2.77,10.94,2.47,21.74,13.41,1.62117822520507
"331","Amador County",1998-10-01,18.58,2.42,9.49,4.36,21,13.85,1.51624548736462
"332","Amador County",1998-11-01,22.04,2.64,11.9,5.6,24.68,17.5,1.41028571428571
"333","Amador County",1998-12-01,16.49,2.55,20.36,3.55,19.04,23.91,0.796319531576746
"334","Amador County",1999-01-01,18.1,2.78,29.1,2.58,20.88,31.68,0.659090909090909
"335","Amador County",1999-02-01,17.72,3.5,34.4,3.11,21.22,37.51,0.565715809117569
"336","Amador County",1999-03-01,21.49,3.26,26.71,1.04,24.75,27.75,0.891891891891892
"337","Amador County",1999-04-01,12.77,2.6,23.57,3.1,15.37,26.67,0.576302962129734
"338","Amador County",1999-05-01,13.04,1.81,20.17,5.46,14.85,25.63,0.579399141630901
"339","Amador County",1999-06-01,11.57,3.27,21.47,5.57,14.84,27.04,0.548816568047337
"340","Amador County",1999-07-01,17.42,4.07,24.97,6.13,21.49,31.1,0.690996784565916
"341","Amador County",1999-08-01,18.67,3.77,22.94,4.77,22.44,27.71,0.809815950920245
"342","Amador County",1999-09-01,18.84,5.84,22.27,4.14,24.68,26.41,0.934494509655434
"343","Amador County",1999-10-01,19.81,4.91,27.17,5.07,24.72,32.24,0.766749379652605
"344","Amador County",1999-11-01,20.1,3.5,22.9,3.84,23.6,26.74,0.882572924457741
"345","Amador County",1999-12-01,13.42,3.84,20.94,3.36,17.26,24.3,0.710288065843621
"346","Amador County",2000-01-01,11.39,4.48,22.42,4.71,15.87,27.13,0.58496129745669
"347","Amador County",2000-02-01,16.45,3.48,19,2.24,19.93,21.24,0.938323917137476
"348","Amador County",2000-03-01,16.84,4.55,20.29,3.1,21.39,23.39,0.914493373236426
"349","Amador County",2000-04-01,15.7,4.67,16.7,3.6,20.37,20.3,1.00344827586207
"350","Amador County",2000-05-01,19,5.1,16.74,6.97,24.1,23.71,1.01644875579924
"351","Amador County",2000-06-01,20.67,5.47,17.7,5.57,26.14,23.27,1.12333476579287
"352","Amador County",2000-07-01,19.61,3.23,16.19,5.39,22.84,21.58,1.05838739573679
"353","Amador County",2000-08-01,21.16,3.9,16.97,3.84,25.06,20.81,1.20422873618453
"354","Amador County",2000-09-01,13.9,3.33,18.03,4.27,17.23,22.3,0.772645739910314
"355","Amador County",2000-10-01,11.32,4.9,18.29,2.71,16.22,21,0.772380952380952
"356","Amador County",2000-11-01,14.73,2.93,14.33,2.9,17.66,17.23,1.02495647127104
"357","Amador County",2000-12-01,14.12,0.67,21.32,2.83,14.79,24.15,0.612422360248447
"358","Amador County",2001-01-01,18,3,23,4,21,27,0.777777777777778
"359","Amador County",2001-02-01,21,3,23,4,24,27,0.888888888888889
"360","Amador County",2001-03-01,19,0,22,2,19,24,0.791666666666667
"361","Amador County",2001-04-01,24,4,22,2,28,24,1.16666666666667
"362","Amador County",2001-05-01,23,8,23,2,31,25,1.24
"363","Amador County",2001-06-01,25,8,19,9,33,28,1.17857142857143
"364","Amador County",2001-07-01,25,8,14,10,33,24,1.375
"365","Amador County",2001-08-01,25,6,25,4,31,29,1.06896551724138
"366","Amador County",2001-09-01,29,7,31,3,36,34,1.05882352941176
"367","Amador County",2001-10-01,26,9,29,4,35,33,1.06060606060606
"368","Amador County",2001-11-01,26,5,28,5,31,33,0.939393939393939
"369","Amador County",2001-12-01,35,5,27,5,40,32,1.25
"370","Amador County",2002-01-01,29,3,27,5,32,32,1
"371","Amador County",2002-02-01,28,2,26,6,30,32,0.9375
"372","Amador County",2002-03-01,29,2,29,8,31,37,0.837837837837838
"373","Amador County",2002-04-01,27,3,30,7,30,37,0.810810810810811
"374","Amador County",2002-05-01,48,8,15,3,56,18,3.11111111111111
"375","Amador County",2002-06-01,11,2,43,5,13,48,0.270833333333333
"376","Amador County",2002-07-01,25,3,33,9,28,42,0.666666666666667
"377","Amador County",2002-08-01,30,2,36,11,32,47,0.680851063829787
"378","Amador County",2002-09-01,34,2,41,11,36,52,0.692307692307692
"379","Amador County",2002-10-01,37,2,35,11,39,46,0.847826086956522
"380","Amador County",2002-11-01,30,2,37,7,32,44,0.727272727272727
"381","Amador County",2002-12-01,26,1,39,5,27,44,0.613636363636364
"382","Amador County",2003-01-01,27,3,41,7,30,48,0.625
"383","Amador County",2003-02-01,34,5,36,9,39,45,0.866666666666667
"384","Amador County",2003-03-01,31,4,36,9,35,45,0.777777777777778
"385","Amador County",2003-04-01,22,3,41,6,25,47,0.531914893617021
"386","Amador County",2003-05-01,25,4,37,5,29,42,0.69047619047619
"387","Amador County",2003-06-01,28,6,34,5,34,39,0.871794871794872
"388","Amador County",2003-07-01,20,3,44,8,23,52,0.442307692307692
"389","Amador County",2003-08-01,31,5,30,6,36,36,1
"390","Amador County",2003-09-01,31,4,38,10,35,48,0.729166666666667
"391","Amador County",2003-10-01,20,2,50,9,22,59,0.372881355932203
"392","Amador County",2003-11-01,23,4,46,8,27,54,0.5
"393","Amador County",2003-12-01,29,2,42,12,31,54,0.574074074074074
"394","Amador County",2004-01-01,25,4,49,11,29,60,0.483333333333333
"395","Amador County",2004-02-01,40,9,26,8,49,34,1.44117647058824
"396","Amador County",2004-03-01,41,9,27,9,50,36,1.38888888888889
"397","Amador County",2004-04-01,42,10,26,8,52,34,1.52941176470588
"398","Amador County",2004-05-01,41,8,28,7,49,35,1.4
"399","Amador County",2004-06-01,42,9,28,7,51,35,1.45714285714286
"400","Amador County",2004-07-01,41,9,27,7,50,34,1.47058823529412
"401","Amador County",2004-08-01,42,9,27,7,51,34,1.5
"402","Amador County",2004-09-01,46,8,33,7,54,40,1.35
"403","Amador County",2004-10-01,41,9,26,8,50,34,1.47058823529412
"404","Amador County",2004-11-01,40,8,26,9,48,35,1.37142857142857
"405","Amador County",2004-12-01,41,8,25,9,49,34,1.44117647058824
"406","Amador County",2005-01-01,42,9,26,9,51,35,1.45714285714286
"407","Amador County",2005-02-01,43,9,27,9,52,36,1.44444444444444
"408","Amador County",2005-03-01,43,9,28,10,52,38,1.36842105263158
"409","Amador County",2005-04-01,43,9,28,10,52,38,1.36842105263158
"410","Amador County",2005-05-01,43,10,29,10,53,39,1.35897435897436
"411","Amador County",2005-06-01,43,10,30,10,53,40,1.325
"412","Amador County",2005-07-01,44,11,30,10,55,40,1.375
"413","Amador County",2005-08-01,44,11,30,11,55,41,1.34146341463415
"414","Amador County",2005-09-01,44,11,30,11,55,41,1.34146341463415
"415","Amador County",2005-10-01,44,11,29,10,55,39,1.41025641025641
"416","Amador County",2005-11-01,45,12,30,10,57,40,1.425
"417","Amador County",2005-12-01,43,9,28,10,52,38,1.36842105263158
"418","Amador County",2006-01-01,42,10,26,9,52,35,1.48571428571429
"419","Amador County",2006-02-01,43,9,27,10,52,37,1.40540540540541
"420","Amador County",2006-03-01,40,8,26,8,48,34,1.41176470588235
"421","Amador County",2006-04-01,43,11,27,10,54,37,1.45945945945946
"422","Amador County",2006-05-01,44,11,27,10,55,37,1.48648648648649
"423","Amador County",2006-06-01,43,11,27,10,54,37,1.45945945945946
"424","Amador County",2006-07-01,44,12,27,11,56,38,1.47368421052632
"425","Amador County",2006-08-01,42,10,26,9,52,35,1.48571428571429
"426","Amador County",2006-09-01,44,11,26,10,55,36,1.52777777777778
"427","Amador County",2006-10-01,42,11,26,10,53,36,1.47222222222222
"428","Amador County",2006-11-01,43,11,25,10,54,35,1.54285714285714
"429","Amador County",2006-12-01,41,11,25,11,52,36,1.44444444444444
"430","Amador County",2007-01-01,40,10,25,10,50,35,1.42857142857143
"431","Amador County",2007-02-01,38,10,25,10,48,35,1.37142857142857
"432","Amador County",2007-03-01,38,10,24,10,48,34,1.41176470588235
"433","Amador County",2007-04-01,17,8,44,6,25,50,0.5
"434","Amador County",2007-05-01,33,10,28,8,43,36,1.19444444444444
"435","Amador County",2007-06-01,31,6,32,7,37,39,0.948717948717949
"436","Amador County",2007-07-01,33,5,37,11,38,48,0.791666666666667
"437","Amador County",2007-08-01,37,5,31,13,42,44,0.954545454545455
"438","Amador County",2007-09-01,52,12,18,5,64,23,2.78260869565217
"439","Amador County",2007-10-01,46,6,24,8,52,32,1.625
"440","Amador County",2007-11-01,41,6,24,6,47,30,1.56666666666667
"441","Amador County",2007-12-01,30,5,23,7,35,30,1.16666666666667
"442","Amador County",2008-01-01,31,10,58,9,41,67,0.611940298507463
"443","Amador County",2008-02-01,32,11,25,10,43,35,1.22857142857143
"444","Amador County",2008-03-01,29,12,28,13,41,41,1
"445","Amador County",2008-04-01,35,12,24,13,47,37,1.27027027027027
"446","Amador County",2008-05-01,33,10,27,12,43,39,1.1025641025641
"447","Amador County",2008-06-01,45,13,30,8,58,38,1.52631578947368
"448","Amador County",2008-07-01,38,9,34,12,47,46,1.02173913043478
"449","Amador County",2008-08-01,33,9,37,10,42,47,0.893617021276596
"450","Amador County",2008-09-01,29,12,38,10,41,48,0.854166666666667
"451","Amador County",2008-10-01,32,12,29,9,44,38,1.15789473684211
"452","Amador County",2008-11-01,34,15,26,10,49,36,1.36111111111111
"453","Amador County",2008-12-01,40,13,22,10,53,32,1.65625
"454","Amador County",2009-01-01,37,15,23,9,52,32,1.625
"455","Amador County",2009-02-01,41,15,25,7,56,32,1.75
"456","Amador County",2009-03-01,44,12,27,8,56,35,1.6
"457","Amador County",2009-04-01,37,10,27,6,47,33,1.42424242424242
"458","Amador County",2009-05-01,36,9,30,6,45,36,1.25
"459","Amador County",2009-06-01,35,8,32,8,43,40,1.075
"460","Amador County",2009-07-01,39,9,34,9,48,43,1.11627906976744
"461","Amador County",2009-08-01,37,9,34,8,46,42,1.0952380952381
"462","Amador County",2009-09-01,31,8,37,9,39,46,0.847826086956522
"463","Amador County",2009-10-01,34,10,33,9,44,42,1.04761904761905
"464","Amador County",2009-11-01,37,12,30,7,49,37,1.32432432432432
"465","Amador County",2009-12-01,30,10,33,9,40,42,0.952380952380952
"466","Amador County",2010-01-01,33,12,33,14,45,47,0.957446808510638
"467","Amador County",2010-02-01,30,10,38,12,40,50,0.8
"468","Amador County",2010-03-01,39,13,30,12,52,42,1.23809523809524
"469","Amador County",2010-04-01,37,8,26,10,45,36,1.25
"470","Amador County",2010-05-01,36,9,29,5,45,34,1.32352941176471
"471","Amador County",2010-06-01,43,8,34,5,51,39,1.30769230769231
"472","Amador County",2010-07-01,45,8,27,7,53,34,1.55882352941176
"473","Amador County",2010-08-01,42,9,28,9,51,37,1.37837837837838
"474","Amador County",2010-09-01,51,11,28,6,62,34,1.82352941176471
"475","Amador County",2010-10-01,46,9,33,7,55,40,1.375
"476","Amador County",2010-11-01,45,7,27,9,52,36,1.44444444444444
"477","Amador County",2010-12-01,39,5,33,8,44,41,1.07317073170732
"478","Amador County",2011-01-01,39,7,30,4,46,34,1.35294117647059
"479","Amador County",2011-02-01,35,9,22,2,44,24,1.83333333333333
"480","Amador County",2011-03-01,33,7,25,8,40,33,1.21212121212121
"481","Amador County",2011-04-01,33,7,21,8,40,29,1.37931034482759
"482","Amador County",2011-05-01,36,7,14,6,43,20,2.15
"483","Amador County",2011-06-01,32,4,23,6,36,29,1.24137931034483
"484","Amador County",2011-07-01,28,6,22,6,34,28,1.21428571428571
"485","Amador County",2011-08-01,30,7,25,9,37,34,1.08823529411765
"486","Amador County",2011-09-01,44,13,26,7,57,33,1.72727272727273
"487","Amador County",2011-10-01,50,10,25,5,60,30,2
"488","Amador County",2011-11-01,52,11,26,5,63,31,2.03225806451613
"489","Amador County",2011-12-01,55,7,28,9,62,37,1.67567567567568
"490","Amador County",2012-01-01,54,9,33,9,63,42,1.5
"491","Amador County",2012-02-01,52,10,37,9,62,46,1.34782608695652
"492","Amador County",2012-03-01,48,10,40,7,58,47,1.23404255319149
"493","Amador County",2012-04-01,44,9,38,4,53,42,1.26190476190476
"494","Amador County",2012-05-01,46,8,38,6,54,44,1.22727272727273
"495","Amador County",2012-06-01,48,5,35,9,53,44,1.20454545454545
"496","Amador County",2012-07-01,50,7,38,10,57,48,1.1875
"497","Amador County",2012-08-01,52,8,40,7,60,47,1.27659574468085
"498","Amador County",2012-09-01,49,9,46,6,58,52,1.11538461538462
"499","Amador County",2012-10-01,39,8,51,7,47,58,0.810344827586207
"500","Amador County",2012-11-01,38,7,42,4,45,46,0.978260869565217
"501","Amador County",2012-12-01,36,10,35,3,46,38,1.21052631578947
"502","Amador County",2013-01-01,43,10,37,8,53,45,1.17777777777778
"503","Amador County",2013-02-01,48,8,41,11,56,52,1.07692307692308
"504","Amador County",2013-03-01,47,11,37,8,58,45,1.28888888888889
"505","Amador County",2013-04-01,43,8,35,10,51,45,1.13333333333333
"506","Amador County",2013-05-01,47,7,36,9,54,45,1.2
"507","Amador County",2013-06-01,47,7,32,8,54,40,1.35
"508","Amador County",2013-07-01,46,9,29,8,55,37,1.48648648648649
"509","Amador County",2013-08-01,42,9,29,7,51,36,1.41666666666667
"510","Amador County",2013-09-01,42,10,26,9,52,35,1.48571428571429
"511","Amador County",2013-10-01,46,12,31,8,58,39,1.48717948717949
"512","Amador County",2013-11-01,39,10,36,10,49,46,1.06521739130435
"513","Amador County",2013-12-01,33,9,39,11,42,50,0.84
"514","Amador County",2014-01-01,35,10,35,13,45,48,0.9375
"515","Amador County",2014-02-01,36,12,28,12,48,40,1.2
"516","Amador County",2014-03-01,36,12,32,12,48,44,1.09090909090909
"517","Amador County",2014-04-01,37,10,39,13,47,52,0.903846153846154
"518","Amador County",2014-05-01,28,9,54,12,37,66,0.560606060606061
"519","Amador County",2014-06-01,49,9,34,14,58,48,1.20833333333333
"520","Amador County",2014-07-01,50,12,32,15,62,47,1.31914893617021
"521","Amador County",2014-08-01,49,11,34,16,60,50,1.2
"522","Amador County",2014-09-01,41,5,37,15,46,52,0.884615384615385
"523","Amador County",2014-10-01,43,8,33,14,51,47,1.08510638297872
"524","Amador County",2014-11-01,43,6,31,10,49,41,1.19512195121951
"525","Amador County",2014-12-01,39,4,28,8,43,36,1.19444444444444
"526","Amador County",2015-01-01,39,6,26,10,45,36,1.25
"527","Amador County",2015-02-01,36,9,26,15,45,41,1.09756097560976
"528","Amador County",2015-03-01,35,8,25,13,43,38,1.13157894736842
"529","Amador County",2015-04-01,38,5,29,12,43,41,1.04878048780488
"530","Amador County",2015-05-01,34,6,36,11,40,47,0.851063829787234
"531","Amador County",2015-06-01,39,6,29,11,45,40,1.125
"532","Amador County",2015-07-01,39,6,29,9,45,38,1.18421052631579
"533","Amador County",2015-08-01,51,7,28,7,58,35,1.65714285714286
"534","Amador County",2015-09-01,47,6,35,9,53,44,1.20454545454545
"535","Amador County",2015-10-01,43,6,39,8,49,47,1.04255319148936
"536","Amador County",2015-11-01,44,10,29,6,54,35,1.54285714285714
"537","Amador County",2015-12-01,39,10,29,9,49,38,1.28947368421053
"538","Amador County",2016-01-01,43,9,30,9,52,39,1.33333333333333
"539","Amador County",2016-02-01,45,9,33,10,54,43,1.25581395348837
"540","Amador County",2016-03-01,48,11,27,6,59,33,1.78787878787879
"541","Amador County",2016-04-01,50,10,20,6,60,26,2.30769230769231
"542","Amador County",2016-05-01,43,9,23,6,52,29,1.79310344827586
"543","Amador County",2016-06-01,36,6,26,9,42,35,1.2
"544","Amador County",2016-07-01,46,8,23,9,54,32,1.6875
"545","Amador County",2016-08-01,48,9,26,8,57,34,1.67647058823529
"546","Amador County",2016-09-01,49,9,29,5,58,34,1.70588235294118
"547","Amador County",2016-10-01,51,8,32,6,59,38,1.55263157894737
"548","Amador County",2016-11-01,40,8,41,9,48,50,0.96
"549","Amador County",2016-12-01,36,9,29,8,45,37,1.21621621621622
"550","Amador County",2017-01-01,34,10,29,7,44,36,1.22222222222222
"551","Amador County",2017-02-01,38,10,36,7,48,43,1.11627906976744
"552","Amador County",2017-03-01,36,9,31,7,45,38,1.18421052631579
"553","Amador County",2017-04-01,34,10,29,7,44,36,1.22222222222222
"554","Amador County",2017-05-01,39,10,30,8,49,38,1.28947368421053
"555","Amador County",2017-06-01,39,8,33,5,47,38,1.23684210526316
"556","Amador County",2017-07-01,40,10,32,7,50,39,1.28205128205128
"557","Amador County",2017-08-01,34,14,41,8,48,49,0.979591836734694
"558","Amador County",2017-09-01,34,14,34,8,48,42,1.14285714285714
"559","Amador County",2017-10-01,34,11,32,11,45,43,1.04651162790698
"560","Amador County",2017-11-01,30,10,38,9,40,47,0.851063829787234
"561","Amador County",2017-12-01,29,8,38,6,37,44,0.840909090909091
"562","Amador County",2018-01-01,30,7,38,6,37,44,0.840909090909091
"563","Amador County",2018-02-01,25,6,39,10,31,49,0.63265306122449
"564","Amador County",2018-03-01,31,9,42,9,40,51,0.784313725490196
"565","Amador County",2018-04-01,28,9,47,10,37,57,0.649122807017544
"566","Amador County",2018-05-01,36,7,50,11,43,61,0.704918032786885
"567","Amador County",2018-06-01,34,8,45,10,42,55,0.763636363636364
"568","Amador County",2018-07-01,29,8,45,11,37,56,0.660714285714286
"569","Amador County",2018-08-01,29,10,44,12,39,56,0.696428571428571
"570","Amador County",2018-09-01,27,11,42,11,38,53,0.716981132075472
"571","Amador County",2018-10-01,35,13,39,7,48,46,1.04347826086957
"572","Amador County",2018-11-01,33,13,46,9,46,55,0.836363636363636
"573","Amador County",2018-12-01,33,10,37,11,43,48,0.895833333333333
"574","Amador County",2019-01-01,28,10,33,9,38,42,0.904761904761905
"575","Amador County",2019-02-01,34,7,32,8,41,40,1.025
"576","Amador County",2019-03-01,28,7,31,11,35,42,0.833333333333333
"577","Amador County",2019-04-01,27,6,34,11,33,45,0.733333333333333
"578","Amador County",2019-05-01,28,8,33,11,36,44,0.818181818181818
"579","Amador County",2019-06-01,36,10,28,6,46,34,1.35294117647059
"580","Amador County",2019-07-01,34,7,32,9,41,41,1
"581","Amador County",2019-08-01,42,9,34,7,51,41,1.24390243902439
"582","Amador County",2019-09-01,48,10,31,7,58,38,1.52631578947368
"583","Amador County",2019-10-01,54,7,29,9,61,38,1.60526315789474
"584","Amador County",2019-11-01,60,9,28,9,69,37,1.86486486486486
"585","Amador County",2019-12-01,49,7,31,7,56,38,1.47368421052632
"586","Amador County",2020-01-01,41,5,29,8,46,37,1.24324324324324
"587","Amador County",2020-02-01,38,5,33,9,43,42,1.02380952380952
"588","Amador County",2020-03-01,36,4,31,6,40,37,1.08108108108108
"589","Butte County",1995-10-01,225,39,158,15,264,173,1.52601156069364
"590","Butte County",1995-11-01,203,35,154,16,238,170,1.4
"591","Butte County",1995-12-01,198,27,159,22,225,181,1.24309392265193
"592","Butte County",1996-01-01,211,25,138,18,236,156,1.51282051282051
"593","Butte County",1996-02-01,206,26,148,24,232,172,1.34883720930233
"594","Butte County",1996-03-01,207,28,159,24,235,183,1.28415300546448
"595","Butte County",1996-04-01,208,26,147,19,234,166,1.40963855421687
"596","Butte County",1996-05-01,215,32,147,24,247,171,1.44444444444444
"597","Butte County",1996-06-01,210,25,151,19,235,170,1.38235294117647
"598","Butte County",1996-07-01,204,27,166,23,231,189,1.22222222222222
"599","Butte County",1996-08-01,206,29,156,23,235,179,1.31284916201117
"600","Butte County",1996-09-01,222,35,135,18,257,153,1.6797385620915
"601","Butte County",1996-10-01,210,28,157,23,238,180,1.32222222222222
"602","Butte County",1996-11-01,195,19,163,31,214,194,1.10309278350515
"603","Butte County",1996-12-01,194,26,149,28,220,177,1.24293785310734
"604","Butte County",1997-01-01,217,25,157,21,242,178,1.35955056179775
"605","Butte County",1997-02-01,203,24,163,27,227,190,1.19473684210526
"606","Butte County",1997-03-01,198,34,144,34,232,178,1.30337078651685
"607","Butte County",1997-04-01,193,22,155,25,215,180,1.19444444444444
"608","Butte County",1997-05-01,205,29,143,25,234,168,1.39285714285714
"609","Butte County",1997-06-01,219,33,126,24,252,150,1.68
"610","Butte County",1997-07-01,225,43,118,17,268,135,1.98518518518519
"611","Butte County",1997-08-01,207,32,129,27,239,156,1.53205128205128
"612","Butte County",1997-09-01,237,24,146,13,261,159,1.64150943396226
"613","Butte County",1997-10-01,217,19,148,19,236,167,1.41317365269461
"614","Butte County",1997-11-01,222,33,132,10,255,142,1.79577464788732
"615","Butte County",1997-12-01,226,32,116,16,258,132,1.95454545454545
"616","Butte County",1998-01-01,198,33,152,27,231,179,1.29050279329609
"617","Butte County",1998-02-01,217,30,127,28,247,155,1.59354838709677
"618","Butte County",1998-03-01,240,35,139,27,275,166,1.6566265060241
"619","Butte County",1998-04-01,230,40,163,28,270,191,1.41361256544503
"620","Butte County",1998-05-01,225,34,146,32,259,178,1.45505617977528
"621","Butte County",1998-06-01,231,26,150,32,257,182,1.41208791208791
"622","Butte County",1998-07-01,204,30,147,28,234,175,1.33714285714286
"623","Butte County",1998-08-01,202,34,118,24,236,142,1.66197183098592
"624","Butte County",1998-09-01,225,36,110,21,261,131,1.99236641221374
"625","Butte County",1998-10-01,207,39,134,19,246,153,1.6078431372549
"626","Butte County",1998-11-01,212,43,121,16,255,137,1.86131386861314
"627","Butte County",1998-12-01,202,37,125,16,239,141,1.69503546099291
"628","Butte County",1999-01-01,241,36,109,26,277,135,2.05185185185185
"629","Butte County",1999-02-01,255,37,113,33,292,146,2
"630","Butte County",1999-03-01,245,36,123,27,281,150,1.87333333333333
"631","Butte County",1999-04-01,237,32,135,31,269,166,1.62048192771084
"632","Butte County",1999-05-01,242,40,125,23,282,148,1.90540540540541
"633","Butte County",1999-06-01,230,32,127,22,262,149,1.75838926174497
"634","Butte County",1999-07-01,222,34,146,24,256,170,1.50588235294118
"635","Butte County",1999-08-01,244,36,135,25,280,160,1.75
"636","Butte County",1999-09-01,241,43,148,32,284,180,1.57777777777778
"637","Butte County",1999-10-01,219,41,150,34,260,184,1.41304347826087
"638","Butte County",1999-11-01,223,44,129,33,267,162,1.64814814814815
"639","Butte County",1999-12-01,221,47,106,24,268,130,2.06153846153846
"640","Butte County",2000-01-01,263,39,88,17,302,105,2.87619047619048
"641","Butte County",2000-02-01,290,30,79,20,320,99,3.23232323232323
"642","Butte County",2000-03-01,290,32,98,34,322,132,2.43939393939394
"643","Butte County",2000-04-01,291,43,96,26,334,122,2.73770491803279
"644","Butte County",2000-05-01,272,35,132,25,307,157,1.95541401273885
"645","Butte County",2000-06-01,282,44,130,17,326,147,2.21768707482993
"646","Butte County",2000-07-01,321,41,117,19,362,136,2.66176470588235
"647","Butte County",2000-08-01,305,43,129,14,348,143,2.43356643356643
"648","Butte County",2000-09-01,327,40,123,11,367,134,2.73880597014925
"649","Butte County",2000-10-01,301,42,124,21,343,145,2.36551724137931
"650","Butte County",2000-11-01,284,39,146,23,323,169,1.9112426035503
"651","Butte County",2000-12-01,279,31,151,28,310,179,1.73184357541899
"652","Butte County",2001-01-01,293,42,136,24,335,160,2.09375
"653","Butte County",2001-02-01,265,41,140,26,306,166,1.8433734939759
"654","Butte County",2001-03-01,274,40,148,27,314,175,1.79428571428571
"655","Butte County",2001-04-01,288,33,149,27,321,176,1.82386363636364
"656","Butte County",2001-05-01,281,36,160,22,317,182,1.74175824175824
"657","Butte County",2001-06-01,259,45,158,18,304,176,1.72727272727273
"658","Butte County",2001-07-01,245,41,139,20,286,159,1.79874213836478
"659","Butte County",2001-08-01,37,251,131,22,288,153,1.88235294117647
"660","Butte County",2001-09-01,260,38,143,20,298,163,1.82822085889571
"661","Butte County",2001-10-01,288,40,131,26,328,157,2.08917197452229
"662","Butte County",2001-11-01,296,45,152,22,341,174,1.95977011494253
"663","Butte County",2001-12-01,284,46,152,14,330,166,1.98795180722892
"664","Butte County",2002-01-01,282,40,153,15,322,168,1.91666666666667
"665","Butte County",2002-02-01,283,36,153,21,319,174,1.83333333333333
"666","Butte County",2002-03-01,257,31,166,25,288,191,1.50785340314136
"667","Butte County",2002-04-01,259,30,153,28,289,181,1.59668508287293
"668","Butte County",2002-05-01,269,34,145,26,303,171,1.7719298245614
"669","Butte County",2002-06-01,247,33,174,22,280,196,1.42857142857143
"670","Butte County",2002-07-01,250,32,174,30,282,204,1.38235294117647
"671","Butte County",2002-08-01,247,33,167,24,280,191,1.46596858638743
"672","Butte County",2002-09-01,259,36,170,26,295,196,1.50510204081633
"673","Butte County",2002-10-01,269,37,168,22,306,190,1.61052631578947
"674","Butte County",2002-11-01,269,41,169,19,310,188,1.64893617021277
"675","Butte County",2002-12-01,281,38,160,14,319,174,1.83333333333333
"676","Butte County",2003-01-01,291,42,161,18,333,179,1.86033519553073
"677","Butte County",2003-02-01,253,38,149,21,291,170,1.71176470588235
"678","Butte County",2003-03-01,285,33,157,34,318,191,1.66492146596859
"679","Butte County",2003-04-01,257,39,184,28,296,212,1.39622641509434
"680","Butte County",2003-05-01,273,46,188,24,319,212,1.50471698113208
"681","Butte County",2003-06-01,264,45,171,22,309,193,1.60103626943005
"682","Butte County",2003-07-01,276,48,169,27,324,196,1.6530612244898
"683","Butte County",2003-08-01,280,52,171,27,332,198,1.67676767676768
"684","Butte County",2003-09-01,274,53,174,25,327,199,1.64321608040201
"685","Butte County",2003-10-01,277,52,161,26,329,187,1.75935828877005
"686","Butte County",2003-11-01,272,46,140,28,318,168,1.89285714285714
"687","Butte County",2003-12-01,277,48,159,27,325,186,1.74731182795699
"688","Butte County",2004-01-01,263,42,174,29,305,203,1.50246305418719
"689","Butte County",2004-02-01,267,45,170,31,312,201,1.55223880597015
"690","Butte County",2004-03-01,270,51,157,24,321,181,1.77348066298343
"691","Butte County",2004-04-01,260,50,149,25,310,174,1.7816091954023
"692","Butte County",2004-05-01,264,47,165,29,311,194,1.60309278350515
"693","Butte County",2004-06-01,261,39,156,31,300,187,1.60427807486631
"694","Butte County",2004-07-01,279,47,159,27,326,186,1.75268817204301
"695","Butte County",2004-08-01,276,59,183,28,335,211,1.58767772511848
"696","Butte County",2004-09-01,272,52,184,35,324,219,1.47945205479452
"697","Butte County",2004-10-01,276,47,182,38,323,220,1.46818181818182
"698","Butte County",2004-11-01,249,43,177,37,292,214,1.36448598130841
"699","Butte County",2004-12-01,249,43,177,37,292,214,1.36448598130841
"700","Butte County",2005-01-01,243,41,160,45,284,205,1.38536585365854
"701","Butte County",2005-02-01,252,36,161,48,288,209,1.37799043062201
"702","Butte County",2005-03-01,268,43,160,41,311,201,1.54726368159204
"703","Butte County",2005-04-01,265,47,167,37,312,204,1.52941176470588
"704","Butte County",2005-05-01,249,42,155,42,291,197,1.47715736040609
"705","Butte County",2005-06-01,250,44,158,39,294,197,1.49238578680203
"706","Butte County",2005-07-01,253,48,149,39,301,188,1.60106382978723
"707","Butte County",2005-08-01,280,54,151,35,334,186,1.79569892473118
"708","Butte County",2005-09-01,278,52,164,36,330,200,1.65
"709","Butte County",2005-10-01,279,45,172,40,324,212,1.52830188679245
"710","Butte County",2005-11-01,273,47,196,42,320,238,1.34453781512605
"711","Butte County",2005-12-01,257,43,190,37,300,227,1.3215859030837
"712","Butte County",2006-01-01,274,51,197,36,325,233,1.39484978540773
"713","Butte County",2006-02-01,253,43,198,46,296,244,1.21311475409836
"714","Butte County",2006-03-01,237,43,186,40,280,226,1.23893805309735
"715","Butte County",2006-04-01,237,43,186,40,280,226,1.23893805309735
"716","Butte County",2006-05-01,222,43,169,47,265,216,1.22685185185185
"717","Butte County",2006-06-01,233,51,182,39,284,221,1.28506787330317
"718","Butte County",2006-07-01,235,40,191,44,275,235,1.17021276595745
"719","Butte County",2006-08-01,261,36,186,52,297,238,1.24789915966387
"720","Butte County",2006-09-01,251,44,195,40,295,235,1.25531914893617
"721","Butte County",2006-10-01,256,40,192,43,296,235,1.25957446808511
"722","Butte County",2006-11-01,242,33,178,47,275,225,1.22222222222222
"723","Butte County",2006-12-01,231,39,161,44,270,205,1.31707317073171
"724","Butte County",2007-01-01,237,36,166,42,273,208,1.3125
"725","Butte County",2007-02-01,213,35,172,39,248,211,1.17535545023697
"726","Butte County",2007-03-01,206,40,168,39,246,207,1.18840579710145
"727","Butte County",2007-04-01,219,47,157,41,266,198,1.34343434343434
"728","Butte County",2007-05-01,239,42,154,44,281,198,1.41919191919192
"729","Butte County",2007-06-01,257,35,162,48,292,210,1.39047619047619
"730","Butte County",2007-07-01,284,34,165,40,318,205,1.55121951219512
"731","Butte County",2007-08-01,298,39,161,42,337,203,1.66009852216749
"732","Butte County",2007-09-01,297,44,155,43,341,198,1.72222222222222
"733","Butte County",2007-10-01,285,44,152,41,329,193,1.70466321243523
"734","Butte County",2007-11-01,277,47,136,40,324,176,1.84090909090909
"735","Butte County",2007-12-01,263,46,141,41,309,182,1.6978021978022
"736","Butte County",2008-01-01,263,49,136,37,312,173,1.80346820809249
"737","Butte County",2008-02-01,259,44,145,38,303,183,1.65573770491803
"738","Butte County",2008-03-01,254,37,138,38,291,176,1.65340909090909
"739","Butte County",2008-04-01,245,41,124,41,286,165,1.73333333333333
"740","Butte County",2008-05-01,248,46,147,43,294,190,1.54736842105263
"741","Butte County",2008-06-01,267,42,131,39,309,170,1.81764705882353
"742","Butte County",2008-07-01,269,54,135,32,323,167,1.93413173652695
"743","Butte County",2008-08-01,266,48,139,38,314,177,1.77401129943503
"744","Butte County",2008-09-01,268,45,144,42,313,186,1.68279569892473
"745","Butte County",2008-10-01,264,48,139,39,312,178,1.75280898876405
"746","Butte County",2008-11-01,249,39,156,37,288,193,1.49222797927461
"747","Butte County",2008-12-01,237,43,145,30,280,175,1.6
"748","Butte County",2009-01-01,219,40,150,41,259,191,1.35602094240838
"749","Butte County",2009-02-01,225,31,139,48,256,187,1.36898395721925
"750","Butte County",2009-03-01,230,35,141,44,265,185,1.43243243243243
"751","Butte County",2009-04-01,233,37,141,46,270,187,1.44385026737968
"752","Butte County",2009-05-01,304,47,127,38,351,165,2.12727272727273
"753","Butte County",2009-06-01,366,47,118,29,413,147,2.80952380952381
"754","Butte County",2009-07-01,369,43,112,29,412,141,2.92198581560284
"755","Butte County",2009-08-01,352,39,119,29,391,148,2.64189189189189
"756","Butte County",2009-09-01,360,47,113,26,407,139,2.92805755395683
"757","Butte County",2009-10-01,337,51,132,26,388,158,2.45569620253165
"758","Butte County",2009-11-01,337,51,132,26,388,158,2.45569620253165
"759","Butte County",2009-12-01,339,40,114,36,379,150,2.52666666666667
"760","Butte County",2010-01-01,366,39,106,35,405,141,2.87234042553191
"761","Butte County",2010-02-01,378,43,103,26,421,129,3.26356589147287
"762","Butte County",2010-03-01,360,50,111,26,410,137,2.99270072992701
"763","Butte County",2010-04-01,355,48,125,24,403,149,2.70469798657718
"764","Butte County",2010-05-01,357,49,110,26,406,136,2.98529411764706
"765","Butte County",2010-06-01,365,56,113,19,421,132,3.18939393939394
"766","Butte County",2010-07-01,360,54,111,22,414,133,3.11278195488722
"767","Butte County",2010-08-01,371,57,116,19,428,135,3.17037037037037
"768","Butte County",2010-09-01,373,48,104,26,421,130,3.23846153846154
"769","Butte County",2010-10-01,367,47,104,29,414,133,3.11278195488722
"770","Butte County",2010-11-01,350,45,120,24,395,144,2.74305555555556
"771","Butte County",2010-12-01,362,39,110,24,401,134,2.99253731343284
"772","Butte County",2011-01-01,369,37,116,21,406,137,2.96350364963504
"773","Butte County",2011-02-01,362,38,123,23,400,146,2.73972602739726
"774","Butte County",2011-03-01,365,38,118,23,403,141,2.85815602836879
"775","Butte County",2011-04-01,373,48,117,24,421,141,2.98581560283688
"776","Butte County",2011-05-01,382,50,114,25,432,139,3.10791366906475
"777","Butte County",2011-06-01,355,48,122,26,403,148,2.72297297297297
"778","Butte County",2011-07-01,377,53,116,22,430,138,3.11594202898551
"779","Butte County",2011-08-01,390,55,112,21,445,133,3.34586466165414
"780","Butte County",2011-09-01,394,51,105,23,445,128,3.4765625
"781","Butte County",2011-10-01,401,42,103,27,443,130,3.40769230769231
"782","Butte County",2011-11-01,401,37,115,28,438,143,3.06293706293706
"783","Butte County",2011-12-01,399,32,128,29,431,157,2.74522292993631
"784","Butte County",2012-01-01,394,37,133,25,431,158,2.72784810126582
"785","Butte County",2012-02-01,400,40,125,21,440,146,3.01369863013699
"786","Butte County",2012-03-01,387,47,137,15,434,152,2.85526315789474
"787","Butte County",2012-04-01,384,44,130,19,428,149,2.87248322147651
"788","Butte County",2012-05-01,382,44,135,20,426,155,2.74838709677419
"789","Butte County",2012-06-01,390,40,130,23,430,153,2.81045751633987
"790","Butte County",2012-07-01,407,44,115,18,451,133,3.39097744360902
"791","Butte County",2012-08-01,407,46,120,17,453,137,3.30656934306569
"792","Butte County",2012-09-01,416,40,118,23,456,141,3.23404255319149
"793","Butte County",2012-10-01,410,41,120,22,451,142,3.17605633802817
"794","Butte County",2012-11-01,398,46,127,19,444,146,3.04109589041096
"795","Butte County",2012-12-01,400,47,130,16,447,146,3.06164383561644
"796","Butte County",2013-01-01,397,47,136,17,444,153,2.90196078431373
"797","Butte County",2013-02-01,387,51,139,19,438,158,2.77215189873418
"798","Butte County",2013-03-01,382,57,130,22,439,152,2.88815789473684
"799","Butte County",2013-04-01,359,55,156,25,414,181,2.28729281767956
"800","Butte County",2013-05-01,342,56,176,25,398,201,1.98009950248756
"801","Butte County",2013-06-01,351,50,166,30,401,196,2.04591836734694
"802","Butte County",2013-07-01,358,48,152,32,406,184,2.20652173913043
"803","Butte County",2013-08-01,363,46,152,33,409,185,2.21081081081081
"804","Butte County",2013-09-01,346,45,171,33,391,204,1.91666666666667
"805","Butte County",2013-10-01,329,50,184,29,379,213,1.77934272300469
"806","Butte County",2013-11-01,332,48,185,30,380,215,1.76744186046512
"807","Butte County",2013-12-01,325,44,187,33,369,220,1.67727272727273
"808","Butte County",2014-01-01,332,49,175,31,381,206,1.8495145631068
"809","Butte County",2014-02-01,315,56,177,37,371,214,1.73364485981308
"810","Butte County",2014-03-01,304,64,190,31,368,221,1.66515837104072
"811","Butte County",2014-04-01,300,63,194,31,363,225,1.61333333333333
"812","Butte County",2014-05-01,312,60,185,34,372,219,1.6986301369863
"813","Butte County",2014-06-01,307,58,192,36,365,228,1.60087719298246
"814","Butte County",2014-07-01,306,57,188,38,363,226,1.60619469026549
"815","Butte County",2014-08-01,297,58,196,39,355,235,1.51063829787234
"816","Butte County",2014-09-01,299,55,205,38,354,243,1.45679012345679
"817","Butte County",2014-10-01,286,57,211,39,343,250,1.372
"818","Butte County",2014-11-01,271,54,214,40,325,254,1.27952755905512
"819","Butte County",2014-12-01,237,45,232,43,282,275,1.02545454545455
"820","Butte County",2015-01-01,251,48,225,43,299,268,1.11567164179104
"821","Butte County",2015-02-01,269,47,215,42,316,257,1.2295719844358
"822","Butte County",2015-03-01,277,45,200,46,322,246,1.30894308943089
"823","Butte County",2015-04-01,267,42,206,44,309,250,1.236
"824","Butte County",2015-05-01,283,43,208,42,326,250,1.304
"825","Butte County",2015-06-01,285,45,211,42,330,253,1.30434782608696
"826","Butte County",2015-07-01,291,49,201,42,340,243,1.39917695473251
"827","Butte County",2015-08-01,307,47,188,45,354,233,1.51931330472103
"828","Butte County",2015-09-01,307,44,189,49,351,238,1.47478991596639
"829","Butte County",2015-10-01,309,49,191,39,358,230,1.55652173913043
"830","Butte County",2015-11-01,291,51,210,33,342,243,1.40740740740741
"831","Butte County",2015-12-01,293,45,210,33,338,243,1.39094650205761
"832","Butte County",2016-01-01,294,45,204,33,339,237,1.43037974683544
"833","Butte County",2016-02-01,295,44,200,34,339,234,1.44871794871795
"834","Butte County",2016-03-01,288,43,216,35,331,251,1.31872509960159
"835","Butte County",2016-04-01,282,36,227,42,318,269,1.182156133829
"836","Butte County",2016-05-01,291,44,212,35,335,247,1.35627530364372
"837","Butte County",2016-06-01,303,45,204,34,348,238,1.46218487394958
"838","Butte County",2016-07-01,321,47,196,32,368,228,1.6140350877193
"839","Butte County",2016-08-01,310,50,204,32,360,236,1.52542372881356
"840","Butte County",2016-09-01,305,46,214,33,351,247,1.42105263157895
"841","Butte County",2016-10-01,298,46,209,34,344,243,1.4156378600823
"842","Butte County",2016-11-01,280,44,212,35,324,247,1.31174089068826
"843","Butte County",2016-12-01,275,39,207,39,314,246,1.27642276422764
"844","Butte County",2017-01-01,287,44,200,32,331,232,1.42672413793103
"845","Butte County",2017-02-01,298,49,190,31,347,221,1.57013574660633
"846","Butte County",2017-03-01,319,54,188,25,373,213,1.75117370892019
"847","Butte County",2017-04-01,308,51,191,29,359,220,1.63181818181818
"848","Butte County",2017-05-01,299,51,198,29,350,227,1.54185022026432
"849","Butte County",2017-06-01,302,51,192,29,353,221,1.5972850678733
"850","Butte County",2017-07-01,299,49,201,30,348,231,1.50649350649351
"851","Butte County",2017-08-01,301,47,178,33,348,211,1.64928909952607
"852","Butte County",2017-09-01,309,50,172,30,359,202,1.77722772277228
"853","Butte County",2017-10-01,322,54,163,26,376,189,1.98941798941799
"854","Butte County",2017-11-01,312,50,182,29,362,211,1.71563981042654
"855","Butte County",2017-12-01,305,47,182,33,352,215,1.63720930232558
"856","Butte County",2018-01-01,302,47,168,32,349,200,1.745
"857","Butte County",2018-02-01,283,54,174,29,337,203,1.66009852216749
"858","Butte County",2018-03-01,274,50,183,31,324,214,1.51401869158878
"859","Butte County",2018-04-01,299,56,181,25,355,206,1.72330097087379
"860","Butte County",2018-05-01,303,57,181,23,360,204,1.76470588235294
"861","Butte County",2018-06-01,310,56,171,23,366,194,1.88659793814433
"862","Butte County",2018-07-01,324,50,171,31,374,202,1.85148514851485
"863","Butte County",2018-08-01,318,51,172,30,369,202,1.82673267326733
"864","Butte County",2018-09-01,297,50,163,31,347,194,1.78865979381443
"865","Butte County",2018-10-01,310,54,155,42,364,197,1.84771573604061
"866","Butte County",2018-11-01,307,62,158,40,369,198,1.86363636363636
"867","Butte County",2018-12-01,317,58,152,39,375,191,1.96335078534031
"868","Butte County",2019-01-01,308,61,164,39,369,203,1.81773399014778
"869","Butte County",2019-02-01,309,56,167,39,365,206,1.77184466019417
"870","Butte County",2019-03-01,306,55,165,32,361,197,1.83248730964467
"871","Butte County",2019-04-01,305,56,150,35,361,185,1.95135135135135
"872","Butte County",2019-05-01,321,56,144,37,377,181,2.0828729281768
"873","Butte County",2019-06-01,322,56,158,35,378,193,1.95854922279793
"874","Butte County",2019-07-01,314,58,163,41,372,204,1.82352941176471
"875","Butte County",2019-08-01,315,57,161,40,372,201,1.85074626865672
"876","Butte County",2019-09-01,321,49,154,42,370,196,1.88775510204082
"877","Butte County",2019-10-01,332,58,138,38,390,176,2.21590909090909
"878","Butte County",2019-11-01,322,52,144,42,374,186,2.01075268817204
"879","Butte County",2019-12-01,306,47,153,32,353,185,1.90810810810811
"880","Butte County",2020-01-01,317,53,146,28,370,174,2.1264367816092
"881","Butte County",2020-02-01,310,59,159,34,369,193,1.9119170984456
"882","Butte County",2020-03-01,290,57,161,36,347,197,1.76142131979695
"883","Calaveras County",1995-10-01,20.8,0.4,29.6,3.9,21.2,33.5,0.632835820895522
"884","Calaveras County",1995-11-01,18.5,1.3,30,4.5,19.8,34.5,0.573913043478261
"885","Calaveras County",1995-12-01,19.7,1.4,30.2,4.1,21.1,34.3,0.615160349854227
"886","Calaveras County",1996-01-01,27.4,1.7,23.1,3.2,29.1,26.3,1.106463878327
"887","Calaveras County",1996-02-01,25,3.2,25.4,2.1,28.2,27.5,1.02545454545455
"888","Calaveras County",1996-03-01,20,4.5,25.9,3.3,24.5,29.2,0.839041095890411
"889","Calaveras County",1996-04-01,23.4,3.6,23.2,4.8,27,28,0.964285714285714
"890","Calaveras County",1996-05-01,16.9,2.7,29.7,6,19.6,35.7,0.549019607843137
"891","Calaveras County",1996-06-01,20.6,2.6,26.8,5.1,23.2,31.9,0.727272727272727
"892","Calaveras County",1996-07-01,18.6,2.6,26.7,5.4,21.2,32.1,0.660436137071651
"893","Calaveras County",1996-08-01,17.7,2.5,27.3,5.3,20.2,32.6,0.619631901840491
"894","Calaveras County",1996-09-01,20.6,2.6,26.8,5.1,23.2,31.9,0.727272727272727
"895","Calaveras County",1996-10-01,23.4,3.9,22.3,3.9,27.3,26.2,1.04198473282443
"896","Calaveras County",1996-11-01,23.9,2.1,23.3,3.8,26,27.1,0.959409594095941
"897","Calaveras County",1996-12-01,22,2,22.9,4.5,24,27.4,0.875912408759124
"898","Calaveras County",1997-01-01,20,1.9,24.3,6.1,21.9,30.4,0.720394736842105
"899","Calaveras County",1997-02-01,17.9,2.6,22.5,5.2,20.5,27.7,0.740072202166065
"900","Calaveras County",1997-03-01,15.9,3.5,24.5,4.5,19.4,29,0.668965517241379
"901","Calaveras County",1997-04-01,18.3,4.5,28.1,3.1,22.8,31.2,0.730769230769231
"902","Calaveras County",1997-05-01,17.5,5.8,24.3,2.7,23.3,27,0.862962962962963
"903","Calaveras County",1997-06-01,16.8,3.1,23.6,4.9,19.9,28.5,0.698245614035088
"904","Calaveras County",1997-07-01,16.4,2.2,29.8,5.9,18.6,35.7,0.521008403361344
"905","Calaveras County",1997-08-01,16.5,2.2,30.3,5.6,18.7,35.9,0.520891364902507
"906","Calaveras County",1997-09-01,20.1,1.3,24.7,7.2,21.4,31.9,0.670846394984326
"907","Calaveras County",1997-10-01,17.9,0.9,21.4,5.9,18.8,27.3,0.688644688644689
"908","Calaveras County",1997-11-01,17.6,0.8,28.6,6.5,18.4,35.1,0.524216524216524
"909","Calaveras County",1997-12-01,17.6,0.9,29.7,4.7,18.5,34.4,0.537790697674419
"910","Calaveras County",1998-01-01,16.5,1.9,32.3,4.2,18.4,36.5,0.504109589041096
"911","Calaveras County",1998-02-01,16.3,3.6,28.8,3,19.9,31.8,0.625786163522013
"912","Calaveras County",1998-03-01,18.9,3.2,29.6,3.3,22.1,32.9,0.671732522796353
"913","Calaveras County",1998-04-01,15.6,1.4,27.8,4.6,17,32.4,0.524691358024691
"914","Calaveras County",1998-05-01,15.3,0.9,28.7,5.4,16.2,34.1,0.475073313782991
"915","Calaveras County",1998-06-01,11.9,1.9,27.4,4.5,13.8,31.9,0.432601880877743
"916","Calaveras County",1998-07-01,11.6,1.7,25.7,4.3,13.3,30,0.443333333333333
"917","Calaveras County",1998-08-01,18.5,2.7,21,2.7,21.2,23.7,0.894514767932489
"918","Calaveras County",1998-09-01,17.8,3.7,21.7,4.9,21.5,26.6,0.808270676691729
"919","Calaveras County",1998-10-01,15,2.9,23.4,5.1,17.9,28.5,0.628070175438596
"920","Calaveras County",1998-11-01,13.5,1.8,21.7,4.2,15.3,25.9,0.590733590733591
"921","Calaveras County",1998-12-01,15.8,1.9,19.3,3.4,17.7,22.7,0.779735682819383
"922","Calaveras County",1999-01-01,16.6,2.5,30.5,4.8,19.1,35.3,0.541076487252125
"923","Calaveras County",1999-02-01,14.5,2.1,34.9,2.1,16.6,37,0.448648648648649
"924","Calaveras County",1999-03-01,13.8,1.2,33.5,3.8,15,37.3,0.402144772117963
"925","Calaveras County",1999-04-01,18.7,1.8,30.7,3.3,20.5,34,0.602941176470588
"926","Calaveras County",1999-05-01,19.5,2.8,25.6,3.5,22.3,29.1,0.766323024054983
"927","Calaveras County",1999-06-01,25.3,2.4,24,1.9,27.7,25.9,1.06949806949807
"928","Calaveras County",1999-07-01,18.7,1.2,27.5,5.1,19.9,32.6,0.610429447852761
"929","Calaveras County",1999-08-01,17.5,2.4,23.5,3.4,19.9,26.9,0.739776951672862
"930","Calaveras County",1999-09-01,17.8,3.1,28.4,3.5,20.9,31.9,0.655172413793104
"931","Calaveras County",1999-10-01,17.5,3.5,23.7,2.1,21,25.8,0.813953488372093
"932","Calaveras County",1999-11-01,16.6,2.1,22.3,1.6,18.7,23.9,0.782426778242678
"933","Calaveras County",1999-12-01,13.7,2.1,21.2,1.5,15.8,22.7,0.696035242290749
"934","Calaveras County",2000-01-01,13.1,2.4,22.4,0.2,15.5,22.6,0.685840707964602
"935","Calaveras County",2000-02-01,15.2,3.3,30.6,1.6,18.5,32.2,0.574534161490683
"936","Calaveras County",2000-03-01,14.5,3.6,29.5,1.5,18.1,31,0.583870967741935
"937","Calaveras County",2000-04-01,13.1,3.8,24,0.9,16.9,24.9,0.678714859437751
"938","Calaveras County",2000-05-01,19.7,2.5,15.2,1.3,22.2,16.5,1.34545454545455
"939","Calaveras County",2000-06-01,26.3,3.1,19.8,1.9,29.4,21.7,1.35483870967742
"940","Calaveras County",2000-07-01,16.6,5,16.6,1.5,21.6,18.1,1.19337016574586
"941","Calaveras County",2000-08-01,15.1,1.4,18.6,2.3,16.5,20.9,0.789473684210526
"942","Calaveras County",2000-09-01,15.6,1.4,19.7,3,17,22.7,0.748898678414097
"943","Calaveras County",2000-10-01,13.3,1.5,16.8,1.6,14.8,18.4,0.804347826086956
"944","Calaveras County",2000-11-01,20,1.5,17.3,0.5,21.5,17.8,1.20786516853933
"945","Calaveras County",2000-12-01,23.2,1.8,18.3,0.8,25,19.1,1.30890052356021
"946","Calaveras County",2001-01-01,17,1,22,4,18,26,0.692307692307692
"947","Calaveras County",2001-02-01,18,2,27,4,20,31,0.645161290322581
"948","Calaveras County",2001-03-01,22,3,20,4,25,24,1.04166666666667
"949","Calaveras County",2001-04-01,22,4,21,3,26,24,1.08333333333333
"950","Calaveras County",2001-05-01,25,2,23,3,27,26,1.03846153846154
"951","Calaveras County",2001-06-01,26,0,31,0,26,31,0.838709677419355
"952","Calaveras County",2001-07-01,25,1,30,1,26,31,0.838709677419355
"953","Calaveras County",2001-08-01,32,4,23,5,36,28,1.28571428571429
"954","Calaveras County",2001-09-01,33,2,19,4,35,23,1.52173913043478
"955","Calaveras County",2001-10-01,37,3,20,4,40,24,1.66666666666667
"956","Calaveras County",2001-11-01,34,4,18,1,38,19,2
"957","Calaveras County",2001-12-01,34,4,14,3,38,17,2.23529411764706
"958","Calaveras County",2002-01-01,32,4,27,3,36,30,1.2
"959","Calaveras County",2002-02-01,33,4,31,4,37,35,1.05714285714286
"960","Calaveras County",2002-03-01,33,7,29,5,40,34,1.17647058823529
"961","Calaveras County",2002-04-01,29,8,31,3,37,34,1.08823529411765
"962","Calaveras County",2002-05-01,31,5,30,4,36,34,1.05882352941176
"963","Calaveras County",2002-06-01,40,4,27,4,44,31,1.41935483870968
"964","Calaveras County",2002-07-01,43,4,26,2,47,28,1.67857142857143
"965","Calaveras County",2002-08-01,41,4,28,2,45,30,1.5
"966","Calaveras County",2002-09-01,40,6,26,3,46,29,1.58620689655172
"967","Calaveras County",2002-10-01,42,7,24,4,49,28,1.75
"968","Calaveras County",2002-11-01,42,9,22,2,51,24,2.125
"969","Calaveras County",2002-12-01,44,4,22,2,48,24,2
"970","Calaveras County",2003-01-01,38,6,31,2,44,33,1.33333333333333
"971","Calaveras County",2003-02-01,41,8,24,1,49,25,1.96
"972","Calaveras County",2003-03-01,46,8,19,2,54,21,2.57142857142857
"973","Calaveras County",2003-04-01,43,6,23,4,49,27,1.81481481481481
"974","Calaveras County",2003-05-01,39,6,29,5,45,34,1.32352941176471
"975","Calaveras County",2003-06-01,34,7,31,5,41,36,1.13888888888889
"976","Calaveras County",2003-07-01,42,7,24,4,49,28,1.75
"977","Calaveras County",2003-08-01,43,6,23,4,49,27,1.81481481481481
"978","Calaveras County",2003-09-01,44,7,22,4,51,26,1.96153846153846
"979","Calaveras County",2003-10-01,37,4,27,6,41,33,1.24242424242424
"980","Calaveras County",2003-11-01,32,5,31,6,37,37,1
"981","Calaveras County",2003-12-01,30,6,35,4,36,39,0.923076923076923
"982","Calaveras County",2004-01-01,39,6,25,5,45,30,1.5
"983","Calaveras County",2004-02-01,43,8,22,3,51,25,2.04
"984","Calaveras County",2004-03-01,42,8,24,3,50,27,1.85185185185185
"985","Calaveras County",2004-04-01,44,7,24,3,51,27,1.88888888888889
"986","Calaveras County",2004-05-01,41,7,27,2,48,29,1.6551724137931
"987","Calaveras County",2004-06-01,39,8,28,1,47,29,1.62068965517241
"988","Calaveras County",2004-07-01,39,8,28,2,47,30,1.56666666666667
"989","Calaveras County",2004-08-01,41,8,26,2,49,28,1.75
"990","Calaveras County",2004-09-01,46,8,20,2,54,22,2.45454545454545
"991","Calaveras County",2004-10-01,46,6,22,3,52,25,2.08
"992","Calaveras County",2004-11-01,43,7,25,3,50,28,1.78571428571429
"993","Calaveras County",2004-12-01,40,7,27,3,47,30,1.56666666666667
"994","Calaveras County",2005-01-01,40,6,30,2,46,32,1.4375
"995","Calaveras County",2005-02-01,38,8,28,1,46,29,1.58620689655172
"996","Calaveras County",2005-03-01,42,5,25,4,47,29,1.62068965517241
"997","Calaveras County",2005-04-01,44,4,24,3,48,27,1.77777777777778
"998","Calaveras County",2005-05-01,42,6,27,3,48,30,1.6
"999","Calaveras County",2005-06-01,39,7,28,3,46,31,1.48387096774194
"1000","Calaveras County",2005-07-01,39,7,28,2,46,30,1.53333333333333
"1001","Calaveras County",2005-08-01,43,7,24,1,50,25,2
"1002","Calaveras County",2005-09-01,44,9,19,2,53,21,2.52380952380952
"1003","Calaveras County",2005-10-01,43,7,23,2,50,25,2
"1004","Calaveras County",2005-11-01,46,6,22,3,52,25,2.08
"1005","Calaveras County",2005-12-01,44,7,26,2,51,28,1.82142857142857
"1006","Calaveras County",2006-01-01,49,9,22,1,58,23,2.52173913043478
"1007","Calaveras County",2006-02-01,44,8,24,2,52,26,2
"1008","Calaveras County",2006-03-01,36,8,28,2,44,30,1.46666666666667
"1009","Calaveras County",2006-04-01,42,6,25,3,48,28,1.71428571428571
"1010","Calaveras County",2006-05-01,45,10,23,3,55,26,2.11538461538462
"1011","Calaveras County",2006-06-01,45,11,21,2,56,23,2.43478260869565
"1012","Calaveras County",2006-07-01,39,7,28,2,46,30,1.53333333333333
"1013","Calaveras County",2006-08-01,37,9,25,3,46,28,1.64285714285714
"1014","Calaveras County",2006-09-01,35,8,27,2,43,29,1.48275862068966
"1015","Calaveras County",2006-10-01,42,7,20,4,49,24,2.04166666666667
"1016","Calaveras County",2006-11-01,47,8,17,3,55,20,2.75
"1017","Calaveras County",2006-12-01,47,9,17,2,56,19,2.94736842105263
"1018","Calaveras County",2007-01-01,42,7,21,1,49,22,2.22727272727273
"1019","Calaveras County",2007-02-01,41,9,23,1,50,24,2.08333333333333
"1020","Calaveras County",2007-03-01,45,9,20,2,54,22,2.45454545454545
"1021","Calaveras County",2007-04-01,48,6,20,4,54,24,2.25
"1022","Calaveras County",2007-05-01,43,5,26,4,48,30,1.6
"1023","Calaveras County",2007-06-01,37,7,28,3,44,31,1.41935483870968
"1024","Calaveras County",2007-07-01,44,7,22,2,51,24,2.125
"1025","Calaveras County",2007-08-01,48,7,20,2,55,22,2.5
"1026","Calaveras County",2007-09-01,47,9,17,1,56,18,3.11111111111111
"1027","Calaveras County",2007-10-01,44,6,20,4,50,24,2.08333333333333
"1028","Calaveras County",2007-11-01,39,6,25,3,45,28,1.60714285714286
"1029","Calaveras County",2007-12-01,39,7,27,2,46,29,1.58620689655172
"1030","Calaveras County",2008-01-01,41,5,26,3,46,29,1.58620689655172
"1031","Calaveras County",2008-02-01,43,5,22,5,48,27,1.77777777777778
"1032","Calaveras County",2008-03-01,42,6,25,3,48,28,1.71428571428571
"1033","Calaveras County",2008-04-01,42,6,26,1,48,27,1.77777777777778
"1034","Calaveras County",2008-05-01,49,7,22,2,56,24,2.33333333333333
"1035","Calaveras County",2008-06-01,47,4,21,4,51,25,2.04
"1036","Calaveras County",2008-07-01,39,7,29,1,46,30,1.53333333333333
"1037","Calaveras County",2008-08-01,43,6,26,1,49,27,1.81481481481481
"1038","Calaveras County",2008-09-01,46,4,25,0,50,25,2
"1039","Calaveras County",2008-10-01,37,5,28,2,42,30,1.4
"1040","Calaveras County",2008-11-01,32,5,30,3,37,33,1.12121212121212
"1041","Calaveras County",2008-12-01,31,7,29,2,38,31,1.2258064516129
"1042","Calaveras County",2009-01-01,38,8,25,2,46,27,1.7037037037037
"1043","Calaveras County",2009-02-01,39,8,24,2,47,26,1.80769230769231
"1044","Calaveras County",2009-03-01,39,7,25,3,46,28,1.64285714285714
"1045","Calaveras County",2009-04-01,45,7,23,3,52,26,2
"1046","Calaveras County",2009-05-01,47,7,21,3,54,24,2.25
"1047","Calaveras County",2009-06-01,45,7,23,3,52,26,2
"1048","Calaveras County",2009-07-01,48,5,21,4,53,25,2.12
"1049","Calaveras County",2009-08-01,46,7,18,4,53,22,2.40909090909091
"1050","Calaveras County",2009-09-01,45,8,22,3,53,25,2.12
"1051","Calaveras County",2009-10-01,44,4,23,6,48,29,1.6551724137931
"1052","Calaveras County",2009-11-01,44,5,20,6,49,26,1.88461538461538
"1053","Calaveras County",2009-12-01,47,4,17,6,51,23,2.21739130434783
"1054","Calaveras County",2010-01-01,47,5,17,4,52,21,2.47619047619048
"1055","Calaveras County",2010-02-01,37,5,26,3,42,29,1.44827586206897
"1056","Calaveras County",2010-03-01,36,4,30,4,40,34,1.17647058823529
"1057","Calaveras County",2010-04-01,39,6,25,4,45,29,1.55172413793103
"1058","Calaveras County",2010-05-01,39,8,27,3,47,30,1.56666666666667
"1059","Calaveras County",2010-06-01,40,6,22,3,46,25,1.84
"1060","Calaveras County",2010-07-01,37,7,25,3,44,28,1.57142857142857
"1061","Calaveras County",2010-08-01,61,10,5,0,71,5,14.2
"1062","Calaveras County",2010-09-01,34,6,31,3,40,34,1.17647058823529
"1063","Calaveras County",2010-10-01,25,4,31,4,29,35,0.828571428571429
"1064","Calaveras County",2010-11-01,29,4,25,2,33,27,1.22222222222222
"1065","Calaveras County",2010-12-01,32,5,21,4,37,25,1.48
"1066","Calaveras County",2011-01-01,43,7,23,5,50,28,1.78571428571429
"1067","Calaveras County",2011-02-01,38,7,27,7,45,34,1.32352941176471
"1068","Calaveras County",2011-03-01,40,5,31,4,45,35,1.28571428571429
"1069","Calaveras County",2011-04-01,35,5,25,2,40,27,1.48148148148148
"1070","Calaveras County",2011-05-01,37,7,22,3,44,25,1.76
"1071","Calaveras County",2011-06-01,35,7,27,5,42,32,1.3125
"1072","Calaveras County",2011-07-01,30,4,22,6,34,28,1.21428571428571
"1073","Calaveras County",2011-08-01,25,3,18,5,28,23,1.21739130434783
"1074","Calaveras County",2011-09-01,24,3,20,4,27,24,1.125
"1075","Calaveras County",2011-10-01,26,2,23,5,28,28,1
"1076","Calaveras County",2011-11-01,29,3,27,9,32,36,0.888888888888889
"1077","Calaveras County",2011-12-01,26,7,31,7,33,38,0.868421052631579
"1078","Calaveras County",2012-01-01,34,11,18,0,45,18,2.5
"1079","Calaveras County",2012-02-01,48,10,7,2,58,9,6.44444444444444
"1080","Calaveras County",2012-03-01,49,2,9,10,51,19,2.68421052631579
"1081","Calaveras County",2012-04-01,48,8,14,2,56,16,3.5
"1082","Calaveras County",2012-05-01,46,9,15,1,55,16,3.4375
"1083","Calaveras County",2012-06-01,37,9,24,1,46,25,1.84
"1084","Calaveras County",2012-07-01,35,2,28,6,37,34,1.08823529411765
"1085","Calaveras County",2012-08-01,36,3,28,4,39,32,1.21875
"1086","Calaveras County",2012-09-01,36,4,23,7,40,30,1.33333333333333
"1087","Calaveras County",2012-10-01,36,4,24,6,40,30,1.33333333333333
"1088","Calaveras County",2012-11-01,32,5,26,5,37,31,1.19354838709677
"1089","Calaveras County",2012-12-01,32,5,27,5,37,32,1.15625
"1090","Calaveras County",2013-01-01,32,5,30,2,37,32,1.15625
"1091","Calaveras County",2013-02-01,34,8,26,3,42,29,1.44827586206897
"1092","Calaveras County",2013-03-01,29,7,31,3,36,34,1.05882352941176
"1093","Calaveras County",2013-04-01,34,7,26,2,41,28,1.46428571428571
"1094","Calaveras County",2013-05-01,34,7,28,2,41,30,1.36666666666667
"1095","Calaveras County",2013-06-01,32,4,31,3,36,34,1.05882352941176
"1096","Calaveras County",2013-07-01,31,4,29,5,35,34,1.02941176470588
"1097","Calaveras County",2013-08-01,39,6,24,2,45,26,1.73076923076923
"1098","Calaveras County",2013-09-01,33,9,29,2,42,31,1.35483870967742
"1099","Calaveras County",2013-10-01,33,6,29,4,39,33,1.18181818181818
"1100","Calaveras County",2013-11-01,36,4,28,4,40,32,1.25
"1101","Calaveras County",2013-12-01,34,5,29,4,39,33,1.18181818181818
"1102","Calaveras County",2014-01-01,32,6,29,3,38,32,1.1875
"1103","Calaveras County",2014-02-01,28,7,33,3,35,36,0.972222222222222
"1104","Calaveras County",2014-03-01,30,6,32,3,36,35,1.02857142857143
"1105","Calaveras County",2014-04-01,32,5,27,2,37,29,1.27586206896552
"1106","Calaveras County",2014-05-01,34,6,26,2,40,28,1.42857142857143
"1107","Calaveras County",2014-06-01,35,8,28,3,43,31,1.38709677419355
"1108","Calaveras County",2014-07-01,43,7,29,5,50,34,1.47058823529412
"1109","Calaveras County",2014-08-01,40,7,31,8,47,39,1.20512820512821
"1110","Calaveras County",2014-09-01,38,5,31,9,43,40,1.075
"1111","Calaveras County",2014-10-01,40,7,31,6,47,37,1.27027027027027
"1112","Calaveras County",2014-11-01,37,9,32,4,46,36,1.27777777777778
"1113","Calaveras County",2014-12-01,37,6,32,8,43,40,1.075
"1114","Calaveras County",2015-01-01,40,6,30,6,46,36,1.27777777777778
"1115","Calaveras County",2015-02-01,43,7,27,5,50,32,1.5625
"1116","Calaveras County",2015-03-01,45,7,28,8,52,36,1.44444444444444
"1117","Calaveras County",2015-04-01,45,7,28,7,52,35,1.48571428571429
"1118","Calaveras County",2015-05-01,42,9,32,10,51,42,1.21428571428571
"1119","Calaveras County",2015-06-01,42,7,33,12,49,45,1.08888888888889
"1120","Calaveras County",2015-07-01,50,8,37,13,58,50,1.16
"1121","Calaveras County",2015-08-01,45,9,31,13,54,44,1.22727272727273
"1122","Calaveras County",2015-09-01,46,11,23,11,57,34,1.67647058823529
"1123","Calaveras County",2015-10-01,43,12,27,11,55,38,1.44736842105263
"1124","Calaveras County",2015-11-01,40,10,33,12,50,45,1.11111111111111
"1125","Calaveras County",2015-12-01,37,9,32,12,46,44,1.04545454545455
"1126","Calaveras County",2016-01-01,38,9,32,11,47,43,1.09302325581395
"1127","Calaveras County",2016-02-01,35,10,34,12,45,46,0.978260869565217
"1128","Calaveras County",2016-03-01,34,12,37,12,46,49,0.938775510204082
"1129","Calaveras County",2016-04-01,29,9,34,11,38,45,0.844444444444444
"1130","Calaveras County",2016-05-01,37,9,29,11,46,40,1.15
"1131","Calaveras County",2016-06-01,37,10,31,13,47,44,1.06818181818182
"1132","Calaveras County",2016-07-01,37,9,32,11,46,43,1.06976744186047
"1133","Calaveras County",2016-08-01,50,10,32,10,60,42,1.42857142857143
"1134","Calaveras County",2016-09-01,42,11,29,10,53,39,1.35897435897436
"1135","Calaveras County",2016-10-01,46,12,29,7,58,36,1.61111111111111
"1136","Calaveras County",2016-11-01,42,12,28,7,54,35,1.54285714285714
"1137","Calaveras County",2016-12-01,41,10,34,10,51,44,1.15909090909091
"1138","Calaveras County",2017-01-01,43,10,32,10,53,42,1.26190476190476
"1139","Calaveras County",2017-02-01,45,9,37,9,54,46,1.17391304347826
"1140","Calaveras County",2017-03-01,39,9,35,8,48,43,1.11627906976744
"1141","Calaveras County",2017-04-01,44,6,35,9,50,44,1.13636363636364
"1142","Calaveras County",2017-05-01,46,7,38,9,53,47,1.12765957446809
"1143","Calaveras County",2017-06-01,47,8,34,5,55,39,1.41025641025641
"1144","Calaveras County",2017-07-01,50,8,35,7,58,42,1.38095238095238
"1145","Calaveras County",2017-08-01,48,10,30,8,58,38,1.52631578947368
"1146","Calaveras County",2017-09-01,49,10,23,9,59,32,1.84375
"1147","Calaveras County",2017-10-01,55,12,22,7,67,29,2.31034482758621
"1148","Calaveras County",2017-11-01,57,11,23,5,68,28,2.42857142857143
"1149","Calaveras County",2017-12-01,53,7,24,8,60,32,1.875
"1150","Calaveras County",2018-01-01,57,13,28,8,70,36,1.94444444444444
"1151","Calaveras County",2018-02-01,56,10,33,10,66,43,1.53488372093023
"1152","Calaveras County",2018-03-01,45,10,43,12,55,55,1
"1153","Calaveras County",2018-04-01,43,7,38,11,50,49,1.02040816326531
"1154","Calaveras County",2018-05-01,45,8,37,7,53,44,1.20454545454545
"1155","Calaveras County",2018-06-01,43,5,32,6,48,38,1.26315789473684
"1156","Calaveras County",2018-07-01,49,7,27,6,56,33,1.6969696969697
"1157","Calaveras County",2018-08-01,44,7,24,9,51,33,1.54545454545455
"1158","Calaveras County",2018-09-01,44,7,24,10,51,34,1.5
"1159","Calaveras County",2018-10-01,47,10,23,5,57,28,2.03571428571429
"1160","Calaveras County",2018-11-01,54,12,23,6,66,29,2.27586206896552
"1161","Calaveras County",2018-12-01,53,8,23,8,61,31,1.96774193548387
"1162","Calaveras County",2019-01-01,55,9,27,10,64,37,1.72972972972973
"1163","Calaveras County",2019-02-01,56,9,23,10,65,33,1.96969696969697
"1164","Calaveras County",2019-03-01,55,8,18,9,63,27,2.33333333333333
"1165","Calaveras County",2019-04-01,53,5,18,8,58,26,2.23076923076923
"1166","Calaveras County",2019-05-01,52,5,22,2,57,24,2.375
"1167","Calaveras County",2019-06-01,52,4,27,6,56,33,1.6969696969697
"1168","Calaveras County",2019-07-01,59,8,31,6,67,37,1.81081081081081
"1169","Calaveras County",2019-08-01,62,7,26,9,69,35,1.97142857142857
"1170","Calaveras County",2019-09-01,69,10,26,6,79,32,2.46875
"1171","Calaveras County",2019-10-01,65,11,27,3,76,30,2.53333333333333
"1172","Calaveras County",2019-11-01,67,11,26,4,78,30,2.6
"1173","Calaveras County",2019-12-01,61,11,24,4,72,28,2.57142857142857
"1174","Calaveras County",2020-01-01,66,11,23,7,77,30,2.56666666666667
"1175","Calaveras County",2020-02-01,74,13,24,9,87,33,2.63636363636364
"1176","Calaveras County",2020-03-01,62,9,28,8,71,36,1.97222222222222
"1177","Colusa County",1995-10-01,26,1,31,1,27,32,0.84375
"1178","Colusa County",1995-11-01,25,2,38,2,27,40,0.675
"1179","Colusa County",1995-12-01,29,3,31,1,32,32,1
"1180","Colusa County",1996-01-01,26,4,36,1,30,37,0.810810810810811
"1181","Colusa County",1996-02-01,35,2,33,3,37,36,1.02777777777778
"1182","Colusa County",1996-03-01,24,2,33,7,26,40,0.65
"1183","Colusa County",1996-04-01,27,2,35,6,29,41,0.707317073170732
"1184","Colusa County",1996-05-01,28,3,35,8,31,43,0.720930232558139
"1185","Colusa County",1996-06-01,24,3,41,7,27,48,0.5625
"1186","Colusa County",1996-07-01,20,2,43,7,22,50,0.44
"1187","Colusa County",1996-08-01,25,4,43,4,29,47,0.617021276595745
"1188","Colusa County",1996-09-01,21,2,43,4,23,47,0.48936170212766
"1189","Colusa County",1996-10-01,24,3,40,3,27,43,0.627906976744186
"1190","Colusa County",1996-11-01,24,3,35,1,27,36,0.75
"1191","Colusa County",1996-12-01,21,2,30,3,23,33,0.696969696969697
"1192","Colusa County",1997-01-01,27,3,33,4,30,37,0.810810810810811
"1193","Colusa County",1997-02-01,23,3,32,3,26,35,0.742857142857143
"1194","Colusa County",1997-03-01,27,3,33,4,30,37,0.810810810810811
"1195","Colusa County",1997-04-01,43,3,20,5,46,25,1.84
"1196","Colusa County",1997-05-01,37,4,4,23,41,27,1.51851851851852
"1197","Colusa County",1997-06-01,41,2,30,5,43,35,1.22857142857143
"1198","Colusa County",1997-07-01,37,4,28,4,41,32,1.28125
"1199","Colusa County",1997-08-01,37,6,30,4,43,34,1.26470588235294
"1200","Colusa County",1997-09-01,33,4,33,4,37,37,1
"1201","Colusa County",1997-10-01,30,1,32,4,31,36,0.861111111111111
"1202","Colusa County",1997-11-01,29,2,38,2,31,40,0.775
"1203","Colusa County",1997-12-01,38,2,36,2,40,38,1.05263157894737
"1204","Colusa County",1998-01-01,30,2,36,3,32,39,0.82051282051282
"1205","Colusa County",1998-02-01,29,2,34,2,31,36,0.861111111111111
"1206","Colusa County",1998-03-01,38,2,36,2,40,38,1.05263157894737
"1207","Colusa County",1998-04-01,25,5,39,5,30,44,0.681818181818182
"1208","Colusa County",1998-05-01,25,5,39,5,30,44,0.681818181818182
"1209","Colusa County",1998-06-01,25,5,39,5,30,44,0.681818181818182
"1210","Colusa County",1998-07-01,32,5,34,4,37,38,0.973684210526316
"1211","Colusa County",1998-08-01,29,4,31,5,33,36,0.916666666666667
"1212","Colusa County",1998-09-01,32,5,30,5,37,35,1.05714285714286
"1213","Colusa County",1998-10-01,35,4,34,3,39,37,1.05405405405405
"1214","Colusa County",1998-11-01,37,4,30,5,41,35,1.17142857142857
"1215","Colusa County",1998-12-01,37,2,26,4,39,30,1.3
"1216","Colusa County",1999-01-01,36,2,34,2,38,36,1.05555555555556
"1217","Colusa County",1999-02-01,29,3,40,2,32,42,0.761904761904762
"1218","Colusa County",1999-03-01,25,2,38,4,27,42,0.642857142857143
"1219","Colusa County",1999-04-01,21,1,42,6,22,48,0.458333333333333
"1220","Colusa County",1999-05-01,27,1,34,4,28,38,0.736842105263158
"1221","Colusa County",1999-06-01,30,2,31,5,32,36,0.888888888888889
"1222","Colusa County",1999-07-01,34,3,29,4,37,33,1.12121212121212
"1223","Colusa County",1999-08-01,33,1,36,4,34,40,0.85
"1224","Colusa County",1999-09-01,34,2,47,5,36,52,0.692307692307692
"1225","Colusa County",1999-10-01,23,2,34,5,25,39,0.641025641025641
"1226","Colusa County",1999-11-01,16,7,43,5,23,48,0.479166666666667
"1227","Colusa County",1999-12-01,15,1,42,4,16,46,0.347826086956522
"1228","Colusa County",2000-01-01,19,1,35,3,20,38,0.526315789473684
"1229","Colusa County",2000-02-01,20,5,28,3,25,31,0.806451612903226
"1230","Colusa County",2000-03-01,20,1,31,4,21,35,0.6
"1231","Colusa County",2000-04-01,27,5,33,2,32,35,0.914285714285714
"1232","Colusa County",2000-05-01,23,4,28,2,27,30,0.9
"1233","Colusa County",2000-06-01,27,5,19,4,32,23,1.39130434782609
"1234","Colusa County",2000-07-01,13,2.8,10,1.8,15.8,11.8,1.33898305084746
"1235","Colusa County",2000-08-01,12,1.5,12,3.6,13.5,15.6,0.865384615384615
"1236","Colusa County",2000-09-01,13,1.4,15,3,14.4,18,0.8
"1237","Colusa County",2000-10-01,17,0.8,16,0.74,17.8,16.74,1.06332138590203
"1238","Colusa County",2000-11-01,16.95,0.17,18.52,0.88,17.12,19.4,0.882474226804124
"1239","Colusa County",2000-12-01,15,0.6,16,1.2,15.6,17.2,0.906976744186047
"1240","Colusa County",2001-01-01,12,0,15,3,12,18,0.666666666666667
"1241","Colusa County",2001-02-01,11,1,12,2,12,14,0.857142857142857
"1242","Colusa County",2001-03-01,18,1,27,2,19,29,0.655172413793103
"1243","Colusa County",2001-04-01,14,2,22,2,16,24,0.666666666666667
"1244","Colusa County",2001-05-01,16,2,26,5,18,31,0.580645161290323
"1245","Colusa County",2001-06-01,12,3,18,5,15,23,0.652173913043478
"1246","Colusa County",2001-07-01,15,3,19,3,18,22,0.818181818181818
"1247","Colusa County",2001-08-01,31,2,21,1,33,22,1.5
"1248","Colusa County",2001-09-01,23,3,19,1,26,20,1.3
"1249","Colusa County",2001-10-01,21,2,19,2,23,21,1.0952380952381
"1250","Colusa County",2001-11-01,27,3,23,4,30,27,1.11111111111111
"1251","Colusa County",2001-12-01,25,2,16,6,27,22,1.22727272727273
"1252","Colusa County",2002-01-01,23,2,20,7,25,27,0.925925925925926
"1253","Colusa County",2002-02-01,28,2,22,5,30,27,1.11111111111111
"1254","Colusa County",2002-03-01,21,4,27,5,25,32,0.78125
"1255","Colusa County",2002-04-01,23,4,28,3,27,31,0.870967741935484
"1256","Colusa County",2002-05-01,24,3,21,2,27,23,1.17391304347826
"1257","Colusa County",2002-06-01,22,4,21,2,26,23,1.1304347826087
"1258","Colusa County",2002-07-01,23,5,19,3,28,22,1.27272727272727
"1259","Colusa County",2002-08-01,26,5,15,5,31,20,1.55
"1260","Colusa County",2002-09-01,21,4,23,3,25,26,0.961538461538462
"1261","Colusa County",2002-10-01,18,3,29,3,21,32,0.65625
"1262","Colusa County",2002-11-01,17,5,21,2,22,23,0.956521739130435
"1263","Colusa County",2002-12-01,18,3,19,2,21,21,1
"1264","Colusa County",2003-01-01,20,3,21,2,23,23,1
"1265","Colusa County",2003-02-01,22,4,30,1,26,31,0.838709677419355
"1266","Colusa County",2003-03-01,17,3,38,3,20,41,0.48780487804878
"1267","Colusa County",2003-04-01,21,3,30,2,24,32,0.75
"1268","Colusa County",2003-05-01,20,4,22,3,24,25,0.96
"1269","Colusa County",2003-06-01,21,1,25,3,22,28,0.785714285714286
"1270","Colusa County",2003-07-01,30,2,28,2,32,30,1.06666666666667
"1271","Colusa County",2003-08-01,26,4,29,2,30,31,0.967741935483871
"1272","Colusa County",2003-09-01,22,3,27,3,25,30,0.833333333333333
"1273","Colusa County",2003-10-01,21,3,25,2,24,27,0.888888888888889
"1274","Colusa County",2003-11-01,16,2,22,3,18,25,0.72
"1275","Colusa County",2003-12-01,14,4,23,3,18,26,0.692307692307692
"1276","Colusa County",2004-01-01,20,3,24,6,23,30,0.766666666666667
"1277","Colusa County",2004-02-01,21,4,21,4,25,25,1
"1278","Colusa County",2004-03-01,17,2,19,7,19,26,0.730769230769231
"1279","Colusa County",2004-04-01,18,2,19,6,20,25,0.8
"1280","Colusa County",2004-05-01,18,4,25,3,22,28,0.785714285714286
"1281","Colusa County",2004-06-01,19,3,25,0,22,25,0.88
"1282","Colusa County",2004-07-01,19,3,23,1,22,24,0.916666666666667
"1283","Colusa County",2004-08-01,24,2,18,3,26,21,1.23809523809524
"1284","Colusa County",2004-09-01,20,2,16,3,22,19,1.15789473684211
"1285","Colusa County",2004-10-01,22,3,23,3,25,26,0.961538461538462
"1286","Colusa County",2004-11-01,26,2,26,3,28,29,0.96551724137931
"1287","Colusa County",2004-12-01,19,2,29,2,21,31,0.67741935483871
"1288","Colusa County",2005-01-01,13,3,28,3,16,31,0.516129032258065
"1289","Colusa County",2005-02-01,15,4,27,3,19,30,0.633333333333333
"1290","Colusa County",2005-03-01,13,2,26,3,15,29,0.517241379310345
"1291","Colusa County",2005-04-01,13,3,25,2,16,27,0.592592592592593
"1292","Colusa County",2005-05-01,18,4,26,1,22,27,0.814814814814815
"1293","Colusa County",2005-06-01,18,3,24,1,21,25,0.84
"1294","Colusa County",2005-07-01,19,5,23,3,24,26,0.923076923076923
"1295","Colusa County",2005-08-01,15,4,20,2,19,22,0.863636363636364
"1296","Colusa County",2005-09-01,19,7,17,1,26,18,1.44444444444444
"1297","Colusa County",2005-10-01,21,4,20,1,25,21,1.19047619047619
"1298","Colusa County",2005-11-01,24,5,26,4,29,30,0.966666666666667
"1299","Colusa County",2005-12-01,19,4,22,5,23,27,0.851851851851852
"1300","Colusa County",2006-01-01,14,4,12,4,18,16,1.125
"1301","Colusa County",2006-02-01,23,3,14,5,26,19,1.36842105263158
"1302","Colusa County",2006-03-01,18,7,16,3,25,19,1.31578947368421
"1303","Colusa County",2006-04-01,21,4,12,3,25,15,1.66666666666667
"1304","Colusa County",2006-05-01,26,3,10,5,29,15,1.93333333333333
"1305","Colusa County",2006-06-01,25,2,12,3,27,15,1.8
"1306","Colusa County",2006-07-01,21,2,14,2,23,16,1.4375
"1307","Colusa County",2006-08-01,28,2,12,5,30,17,1.76470588235294
"1308","Colusa County",2006-09-01,31,7,14,7,38,21,1.80952380952381
"1309","Colusa County",2006-10-01,36,4,12,5,40,17,2.35294117647059
"1310","Colusa County",2006-11-01,27,3,17,3,30,20,1.5
"1311","Colusa County",2006-12-01,27,4,19,0,31,19,1.63157894736842
"1312","Colusa County",2007-01-01,26,3,24,3,29,27,1.07407407407407
"1313","Colusa County",2007-02-01,28,1,23,4,29,27,1.07407407407407
"1314","Colusa County",2007-03-01,29,3,21,4,32,25,1.28
"1315","Colusa County",2007-04-01,31,3,21,4,34,25,1.36
"1316","Colusa County",2007-05-01,31,5,24,5,36,29,1.24137931034483
"1317","Colusa County",2007-06-01,31,5,31,5,36,36,1
"1318","Colusa County",2007-07-01,28,5,25,5,33,30,1.1
"1319","Colusa County",2007-08-01,33,5,19,2,38,21,1.80952380952381
"1320","Colusa County",2007-09-01,29,3,14,3,32,17,1.88235294117647
"1321","Colusa County",2007-10-01,26,4,13,2,30,15,2
"1322","Colusa County",2007-11-01,31,7,15,2,38,17,2.23529411764706
"1323","Colusa County",2007-12-01,31,5,17,4,36,21,1.71428571428571
"1324","Colusa County",2008-01-01,24,4,20,5,28,25,1.12
"1325","Colusa County",2008-02-01,23,2,19,2,25,21,1.19047619047619
"1326","Colusa County",2008-03-01,23,2,17,4,25,21,1.19047619047619
"1327","Colusa County",2008-04-01,27,1,19,4,28,23,1.21739130434783
"1328","Colusa County",2008-05-01,27,2,15,2,29,17,1.70588235294118
"1329","Colusa County",2008-06-01,29,1,14,0,30,14,2.14285714285714
"1330","Colusa County",2008-07-01,26,1,17,0,27,17,1.58823529411765
"1331","Colusa County",2008-08-01,26,3,15,3,29,18,1.61111111111111
"1332","Colusa County",2008-09-01,25,3,18,5,28,23,1.21739130434783
"1333","Colusa County",2008-10-01,25,2,17,5,27,22,1.22727272727273
"1334","Colusa County",2008-11-01,26,3,19,5,29,24,1.20833333333333
"1335","Colusa County",2008-12-01,18,1,19,4,19,23,0.826086956521739
"1336","Colusa County",2009-01-01,21,3,17,4,24,21,1.14285714285714
"1337","Colusa County",2009-02-01,23,4,16,3,27,19,1.42105263157895
"1338","Colusa County",2009-03-01,25,3,14,4,28,18,1.55555555555556
"1339","Colusa County",2009-04-01,21,6,16,4,27,20,1.35
"1340","Colusa County",2009-05-01,19,6,13,2,25,15,1.66666666666667
"1341","Colusa County",2009-06-01,17,5,14,1,22,15,1.46666666666667
"1342","Colusa County",2009-07-01,21,4,16,0,25,16,1.5625
"1343","Colusa County",2009-08-01,25,1,17,1,26,18,1.44444444444444
"1344","Colusa County",2009-09-01,25,4,16,0,29,16,1.8125
"1345","Colusa County",2009-10-01,28,3,16,0,31,16,1.9375
"1346","Colusa County",2009-11-01,27,3,14,0,30,14,2.14285714285714
"1347","Colusa County",2009-12-01,16,5,18,0,21,18,1.16666666666667
"1348","Colusa County",2010-01-01,18,5,13,0,23,13,1.76923076923077
"1349","Colusa County",2010-02-01,24,3,9,0,27,9,3
"1350","Colusa County",2010-03-01,32,4,7,2,36,9,4
"1351","Colusa County",2010-04-01,30,4,8,3,34,11,3.09090909090909
"1352","Colusa County",2010-05-01,23,3,13,3,26,16,1.625
"1353","Colusa County",2010-06-01,24,5,8,3,29,11,2.63636363636364
"1354","Colusa County",2010-07-01,27,8,9,3,35,12,2.91666666666667
"1355","Colusa County",2010-08-01,28,5,13,2,33,15,2.2
"1356","Colusa County",2010-09-01,27,5,12,4,32,16,2
"1357","Colusa County",2010-10-01,22,6,9,4,28,13,2.15384615384615
"1358","Colusa County",2010-11-01,23,4,11,7,27,18,1.5
"1359","Colusa County",2010-12-01,26,4,9,7,30,16,1.875
"1360","Colusa County",2011-01-01,26,3,18,4,29,22,1.31818181818182
"1361","Colusa County",2011-02-01,24,3,19,4,27,23,1.17391304347826
"1362","Colusa County",2011-03-01,22,5,19,3,27,22,1.22727272727273
"1363","Colusa County",2011-04-01,21,4,14,3,25,17,1.47058823529412
"1364","Colusa County",2011-05-01,25,2,15,4,27,19,1.42105263157895
"1365","Colusa County",2011-06-01,23,2,14,5,25,19,1.31578947368421
"1366","Colusa County",2011-07-01,26,2,14,6,28,20,1.4
"1367","Colusa County",2011-08-01,27,5,14,3,32,17,1.88235294117647
"1368","Colusa County",2011-09-01,28,5,13,2,33,15,2.2
"1369","Colusa County",2011-10-01,21,3,17,2,24,19,1.26315789473684
"1370","Colusa County",2011-11-01,26,4,24,2,30,26,1.15384615384615
"1371","Colusa County",2011-12-01,32,6,18,2,38,20,1.9
"1372","Colusa County",2012-01-01,30,12,20,2,42,22,1.90909090909091
"1373","Colusa County",2012-02-01,32,10,20,6,42,26,1.61538461538462
"1374","Colusa County",2012-03-01,30,10,18,6,40,24,1.66666666666667
"1375","Colusa County",2012-04-01,29,5,19,7,34,26,1.30769230769231
"1376","Colusa County",2012-05-01,24,7,23,6,31,29,1.06896551724138
"1377","Colusa County",2012-06-01,29,10,22,3,39,25,1.56
"1378","Colusa County",2012-07-01,35,10,19,3,45,22,2.04545454545455
"1379","Colusa County",2012-08-01,34,14,17,4,48,21,2.28571428571429
"1380","Colusa County",2012-09-01,37,12,13,4,49,17,2.88235294117647
"1381","Colusa County",2012-10-01,33,7,18,6,40,24,1.66666666666667
"1382","Colusa County",2012-11-01,33,8,20,5,41,25,1.64
"1383","Colusa County",2012-12-01,34,7,16,4,41,20,2.05
"1384","Colusa County",2013-01-01,38,5,14,3,43,17,2.52941176470588
"1385","Colusa County",2013-02-01,39,8,15,4,47,19,2.47368421052632
"1386","Colusa County",2013-03-01,41,7,18,7,48,25,1.92
"1387","Colusa County",2013-04-01,45,7,13,10,52,23,2.26086956521739
"1388","Colusa County",2013-05-01,44,6,18,10,50,28,1.78571428571429
"1389","Colusa County",2013-06-01,42,9,16,7,51,23,2.21739130434783
"1390","Colusa County",2013-07-01,38,9,15,6,47,21,2.23809523809524
"1391","Colusa County",2013-08-01,32,7,18,6,39,24,1.625
"1392","Colusa County",2013-09-01,32,6,23,7,38,30,1.26666666666667
"1393","Colusa County",2013-10-01,30,6,23,6,36,29,1.24137931034483
"1394","Colusa County",2013-11-01,34,8,21,6,42,27,1.55555555555556
"1395","Colusa County",2013-12-01,37,8,18,6,45,24,1.875
"1396","Colusa County",2014-01-01,47,9,16,6,56,22,2.54545454545455
"1397","Colusa County",2014-02-01,50,7,20,5,57,25,2.28
"1398","Colusa County",2014-03-01,49,6,22,6,55,28,1.96428571428571
"1399","Colusa County",2014-04-01,51,7,20,7,58,27,2.14814814814815
"1400","Colusa County",2014-05-01,50,7,18,7,57,25,2.28
"1401","Colusa County",2014-06-01,42,6,21,5,48,26,1.84615384615385
"1402","Colusa County",2014-07-01,44,5,20,4,49,24,2.04166666666667
"1403","Colusa County",2014-08-01,43,8,20,3,51,23,2.21739130434783
"1404","Colusa County",2014-09-01,47,10,16,4,57,20,2.85
"1405","Colusa County",2014-10-01,54,7,17,4,61,21,2.9047619047619
"1406","Colusa County",2014-11-01,53,4,21,8,57,29,1.96551724137931
"1407","Colusa County",2014-12-01,45,2,19,6,47,25,1.88
"1408","Colusa County",2015-01-01,45,6,14,5,51,19,2.68421052631579
"1409","Colusa County",2015-02-01,41,6,16,5,47,21,2.23809523809524
"1410","Colusa County",2015-03-01,38,6,18,8,44,26,1.69230769230769
"1411","Colusa County",2015-04-01,40,7,16,11,47,27,1.74074074074074
"1412","Colusa County",2015-05-01,42,6,18,9,48,27,1.77777777777778
"1413","Colusa County",2015-06-01,42,7,19,12,49,31,1.58064516129032
"1414","Colusa County",2015-07-01,39,6,20,9,45,29,1.55172413793103
"1415","Colusa County",2015-08-01,39,4,27,7,43,34,1.26470588235294
"1416","Colusa County",2015-09-01,46,6,23,6,52,29,1.79310344827586
"1417","Colusa County",2015-10-01,44,6,30,5,50,35,1.42857142857143
"1418","Colusa County",2015-11-01,50,6,29,5,56,34,1.64705882352941
"1419","Colusa County",2015-12-01,51,5,26,6,56,32,1.75
"1420","Colusa County",2016-01-01,47,6,27,4,53,31,1.70967741935484
"1421","Colusa County",2016-02-01,42,8,27,3,50,30,1.66666666666667
"1422","Colusa County",2016-03-01,42,9,27,3,51,30,1.7
"1423","Colusa County",2016-04-01,48,6,24,6,54,30,1.8
"1424","Colusa County",2016-05-01,42,6,29,4,48,33,1.45454545454545
"1425","Colusa County",2016-06-01,52,5,27,1,57,28,2.03571428571429
"1426","Colusa County",2016-07-01,51,4,24,3,55,27,2.03703703703704
"1427","Colusa County",2016-08-01,50,6,25,3,56,28,2
"1428","Colusa County",2016-09-01,47,8,26,2,55,28,1.96428571428571
"1429","Colusa County",2016-10-01,42,8,29,5,50,34,1.47058823529412
"1430","Colusa County",2016-11-01,42,7,26,6,49,32,1.53125
"1431","Colusa County",2016-12-01,46,5,31,8,51,39,1.30769230769231
"1432","Colusa County",2017-01-01,41,7,32,5,48,37,1.2972972972973
"1433","Colusa County",2017-02-01,42,8,25,5,50,30,1.66666666666667
"1434","Colusa County",2017-03-01,41,7,27,5,48,32,1.5
"1435","Colusa County",2017-04-01,41,7,25,5,48,30,1.6
"1436","Colusa County",2017-05-01,42,7,22,4,49,26,1.88461538461538
"1437","Colusa County",2017-06-01,39,9,27,2,48,29,1.6551724137931
"1438","Colusa County",2017-07-01,42,10,22,3,52,25,2.08
"1439","Colusa County",2017-08-01,47,9,17,4,56,21,2.66666666666667
"1440","Colusa County",2017-09-01,43,11,17,4,54,21,2.57142857142857
"1441","Colusa County",2017-10-01,42,9,21,5,51,26,1.96153846153846
"1442","Colusa County",2017-11-01,47,10,20,3,57,23,2.47826086956522
"1443","Colusa County",2017-12-01,39,8,26,6,47,32,1.46875
"1444","Colusa County",2018-01-01,37,6,22,9,43,31,1.38709677419355
"1445","Colusa County",2018-02-01,40,8,23,11,48,34,1.41176470588235
"1446","Colusa County",2018-03-01,37,10,23,9,47,32,1.46875
"1447","Colusa County",2018-04-01,39,9,28,9,48,37,1.2972972972973
"1448","Colusa County",2018-05-01,35,13,23,8,48,31,1.54838709677419
"1449","Colusa County",2018-06-01,36,11,21,11,47,32,1.46875
"1450","Colusa County",2018-07-01,40,10,21,6,50,27,1.85185185185185
"1451","Colusa County",2018-08-01,39,9,20,6,48,26,1.84615384615385
"1452","Colusa County",2018-09-01,35,9,22,5,44,27,1.62962962962963
"1453","Colusa County",2018-10-01,32,6,24,6,38,30,1.26666666666667
"1454","Colusa County",2018-11-01,37,5,26,5,42,31,1.35483870967742
"1455","Colusa County",2018-12-01,35,5,21,4,40,25,1.6
"1456","Colusa County",2019-01-01,41,7,19,4,48,23,2.08695652173913
"1457","Colusa County",2019-02-01,40,9,21,5,49,26,1.88461538461538
"1458","Colusa County",2019-03-01,40,7,16,6,47,22,2.13636363636364
"1459","Colusa County",2019-04-01,46,8,15,5,54,20,2.7
"1460","Colusa County",2019-05-01,40,7,14,3,47,17,2.76470588235294
"1461","Colusa County",2019-06-01,34,10,16,3,44,19,2.31578947368421
"1462","Colusa County",2019-07-01,39,10,19,4,49,23,2.1304347826087
"1463","Colusa County",2019-08-01,39,8,20,5,47,25,1.88
"1464","Colusa County",2019-09-01,46,7,17,5,53,22,2.40909090909091
"1465","Colusa County",2019-10-01,41,8,20,7,49,27,1.81481481481481
"1466","Colusa County",2019-11-01,36,6,23,6,42,29,1.44827586206897
"1467","Colusa County",2019-12-01,31,5,19,4,36,23,1.56521739130435
"1468","Colusa County",2020-01-01,34,8,22,3,42,25,1.68
"1469","Colusa County",2020-02-01,34,7,25,2,41,27,1.51851851851852
"1470","Colusa County",2020-03-01,31,6,26,2,37,28,1.32142857142857
"1471","Contra Costa County",1995-10-01,1244,0,230,0,1244,230,5.40869565217391
"1472","Contra Costa County",1995-11-01,864,0,654,0,864,654,1.32110091743119
"1473","Contra Costa County",1995-12-01,835,0,598,0,835,598,1.39632107023411
"1474","Contra Costa County",1996-01-01,783,0,677,0,783,677,1.15657311669129
"1475","Contra Costa County",1996-02-01,821,0,696,0,821,696,1.17959770114943
"1476","Contra Costa County",1996-03-01,814,0,716,0,814,716,1.13687150837989
"1477","Contra Costa County",1996-04-01,880,0,708,0,880,708,1.24293785310734
"1478","Contra Costa County",1996-05-01,848,0,740,0,848,740,1.14594594594595
"1479","Contra Costa County",1996-06-01,856,0,739,0,856,739,1.15832205683356
"1480","Contra Costa County",1996-07-01,863,0,757,0,863,757,1.14002642007926
"1481","Contra Costa County",1996-08-01,840,0,785,0,840,785,1.07006369426752
"1482","Contra Costa County",1996-09-01,889,0,730,0,889,730,1.21780821917808
"1483","Contra Costa County",1996-10-01,700,154,600,92,854,692,1.23410404624277
"1484","Contra Costa County",1996-11-01,700,165,500,183,865,683,1.26647144948755
"1485","Contra Costa County",1996-12-01,700,136,500,148,836,648,1.29012345679012
"1486","Contra Costa County",1997-01-01,788,119,584,59,907,643,1.41057542768274
"1487","Contra Costa County",1997-02-01,772,113,620,61,885,681,1.29955947136564
"1488","Contra Costa County",1997-03-01,830,148,622,77,978,699,1.39914163090129
"1489","Contra Costa County",1997-04-01,801,120,649,68,921,717,1.28451882845188
"1490","Contra Costa County",1997-05-01,760,125,686,79,885,765,1.15686274509804
"1491","Contra Costa County",1997-06-01,745,127,662,78,872,740,1.17837837837838
"1492","Contra Costa County",1997-07-01,760,140,665,78,900,743,1.21130551816958
"1493","Contra Costa County",1997-08-01,729,135,689,63,864,752,1.14893617021277
"1494","Contra Costa County",1997-09-01,788,146,615,73,934,688,1.35755813953488
"1495","Contra Costa County",1997-10-01,771,127,645,74,898,719,1.24895688456189
"1496","Contra Costa County",1997-11-01,789,383,375,69,1172,444,2.63963963963964
"1497","Contra Costa County",1997-12-01,792,131,598,67,923,665,1.38796992481203
"1498","Contra Costa County",1998-01-01,744,121,569,63,865,632,1.36867088607595
"1499","Contra Costa County",1998-02-01,708,366,364,69,1074,433,2.48036951501155
"1500","Contra Costa County",1998-03-01,820,151,587,72,971,659,1.47344461305008
"1501","Contra Costa County",1998-04-01,814,148,612,71,962,683,1.40849194729136
"1502","Contra Costa County",1998-05-01,831,139,575,66,970,641,1.51326053042122
"1503","Contra Costa County",1998-06-01,878,153,583,56,1031,639,1.61345852895149
"1504","Contra Costa County",1998-07-01,850,134,611,63,984,674,1.45994065281899
"1505","Contra Costa County",1998-08-01,834,154,589,69,988,658,1.50151975683891
"1506","Contra Costa County",1998-09-01,877,159,568,65,1036,633,1.63665086887836
"1507","Contra Costa County",1998-10-01,842,141,574,64,983,638,1.54075235109718
"1508","Contra Costa County",1998-11-01,832,122,558,54,954,612,1.55882352941176
"1509","Contra Costa County",1998-12-01,859,124,501,51,983,552,1.78079710144928
"1510","Contra Costa County",1999-01-01,805,127,510,54,932,564,1.65248226950355
"1511","Contra Costa County",1999-02-01,1034,130,257,43,1164,300,3.88
"1512","Contra Costa County",1999-03-01,1125,134,290,45,1259,335,3.75820895522388
"1513","Contra Costa County",1999-04-01,838,138,513,100,976,613,1.59216965742251
"1514","Contra Costa County",1999-05-01,798,140,525,53,938,578,1.62283737024221
"1515","Contra Costa County",1999-06-01,825,127,499,49,952,548,1.73722627737226
"1516","Contra Costa County",1999-07-01,830,122,494,46,952,540,1.76296296296296
"1517","Contra Costa County",1999-08-01,755,104,509,47,859,556,1.54496402877698
"1518","Contra Costa County",1999-09-01,826,117,497,44,943,541,1.74306839186691
"1519","Contra Costa County",1999-10-01,801,127,551,60,928,611,1.51882160392799
"1520","Contra Costa County",1999-11-01,825,148,533,58,973,591,1.64636209813875
"1521","Contra Costa County",1999-12-01,763,118,486,47,881,533,1.65290806754221
"1522","Contra Costa County",2000-01-01,900,90,485,29,990,514,1.92607003891051
"1523","Contra Costa County",2000-02-01,917,87,523,28,1004,551,1.82214156079855
"1524","Contra Costa County",2000-03-01,934,95,525,31,1029,556,1.85071942446043
"1525","Contra Costa County",2000-04-01,920,124,510,43,1044,553,1.8878842676311
"1526","Contra Costa County",2000-05-01,914,130,509,47,1044,556,1.87769784172662
"1527","Contra Costa County",2000-06-01,902,127,489,44,1029,533,1.93058161350844
"1528","Contra Costa County",2000-07-01,953,121,504,43,1074,547,1.96343692870201
"1529","Contra Costa County",2000-08-01,988,131,515,45,1119,560,1.99821428571429
"1530","Contra Costa County",2000-09-01,955,125,490,43,1080,533,2.02626641651032
"1531","Contra Costa County",2000-10-01,946,144,498,49,1090,547,1.9926873857404
"1532","Contra Costa County",2000-11-01,943,139,490,48,1082,538,2.01115241635688
"1533","Contra Costa County",2000-12-01,941,166,469,48,1107,517,2.14119922630561
"1534","Contra Costa County",2001-01-01,964,135,488,47,1099,535,2.05420560747664
"1535","Contra Costa County",2001-02-01,1010,147,519,51,1157,570,2.02982456140351
"1536","Contra Costa County",2001-03-01,1034,150,551,51,1184,602,1.96677740863787
"1537","Contra Costa County",2001-04-01,1029,151,562,52,1180,614,1.92182410423453
"1538","Contra Costa County",2001-05-01,1019,139,547,48,1158,595,1.94621848739496
"1539","Contra Costa County",2001-06-01,1008,138,530,47,1146,577,1.98613518197574
"1540","Contra Costa County",2001-07-01,1019,142,515,50,1161,565,2.05486725663717
"1541","Contra Costa County",2001-08-01,1037,142,511,50,1179,561,2.10160427807487
"1542","Contra Costa County",2001-09-01,1060,147,511,51,1207,562,2.14768683274021
"1543","Contra Costa County",2001-10-01,1065,139,502,48,1204,550,2.18909090909091
"1544","Contra Costa County",2001-11-01,1058,152,481,53,1210,534,2.26591760299625
"1545","Contra Costa County",2001-12-01,1021,145,462,51,1166,513,2.2729044834308
"1546","Contra Costa County",2002-01-01,1001,151,454,53,1152,507,2.27218934911243
"1547","Contra Costa County",2002-02-01,1064,173,471,60,1237,531,2.32956685499058
"1548","Contra Costa County",2002-03-01,1094,166,481,57,1260,538,2.34200743494424
"1549","Contra Costa County",2002-04-01,1092,153,497,52,1245,549,2.26775956284153
"1550","Contra Costa County",2002-05-01,1125,151,507,52,1276,559,2.28264758497317
"1551","Contra Costa County",2002-06-01,1108,155,478,54,1263,532,2.37406015037594
"1552","Contra Costa County",2002-07-01,1186,168,487,54,1354,541,2.50277264325323
"1553","Contra Costa County",2002-08-01,1045,149,426,47,1194,473,2.52431289640592
"1554","Contra Costa County",2002-09-01,1063,150,428,46,1213,474,2.55907172995781
"1555","Contra Costa County",2002-10-01,1002,140,438,48,1142,486,2.34979423868313
"1556","Contra Costa County",2002-11-01,966,149,412,50,1115,462,2.41341991341991
"1557","Contra Costa County",2002-12-01,950,144,427,50,1094,477,2.29350104821803
"1558","Contra Costa County",2003-01-01,867,141,474,60,1008,534,1.8876404494382
"1559","Contra Costa County",2003-02-01,903,145,492,60,1048,552,1.89855072463768
"1560","Contra Costa County",2003-03-01,928,146,511,62,1074,573,1.87434554973822
"1561","Contra Costa County",2003-04-01,918,138,502,57,1056,559,1.88908765652952
"1562","Contra Costa County",2003-05-01,884,113,536,44,997,580,1.71896551724138
"1563","Contra Costa County",2003-06-01,836,148,535,63,984,598,1.64548494983278
"1564","Contra Costa County",2003-07-01,841,138,539,61,979,600,1.63166666666667
"1565","Contra Costa County",2003-08-01,865,119,523,54,984,577,1.7053726169844
"1566","Contra Costa County",2003-09-01,838,126,504,60,964,564,1.70921985815603
"1567","Contra Costa County",2003-10-01,849,120,510,59,969,569,1.70298769771529
"1568","Contra Costa County",2003-11-01,796,118,524,58,914,582,1.57044673539519
"1569","Contra Costa County",2003-12-01,840,137,468,51,977,519,1.88246628131021
"1570","Contra Costa County",2004-01-01,895,127,481,47,1022,528,1.93560606060606
"1571","Contra Costa County",2004-02-01,938,128,536,50,1066,586,1.81911262798635
"1572","Contra Costa County",2004-03-01,960,142,542,55,1102,597,1.84589614740369
"1573","Contra Costa County",2004-04-01,930,147,549,63,1077,612,1.75980392156863
"1574","Contra Costa County",2004-05-01,912,142,551,65,1054,616,1.71103896103896
"1575","Contra Costa County",2004-06-01,915,140,547,63,1055,610,1.72950819672131
"1576","Contra Costa County",2004-07-01,931,139,547,56,1070,603,1.77446102819237
"1577","Contra Costa County",2004-08-01,949,159,496,51,1108,547,2.02559414990859
"1578","Contra Costa County",2004-09-01,979,166,514,52,1145,566,2.02296819787986
"1579","Contra Costa County",2004-10-01,921,161,501,53,1082,554,1.95306859205776
"1580","Contra Costa County",2004-11-01,927,165,475,46,1092,521,2.09596928982726
"1581","Contra Costa County",2004-12-01,890,154,468,44,1044,512,2.0390625
"1582","Contra Costa County",2005-01-01,895,158,453,46,1053,499,2.11022044088176
"1583","Contra Costa County",2005-02-01,934,147,468,45,1081,513,2.10721247563353
"1584","Contra Costa County",2005-03-01,943,137,490,41,1080,531,2.03389830508475
"1585","Contra Costa County",2005-04-01,953,135,530,46,1088,576,1.88888888888889
"1586","Contra Costa County",2005-05-01,937,129,541,48,1066,589,1.80984719864177
"1587","Contra Costa County",2005-06-01,943,139,538,49,1082,587,1.84327086882453
"1588","Contra Costa County",2005-07-01,973,137,556,49,1110,605,1.83471074380165
"1589","Contra Costa County",2005-08-01,956,138,560,49,1094,609,1.79638752052545
"1590","Contra Costa County",2005-09-01,945,137,579,49,1082,628,1.72292993630573
"1591","Contra Costa County",2005-10-01,957,150,564,49,1107,613,1.80587275693312
"1592","Contra Costa County",2005-11-01,969,153,531,46,1122,577,1.94454072790295
"1593","Contra Costa County",2005-12-01,916,140,526,45,1056,571,1.84938704028021
"1594","Contra Costa County",2006-01-01,881,140,550,55,1021,605,1.68760330578512
"1595","Contra Costa County",2006-02-01,859,149,540,53,1008,593,1.69983136593592
"1596","Contra Costa County",2006-03-01,839,147,545,61,986,606,1.62706270627063
"1597","Contra Costa County",2006-04-01,903,152,548,57,1055,605,1.74380165289256
"1598","Contra Costa County",2006-05-01,879,147,559,57,1026,616,1.66558441558442
"1599","Contra Costa County",2006-06-01,867,143,552,55,1010,607,1.66392092257002
"1600","Contra Costa County",2006-07-01,903,146,557,52,1049,609,1.72249589490969
"1601","Contra Costa County",2006-08-01,911,146,552,52,1057,604,1.75
"1602","Contra Costa County",2006-09-01,920,144,572,54,1064,626,1.69968051118211
"1603","Contra Costa County",2006-10-01,921,154,574,59,1075,633,1.69826224328594
"1604","Contra Costa County",2006-11-01,902,150,554,57,1052,611,1.72176759410802
"1605","Contra Costa County",2006-12-01,882,148,484,44,1030,528,1.95075757575758
"1606","Contra Costa County",2007-01-01,878,130,532,47,1008,579,1.74093264248705
"1607","Contra Costa County",2007-02-01,895,133,537,47,1028,584,1.76027397260274
"1608","Contra Costa County",2007-03-01,906,131,520,43,1037,563,1.84191829484902
"1609","Contra Costa County",2007-04-01,951,137,481,43,1088,524,2.0763358778626
"1610","Contra Costa County",2007-05-01,928,129,525,64,1057,589,1.79456706281834
"1611","Contra Costa County",2007-06-01,933,117,518,40,1050,558,1.88172043010753
"1612","Contra Costa County",2007-07-01,963,129,486,40,1092,526,2.07604562737643
"1613","Contra Costa County",2007-08-01,970,142,460,38,1112,498,2.23293172690763
"1614","Contra Costa County",2007-09-01,973,143,463,39,1116,502,2.22310756972112
"1615","Contra Costa County",2007-10-01,966,151,451,45,1117,496,2.25201612903226
"1616","Contra Costa County",2007-11-01,988,155,475,44,1143,519,2.20231213872832
"1617","Contra Costa County",2007-12-01,938,139,464,41,1077,505,2.13267326732673
"1618","Contra Costa County",2008-01-01,918,133,470,43,1051,513,2.04873294346979
"1619","Contra Costa County",2008-02-01,895,123,454,42,1018,496,2.05241935483871
"1620","Contra Costa County",2008-03-01,871,126,421,38,997,459,2.17211328976035
"1621","Contra Costa County",2008-04-01,877,117,417,38,994,455,2.18461538461538
"1622","Contra Costa County",2008-05-01,862,118,450,42,980,492,1.99186991869919
"1623","Contra Costa County",2008-06-01,864,119,438,42,983,480,2.04791666666667
"1624","Contra Costa County",2008-07-01,972,112,367,41,1084,408,2.65686274509804
"1625","Contra Costa County",2008-08-01,876,106,411,44,982,455,2.15824175824176
"1626","Contra Costa County",2008-09-01,841,96,431,73,937,504,1.85912698412698
"1627","Contra Costa County",2008-10-01,1091,194,155,13,1285,168,7.64880952380952
"1628","Contra Costa County",2008-11-01,1079,129,355,54,1208,409,2.95354523227384
"1629","Contra Costa County",2008-12-01,1192,206,164,14,1398,178,7.85393258426966
"1630","Contra Costa County",2009-01-01,1217,212,179,15,1429,194,7.3659793814433
"1631","Contra Costa County",2009-02-01,1240,218,190,15,1458,205,7.11219512195122
"1632","Contra Costa County",2009-03-01,1111,138,297,41,1249,338,3.69526627218935
"1633","Contra Costa County",2009-04-01,1179,205,170,14,1384,184,7.52173913043478
"1634","Contra Costa County",2009-05-01,1008,156,341,65,1164,406,2.86699507389163
"1635","Contra Costa County",2009-06-01,1192,214,170,15,1406,185,7.6
"1636","Contra Costa County",2009-07-01,1174,208,167,15,1382,182,7.59340659340659
"1637","Contra Costa County",2009-08-01,1177,202,175,14,1379,189,7.2962962962963
"1638","Contra Costa County",2009-09-01,1176,206,175,14,1382,189,7.31216931216931
"1639","Contra Costa County",2009-10-01,1126,199,193,14,1325,207,6.40096618357488
"1640","Contra Costa County",2009-11-01,1098,206,187,14,1304,201,6.48756218905473
"1641","Contra Costa County",2009-12-01,964,160,277,49,1124,326,3.4478527607362
"1642","Contra Costa County",2010-01-01,961,158,276,49,1119,325,3.44307692307692
"1643","Contra Costa County",2010-02-01,1064,147,166,38,1211,204,5.93627450980392
"1644","Contra Costa County",2010-03-01,918,148,258,51,1066,309,3.44983818770227
"1645","Contra Costa County",2010-04-01,1033,156,268,43,1189,311,3.82315112540193
"1646","Contra Costa County",2010-05-01,1013,151,290,41,1164,331,3.5166163141994
"1647","Contra Costa County",2010-06-01,1091,166,272,43,1257,315,3.99047619047619
"1648","Contra Costa County",2010-07-01,1109,170,246,34,1279,280,4.56785714285714
"1649","Contra Costa County",2010-08-01,1162,181,219,29,1343,248,5.41532258064516
"1650","Contra Costa County",2010-09-01,1238,183,230,28,1421,258,5.5077519379845
"1651","Contra Costa County",2010-10-01,1202,174,216,24,1376,240,5.73333333333333
"1652","Contra Costa County",2010-11-01,1213,177,219,23,1390,242,5.74380165289256
"1653","Contra Costa County",2010-12-01,1186,180,189,22,1366,211,6.4739336492891
"1654","Contra Costa County",2011-01-01,1175,156,220,20,1331,240,5.54583333333333
"1655","Contra Costa County",2011-02-01,1158,149,228,24,1307,252,5.18650793650794
"1656","Contra Costa County",2011-03-01,1101,156,221,22,1257,243,5.17283950617284
"1657","Contra Costa County",2011-04-01,1080,149,209,23,1229,232,5.29741379310345
"1658","Contra Costa County",2011-05-01,1087,147,216,19,1234,235,5.25106382978723
"1659","Contra Costa County",2011-06-01,1115,131,190,18,1246,208,5.99038461538461
"1660","Contra Costa County",2011-07-01,1115,129,202,21,1244,223,5.57847533632287
"1661","Contra Costa County",2011-08-01,1103,121,179,18,1224,197,6.21319796954315
"1662","Contra Costa County",2011-09-01,1102,124,190,17,1226,207,5.92270531400966
"1663","Contra Costa County",2011-10-01,1138,120,196,22,1258,218,5.77064220183486
"1664","Contra Costa County",2011-11-01,1104,126,253,25,1230,278,4.42446043165468
"1665","Contra Costa County",2011-12-01,823,134,365,29,957,394,2.42893401015228
"1666","Contra Costa County",2012-01-01,890,136,412,32,1026,444,2.31081081081081
"1667","Contra Costa County",2012-02-01,1001,139,348,25,1140,373,3.05630026809651
"1668","Contra Costa County",2012-03-01,991,142,342,21,1133,363,3.12121212121212
"1669","Contra Costa County",2012-04-01,1047,144,365,25,1191,390,3.05384615384615
"1670","Contra Costa County",2012-05-01,1042,146,401,28,1188,429,2.76923076923077
"1671","Contra Costa County",2012-06-01,1021,150,408,26,1171,434,2.69815668202765
"1672","Contra Costa County",2012-07-01,1020,146,408,22,1166,430,2.71162790697674
"1673","Contra Costa County",2012-08-01,1039,145,391,21,1184,412,2.87378640776699
"1674","Contra Costa County",2012-09-01,1055,141,417,15,1196,432,2.76851851851852
"1675","Contra Costa County",2012-10-01,1050,149,412,25,1199,437,2.74370709382151
"1676","Contra Costa County",2012-11-01,1051,142,414,20,1193,434,2.74884792626728
"1677","Contra Costa County",2012-12-01,990,150,290,21,1140,311,3.66559485530547
"1678","Contra Costa County",2013-01-01,995,139,314,14,1134,328,3.45731707317073
"1679","Contra Costa County",2013-02-01,979,131,307,10,1110,317,3.50157728706625
"1680","Contra Costa County",2013-03-01,1041,127,307,15,1168,322,3.62732919254658
"1681","Contra Costa County",2013-04-01,1003,134,302,14,1137,316,3.59810126582278
"1682","Contra Costa County",2013-05-01,1001,134,326,18,1135,344,3.29941860465116
"1683","Contra Costa County",2013-06-01,988,155,291,29,1143,320,3.571875
"1684","Contra Costa County",2013-07-01,993,157,313,30,1150,343,3.35276967930029
"1685","Contra Costa County",2013-08-01,1020,153,336,24,1173,360,3.25833333333333
"1686","Contra Costa County",2013-09-01,1027,151,372,22,1178,394,2.98984771573604
"1687","Contra Costa County",2013-10-01,1034,183,368,25,1217,393,3.09669211195929
"1688","Contra Costa County",2013-11-01,1057,162,353,15,1219,368,3.3125
"1689","Contra Costa County",2013-12-01,1066,135,312,22,1201,334,3.59580838323353
"1690","Contra Costa County",2014-01-01,1068,132,312,21,1200,333,3.6036036036036
"1691","Contra Costa County",2014-02-01,1065,129,314,15,1194,329,3.62917933130699
"1692","Contra Costa County",2014-03-01,1051,124,378,19,1175,397,2.95969773299748
"1693","Contra Costa County",2014-04-01,1062,144,388,40,1206,428,2.81775700934579
"1694","Contra Costa County",2014-05-01,977,98,472,108,1075,580,1.85344827586207
"1695","Contra Costa County",2014-06-01,999,101,489,105,1100,594,1.85185185185185
"1696","Contra Costa County",2014-07-01,990,100,495,106,1090,601,1.81364392678869
"1697","Contra Costa County",2014-08-01,913,101,484,112,1014,596,1.70134228187919
"1698","Contra Costa County",2014-09-01,906,106,527,117,1012,644,1.57142857142857
"1699","Contra Costa County",2014-10-01,889,125,472,67,1014,539,1.88126159554731
"1700","Contra Costa County",2014-11-01,797,106,454,43,903,497,1.8169014084507
"1701","Contra Costa County",2014-12-01,731,93,380,45,824,425,1.93882352941176
"1702","Contra Costa County",2015-01-01,835,133,276,11,968,287,3.37282229965157
"1703","Contra Costa County",2015-02-01,874,119,277,10,993,287,3.45993031358885
"1704","Contra Costa County",2015-03-01,883,140,305,30,1023,335,3.05373134328358
"1705","Contra Costa County",2015-04-01,883,138,311,16,1021,327,3.12232415902141
"1706","Contra Costa County",2015-05-01,889,110,319,35,999,354,2.82203389830508
"1707","Contra Costa County",2015-06-01,967,141,299,42,1108,341,3.24926686217009
"1708","Contra Costa County",2015-07-01,890,167,299,52,1057,351,3.01139601139601
"1709","Contra Costa County",2015-08-01,896,142,297,51,1038,348,2.98275862068966
"1710","Contra Costa County",2015-09-01,946,122,335,45,1068,380,2.81052631578947
"1711","Contra Costa County",2015-10-01,1000,114,290,43,1114,333,3.34534534534535
"1712","Contra Costa County",2015-11-01,964,170,255,36,1134,291,3.89690721649485
"1713","Contra Costa County",2015-12-01,871,160,291,38,1031,329,3.13373860182371
"1714","Contra Costa County",2016-01-01,855,138,343,42,993,385,2.57922077922078
"1715","Contra Costa County",2016-02-01,1037,143,257,33,1180,290,4.06896551724138
"1716","Contra Costa County",2016-03-01,899,178,264,38,1077,302,3.56622516556291
"1717","Contra Costa County",2016-04-01,950,181,214,52,1131,266,4.25187969924812
"1718","Contra Costa County",2016-05-01,957,170,230,39,1127,269,4.18959107806691
"1719","Contra Costa County",2016-06-01,1011,145,200,34,1156,234,4.94017094017094
"1720","Contra Costa County",2016-07-01,911,189,228,46,1100,274,4.01459854014599
"1721","Contra Costa County",2016-08-01,923,188,254,35,1111,289,3.84429065743945
"1722","Contra Costa County",2016-09-01,969,184,280,34,1153,314,3.67197452229299
"1723","Contra Costa County",2016-10-01,1043,173,245,37,1216,282,4.31205673758865
"1724","Contra Costa County",2016-11-01,1011,172,248,53,1183,301,3.93023255813953
"1725","Contra Costa County",2016-12-01,977,204,249,49,1181,298,3.96308724832215
"1726","Contra Costa County",2017-01-01,991,185,265,57,1176,322,3.65217391304348
"1727","Contra Costa County",2017-02-01,1042,151,286,41,1193,327,3.64831804281346
"1728","Contra Costa County",2017-03-01,993,188,297,45,1181,342,3.45321637426901
"1729","Contra Costa County",2017-04-01,1061,152,275,72,1213,347,3.49567723342939
"1730","Contra Costa County",2017-05-01,922,205,329,86,1127,415,2.71566265060241
"1731","Contra Costa County",2017-06-01,1028,185,268,83,1213,351,3.45584045584046
"1732","Contra Costa County",2017-07-01,922,217,266,76,1139,342,3.33040935672515
"1733","Contra Costa County",2017-08-01,937,128,311,77,1065,388,2.74484536082474
"1734","Contra Costa County",2017-09-01,909,194,315,60,1103,375,2.94133333333333
"1735","Contra Costa County",2017-10-01,934,190,305,77,1124,382,2.94240837696335
"1736","Contra Costa County",2017-11-01,947,204,282,66,1151,348,3.30747126436782
"1737","Contra Costa County",2017-12-01,964,134,269,68,1098,337,3.25816023738872
"1738","Contra Costa County",2018-01-01,894,189,265,68,1083,333,3.25225225225225
"1739","Contra Costa County",2018-02-01,940,146,260,68,1086,328,3.3109756097561
"1740","Contra Costa County",2018-03-01,929,162,285,42,1091,327,3.33639143730887
"1741","Contra Costa County",2018-04-01,900,168,306,54,1068,360,2.96666666666667
"1742","Contra Costa County",2018-05-01,956,163,290,70,1119,360,3.10833333333333
"1743","Contra Costa County",2018-06-01,996,110,284,66,1106,350,3.16
"1744","Contra Costa County",2018-07-01,956,108,295,63,1064,358,2.97206703910615
"1745","Contra Costa County",2018-08-01,828,147,335,39,975,374,2.60695187165775
"1746","Contra Costa County",2018-09-01,823,109,298,49,932,347,2.68587896253602
"1747","Contra Costa County",2018-10-01,772,116,324,50,888,374,2.37433155080214
"1748","Contra Costa County",2018-11-01,846,145,252,41,991,293,3.38225255972696
"1749","Contra Costa County",2018-12-01,803,148,257,41,951,298,3.19127516778523
"1750","Contra Costa County",2019-01-01,791,125,305,49,916,354,2.58757062146893
"1751","Contra Costa County",2019-02-01,822,121,332,36,943,368,2.5625
"1752","Contra Costa County",2019-03-01,829,101,313,45,930,358,2.59776536312849
"1753","Contra Costa County",2019-04-01,836,111,309,36,947,345,2.74492753623188
"1754","Contra Costa County",2019-05-01,847,89,217,60,936,277,3.37906137184116
"1755","Contra Costa County",2019-06-01,724,103,296,40,827,336,2.46130952380952
"1756","Contra Costa County",2019-07-01,755,127,246,18,882,264,3.34090909090909
"1757","Contra Costa County",2019-08-01,704,138,250,31,842,281,2.99644128113879
"1758","Contra Costa County",2019-09-01,715,192,217,31,907,248,3.65725806451613
"1759","Contra Costa County",2019-10-01,709,154,235,33,863,268,3.22014925373134
"1760","Contra Costa County",2019-11-01,787,153,238,32,940,270,3.48148148148148
"1761","Contra Costa County",2019-12-01,717,136,215,27,853,242,3.52479338842975
"1762","Contra Costa County",2020-01-01,721,129,222,31,850,253,3.3596837944664
"1763","Contra Costa County",2020-02-01,804,120,134,35,924,169,5.46745562130178
"1764","Contra Costa County",2020-03-01,806,71,117,14,877,131,6.69465648854962
"1765","Del Norte County",1995-10-01,65.83,7.22,0,0,73.05,0,Inf
"1766","Del Norte County",1995-11-01,65.57,9.43,0,0,75,0,Inf
"1767","Del Norte County",1995-12-01,77,0,0,0,77,0,Inf
"1768","Del Norte County",1996-01-01,40,8,27,5,48,32,1.5
"1769","Del Norte County",1996-02-01,44,10,30,7,54,37,1.45945945945946
"1770","Del Norte County",1996-03-01,42,9,28,6,51,34,1.5
"1771","Del Norte County",1996-04-01,69.13,16.87,0,0,86,0,Inf
"1772","Del Norte County",1996-05-01,76.26,16.74,0,0,93,0,Inf
"1773","Del Norte County",1996-06-01,71.44,11.56,0,0,83,0,Inf
"1774","Del Norte County",1996-07-01,84.7,15.3,0,0,100,0,Inf
"1775","Del Norte County",1996-08-01,76.94,19.06,0,0,96,0,Inf
"1776","Del Norte County",1996-09-01,85.38,18.62,0,0,104,0,Inf
"1777","Del Norte County",1996-10-01,79.55,22.45,0,0,102,0,Inf
"1778","Del Norte County",1996-11-01,77.13,15.87,0,0,93,0,Inf
"1779","Del Norte County",1996-12-01,63.24,20.76,0,0,84,0,Inf
"1780","Del Norte County",1997-01-01,20,4,56,8,24,64,0.375
"1781","Del Norte County",1997-02-01,22,8,61,9,30,70,0.428571428571429
"1782","Del Norte County",1997-03-01,32,5,57,7,37,64,0.578125
"1783","Del Norte County",1997-04-01,20,7,60,10,27,70,0.385714285714286
"1784","Del Norte County",1997-05-01,18,9,60,10,27,70,0.385714285714286
"1785","Del Norte County",1997-06-01,32,8,41,7,40,48,0.833333333333333
"1786","Del Norte County",1997-07-01,57.6,11.48,24.7,4.92,69.08,29.62,2.33220796758947
"1787","Del Norte County",1997-08-01,62.58,12.74,26.82,5.46,75.32,32.28,2.33333333333333
"1788","Del Norte County",1997-09-01,55.23,12.18,23.67,5.22,67.41,28.89,2.33333333333333
"1789","Del Norte County",1997-10-01,64.82,11.41,27.78,4.89,76.23,32.67,2.33333333333333
"1790","Del Norte County",1997-11-01,74.06,8.26,31.74,3.54,82.32,35.28,2.33333333333333
"1791","Del Norte County",1997-12-01,67.08,10.17,28.74,4.36,77.25,33.1,2.33383685800604
"1792","Del Norte County",1998-01-01,74.42,8.78,31.9,3.76,83.2,35.66,2.3331463825014
"1793","Del Norte County",1998-02-01,74.74,8,32.03,3.42,82.74,35.45,2.33399153737659
"1794","Del Norte County",1998-03-01,69.47,11.08,29.77,4.75,80.55,34.52,2.33342989571263
"1795","Del Norte County",1998-04-01,70.91,8.47,30.39,3.63,79.38,34.02,2.33333333333333
"1796","Del Norte County",1998-05-01,70.65,6.82,30.27,2.92,77.47,33.19,2.33413678818921
"1797","Del Norte County",1998-06-01,56.74,9.45,30.55,3.15,66.19,33.7,1.96409495548961
"1798","Del Norte County",1998-07-01,51.32,8.08,27.63,4.32,59.4,31.95,1.85915492957746
"1799","Del Norte County",1998-08-01,50.61,8,29.72,4.34,58.61,34.06,1.72078684674104
"1800","Del Norte County",1998-09-01,43.5,8,41,2,51.5,43,1.19767441860465
"1801","Del Norte County",1998-10-01,47.71,4.24,47.71,6.36,51.95,54.07,0.960791566487886
"1802","Del Norte County",1998-11-01,45.36,2.3,37.74,6.43,47.66,44.17,1.07901290468644
"1803","Del Norte County",1998-12-01,44.06,4.7,39.09,5.6,48.76,44.69,1.09107182814947
"1804","Del Norte County",1999-01-01,47.78,7.11,41.69,5.09,54.89,46.78,1.17336468576315
"1805","Del Norte County",1999-02-01,31,4,28,11,35,39,0.897435897435897
"1806","Del Norte County",1999-03-01,41,11,25,8,52,33,1.57575757575758
"1807","Del Norte County",1999-04-01,54.52,10.32,27.26,5.16,64.84,32.42,2
"1808","Del Norte County",1999-05-01,25.98,4.73,51.96,9.44,30.71,61.4,0.500162866449511
"1809","Del Norte County",1999-06-01,67.98,7.68,33.99,3.84,75.66,37.83,2
"1810","Del Norte County",1999-07-01,66.62,8.89,33.31,4.99,75.51,38.3,1.97154046997389
"1811","Del Norte County",1999-08-01,50.13,8.45,29.42,6.3,58.58,35.72,1.63997760358343
"1812","Del Norte County",1999-09-01,46.71,8.91,31.14,5.94,55.62,37.08,1.5
"1813","Del Norte County",1999-10-01,60.42,10.11,40.78,6.74,70.53,47.52,1.48421717171717
"1814","Del Norte County",1999-11-01,61.68,8.37,30.87,5.58,70.05,36.45,1.92181069958848
"1815","Del Norte County",1999-12-01,53.34,6.63,35.56,4.42,59.97,39.98,1.5
"1816","Del Norte County",2000-01-01,63.54,8.28,42.36,5.52,71.82,47.88,1.5
"1817","Del Norte County",2000-02-01,58.8,9.6,39.2,6.4,68.4,45.6,1.5
"1818","Del Norte County",2000-03-01,58,8,36,6,66,42,1.57142857142857
"1819","Del Norte County",2000-04-01,56.4,5.6,37.6,8.4,62,46,1.34782608695652
"1820","Del Norte County",2000-05-01,55.95,8.07,37.3,8.07,64.02,45.37,1.41106458011902
"1821","Del Norte County",2000-06-01,60.57,7.7,40.38,11.55,68.27,51.93,1.31465434238398
"1822","Del Norte County",2000-07-01,66.72,7.12,44.48,10.68,73.84,55.16,1.33865119651922
"1823","Del Norte County",2000-08-01,74.14,7.12,37.07,10.67,81.26,47.74,1.70213657310431
"1824","Del Norte County",2000-09-01,66.84,6.08,44.49,9.2,72.92,53.69,1.35816725647234
"1825","Del Norte County",2000-10-01,66,6,44,10,72,54,1.33333333333333
"1826","Del Norte County",2000-11-01,65,8,43,9,73,52,1.40384615384615
"1827","Del Norte County",2000-12-01,56,8,38,8,64,46,1.39130434782609
"1828","Del Norte County",2001-01-01,56,8,36,7,64,43,1.48837209302326
"1829","Del Norte County",2001-02-01,56,8,39,8,64,47,1.36170212765957
"1830","Del Norte County",2001-03-01,59,11,40,7,70,47,1.48936170212766
"1831","Del Norte County",2001-04-01,67,10,45,7,77,52,1.48076923076923
"1832","Del Norte County",2001-05-01,71,6,35,9,77,44,1.75
"1833","Del Norte County",2001-06-01,70,9,35,6,79,41,1.92682926829268
"1834","Del Norte County",2001-07-01,58,8,37,4,66,41,1.60975609756098
"1835","Del Norte County",2001-08-01,59,10,38,7,69,45,1.53333333333333
"1836","Del Norte County",2001-09-01,47,7,53,10,54,63,0.857142857142857
"1837","Del Norte County",2001-10-01,57,11,43,9,68,52,1.30769230769231
"1838","Del Norte County",2001-11-01,55,11,45,6,66,51,1.29411764705882
"1839","Del Norte County",2001-12-01,48,10,40,7,58,47,1.23404255319149
"1840","Del Norte County",2002-01-01,59,10,43,7,69,50,1.38
"1841","Del Norte County",2002-02-01,62,9,47,12,71,59,1.20338983050847
"1842","Del Norte County",2002-03-01,72,11,48,8,83,56,1.48214285714286
"1843","Del Norte County",2002-04-01,90,9,17,6,99,23,4.30434782608696
"1844","Del Norte County",2002-05-01,53,13,18,7,66,25,2.64
"1845","Del Norte County",2002-06-01,54,14,34,7,68,41,1.65853658536585
"1846","Del Norte County",2002-07-01,63,14,19,7,77,26,2.96153846153846
"1847","Del Norte County",2002-08-01,50,18,19,7,68,26,2.61538461538462
"1848","Del Norte County",2002-09-01,61,24,14,9,85,23,3.69565217391304
"1849","Del Norte County",2002-10-01,57,12,44,6,69,50,1.38
"1850","Del Norte County",2002-11-01,56,16,38,4,72,42,1.71428571428571
"1851","Del Norte County",2002-12-01,70,15,19,8,85,27,3.14814814814815
"1852","Del Norte County",2003-01-01,84,8,21,10,92,31,2.96774193548387
"1853","Del Norte County",2003-02-01,45,5,49,16,50,65,0.769230769230769
"1854","Del Norte County",2003-03-01,38,19,49,26,57,75,0.76
"1855","Del Norte County",2003-04-01,44,4,56,16,48,72,0.666666666666667
"1856","Del Norte County",2003-05-01,44,11,51,19,55,70,0.785714285714286
"1857","Del Norte County",2003-06-01,49,9,47,16,58,63,0.920634920634921
"1858","Del Norte County",2003-07-01,47,7,44,12,54,56,0.964285714285714
"1859","Del Norte County",2003-08-01,53,8,41,16,61,57,1.07017543859649
"1860","Del Norte County",2003-09-01,36,20,42,30,56,72,0.777777777777778
"1861","Del Norte County",2003-10-01,23,15,45,29,38,74,0.513513513513513
"1862","Del Norte County",2003-11-01,40,2,31,15,42,46,0.91304347826087
"1863","Del Norte County",2003-12-01,45,6,28,19,51,47,1.08510638297872
"1864","Del Norte County",2004-01-01,19,4,78,16,23,94,0.24468085106383
"1865","Del Norte County",2004-02-01,28,4,58,12,32,70,0.457142857142857
"1866","Del Norte County",2004-03-01,48,12,11,28,60,39,1.53846153846154
"1867","Del Norte County",2004-04-01,44,4,64,17,48,81,0.592592592592593
"1868","Del Norte County",2004-05-01,38,6,64,12,44,76,0.578947368421053
"1869","Del Norte County",2004-06-01,40,5,58,11,45,69,0.652173913043478
"1870","Del Norte County",2004-07-01,41,3,52,10,44,62,0.709677419354839
"1871","Del Norte County",2004-08-01,37,10,63,9,47,72,0.652777777777778
"1872","Del Norte County",2004-09-01,35,13,62,12,48,74,0.648648648648649
"1873","Del Norte County",2004-10-01,49,10,63,19,59,82,0.719512195121951
"1874","Del Norte County",2004-11-01,45,10,59,12,55,71,0.774647887323944
"1875","Del Norte County",2004-12-01,46,9,71,5,55,76,0.723684210526316
"1876","Del Norte County",2005-01-01,39,14,78,13,53,91,0.582417582417582
"1877","Del Norte County",2005-02-01,31,9,87,13,40,100,0.4
"1878","Del Norte County",2005-03-01,60,9,59,13,69,72,0.958333333333333
"1879","Del Norte County",2005-04-01,67,7,64,14,74,78,0.948717948717949
"1880","Del Norte County",2005-05-01,50,7,58,13,57,71,0.802816901408451
"1881","Del Norte County",2005-06-01,63,12,47,13,75,60,1.25
"1882","Del Norte County",2005-07-01,51,9,49,11,60,60,1
"1883","Del Norte County",2005-08-01,57,9,42,9,66,51,1.29411764705882
"1884","Del Norte County",2005-09-01,59,11,38,7,70,45,1.55555555555556
"1885","Del Norte County",2005-10-01,62,9,36,13,71,49,1.44897959183673
"1886","Del Norte County",2005-11-01,55,5,46,10,60,56,1.07142857142857
"1887","Del Norte County",2005-12-01,52,7,37,8,59,45,1.31111111111111
"1888","Del Norte County",2006-01-01,65,8,33,11,73,44,1.65909090909091
"1889","Del Norte County",2006-02-01,65,8,46,12,73,58,1.25862068965517
"1890","Del Norte County",2006-03-01,72,14,42,9,86,51,1.68627450980392
"1891","Del Norte County",2006-04-01,63,10,36,13,73,49,1.48979591836735
"1892","Del Norte County",2006-05-01,49,7,58,13,56,71,0.788732394366197
"1893","Del Norte County",2006-06-01,74,16,45,10,90,55,1.63636363636364
"1894","Del Norte County",2006-07-01,61,8,41,19,69,60,1.15
"1895","Del Norte County",2006-08-01,62,7,36,17,69,53,1.30188679245283
"1896","Del Norte County",2006-09-01,61,8,41,19,69,60,1.15
"1897","Del Norte County",2006-10-01,63,8,45,14,71,59,1.20338983050847
"1898","Del Norte County",2006-11-01,59,9,47,12,68,59,1.15254237288136
"1899","Del Norte County",2006-12-01,57,10,50,12,67,62,1.08064516129032
"1900","Del Norte County",2007-01-01,64,10,55,11,74,66,1.12121212121212
"1901","Del Norte County",2007-02-01,66,12,51,13,78,64,1.21875
"1902","Del Norte County",2007-03-01,73,11,49,12,84,61,1.37704918032787
"1903","Del Norte County",2007-04-01,68,13,47,11,81,58,1.39655172413793
"1904","Del Norte County",2007-05-01,67,14,41,10,81,51,1.58823529411765
"1905","Del Norte County",2007-06-01,61,12,45,17,73,62,1.17741935483871
"1906","Del Norte County",2007-07-01,64,9,43,17,73,60,1.21666666666667
"1907","Del Norte County",2007-08-01,78,8,43,16,86,59,1.45762711864407
"1908","Del Norte County",2007-09-01,74,6,39,12,80,51,1.56862745098039
"1909","Del Norte County",2007-10-01,70,8,42,11,78,53,1.47169811320755
"1910","Del Norte County",2007-11-01,79,6,45,14,85,59,1.44067796610169
"1911","Del Norte County",2007-12-01,74,8,44,16,82,60,1.36666666666667
"1912","Del Norte County",2008-01-01,71,14,47,14,85,61,1.39344262295082
"1913","Del Norte County",2008-02-01,65,11,48,14,76,62,1.2258064516129
"1914","Del Norte County",2008-03-01,57,10,49,12,67,61,1.09836065573771
"1915","Del Norte County",2008-04-01,66,9,50,14,75,64,1.171875
"1916","Del Norte County",2008-05-01,70,10,48,15,80,63,1.26984126984127
"1917","Del Norte County",2008-06-01,76,11,42,14,87,56,1.55357142857143
"1918","Del Norte County",2008-07-01,77,10,40,13,87,53,1.64150943396226
"1919","Del Norte County",2008-08-01,74,7,41,15,81,56,1.44642857142857
"1920","Del Norte County",2008-09-01,74,8,45,17,82,62,1.32258064516129
"1921","Del Norte County",2008-10-01,78,9,47,13,87,60,1.45
"1922","Del Norte County",2008-11-01,73,11,42,9,84,51,1.64705882352941
"1923","Del Norte County",2008-12-01,85,10,34,9,95,43,2.2093023255814
"1924","Del Norte County",2009-01-01,79,11,38,12,90,50,1.8
"1925","Del Norte County",2009-02-01,79,12,35,14,91,49,1.85714285714286
"1926","Del Norte County",2009-03-01,67,11,52,13,78,65,1.2
"1927","Del Norte County",2009-04-01,56,10,57,16,66,73,0.904109589041096
"1928","Del Norte County",2009-05-01,70,10,48,15,80,63,1.26984126984127
"1929","Del Norte County",2009-06-01,66,12,36,11,78,47,1.65957446808511
"1930","Del Norte County",2009-07-01,77,10,40,13,87,53,1.64150943396226
"1931","Del Norte County",2009-08-01,71,8,33,9,79,42,1.88095238095238
"1932","Del Norte County",2009-09-01,70,8,36,8,78,44,1.77272727272727
"1933","Del Norte County",2009-10-01,68,8,30,9,76,39,1.94871794871795
"1934","Del Norte County",2009-11-01,58,9,32,13,67,45,1.48888888888889
"1935","Del Norte County",2009-12-01,58,8,36,13,66,49,1.3469387755102
"1936","Del Norte County",2010-01-01,59,7,34,10,66,44,1.5
"1937","Del Norte County",2010-02-01,67,8,28,11,75,39,1.92307692307692
"1938","Del Norte County",2010-03-01,71,9,28,8,80,36,2.22222222222222
"1939","Del Norte County",2010-04-01,76,7,25,6,83,31,2.67741935483871
"1940","Del Norte County",2010-05-01,76,7,31,5,83,36,2.30555555555556
"1941","Del Norte County",2010-06-01,75,8,28,8,83,36,2.30555555555556
"1942","Del Norte County",2010-07-01,75,7,28,10,82,38,2.15789473684211
"1943","Del Norte County",2010-08-01,70,7,29,13,77,42,1.83333333333333
"1944","Del Norte County",2010-09-01,60,7,29,12,67,41,1.63414634146341
"1945","Del Norte County",2010-10-01,68,8,28,13,76,41,1.85365853658537
"1946","Del Norte County",2010-11-01,71,8,23,12,79,35,2.25714285714286
"1947","Del Norte County",2010-12-01,58,8,23,14,66,37,1.78378378378378
"1948","Del Norte County",2011-01-01,66,6,29,15,72,44,1.63636363636364
"1949","Del Norte County",2011-02-01,71,7,33,9,78,42,1.85714285714286
"1950","Del Norte County",2011-03-01,66,5,35,9,71,44,1.61363636363636
"1951","Del Norte County",2011-04-01,62,4,39,10,66,49,1.3469387755102
"1952","Del Norte County",2011-05-01,68,8,35,7,76,42,1.80952380952381
"1953","Del Norte County",2011-06-01,59,5,34,9,64,43,1.48837209302326
"1954","Del Norte County",2011-07-01,58,2,36,13,60,49,1.22448979591837
"1955","Del Norte County",2011-08-01,55,4,28,11,59,39,1.51282051282051
"1956","Del Norte County",2011-09-01,68,5,31,11,73,42,1.73809523809524
"1957","Del Norte County",2011-10-01,62,7,35,7,69,42,1.64285714285714
"1958","Del Norte County",2011-11-01,55,8,37,7,63,44,1.43181818181818
"1959","Del Norte County",2011-12-01,47,10,37,8,57,45,1.26666666666667
"1960","Del Norte County",2012-01-01,46,8,41,10,54,51,1.05882352941176
"1961","Del Norte County",2012-02-01,50,7,38,4,57,42,1.35714285714286
"1962","Del Norte County",2012-03-01,51,8,33,6,59,39,1.51282051282051
"1963","Del Norte County",2012-04-01,45,6,41,5,51,46,1.10869565217391
"1964","Del Norte County",2012-05-01,45,5,31,5,50,36,1.38888888888889
"1965","Del Norte County",2012-06-01,38,3,39,6,41,45,0.911111111111111
"1966","Del Norte County",2012-07-01,37,4,32,7,41,39,1.05128205128205
"1967","Del Norte County",2012-08-01,37,7,33,8,44,41,1.07317073170732
"1968","Del Norte County",2012-09-01,39,6,29,5,45,34,1.32352941176471
"1969","Del Norte County",2012-10-01,40,10,33,9,50,42,1.19047619047619
"1970","Del Norte County",2012-11-01,41,4,37,13,45,50,0.9
"1971","Del Norte County",2012-12-01,43,5,32,12,48,44,1.09090909090909
"1972","Del Norte County",2013-01-01,41,6,32,16,47,48,0.979166666666667
"1973","Del Norte County",2013-02-01,43,7,31,12,50,43,1.16279069767442
"1974","Del Norte County",2013-03-01,45,10,30,8,55,38,1.44736842105263
"1975","Del Norte County",2013-04-01,36,8,37,7,44,44,1
"1976","Del Norte County",2013-05-01,32,7,40,13,39,53,0.735849056603774
"1977","Del Norte County",2013-06-01,36,9,37,14,45,51,0.882352941176471
"1978","Del Norte County",2013-07-01,41,8,31,11,49,42,1.16666666666667
"1979","Del Norte County",2013-08-01,36,9,35,10,45,45,1
"1980","Del Norte County",2013-09-01,32,7,35,13,39,48,0.8125
"1981","Del Norte County",2013-10-01,33,6,27,15,39,42,0.928571428571429
"1982","Del Norte County",2013-11-01,29,7,30,17,36,47,0.765957446808511
"1983","Del Norte County",2013-12-01,31,7,30,13,38,43,0.883720930232558
"1984","Del Norte County",2014-01-01,40,6,38,11,46,49,0.938775510204082
"1985","Del Norte County",2014-02-01,38,7,38,11,45,49,0.918367346938776
"1986","Del Norte County",2014-03-01,42,7,33,12,49,45,1.08888888888889
"1987","Del Norte County",2014-04-01,39,7,37,12,46,49,0.938775510204082
"1988","Del Norte County",2014-05-01,40,6,44,11,46,55,0.836363636363636
"1989","Del Norte County",2014-06-01,36,5,46,12,41,58,0.706896551724138
"1990","Del Norte County",2014-07-01,39,5,44,13,44,57,0.771929824561403
"1991","Del Norte County",2014-08-01,44,6,41,12,50,53,0.943396226415094
"1992","Del Norte County",2014-09-01,44,7,32,12,51,44,1.15909090909091
"1993","Del Norte County",2014-10-01,41,7,32,14,48,46,1.04347826086957
"1994","Del Norte County",2014-11-01,44,5,36,14,49,50,0.98
"1995","Del Norte County",2014-12-01,37,4,33,11,41,44,0.931818181818182
"1996","Del Norte County",2015-01-01,36,6,32,11,42,43,0.976744186046512
"1997","Del Norte County",2015-02-01,39,7,35,12,46,47,0.978723404255319
"1998","Del Norte County",2015-03-01,37,6,48,8,43,56,0.767857142857143
"1999","Del Norte County",2015-04-01,38,6,47,8,44,55,0.8
"2000","Del Norte County",2015-05-01,39,7,42,11,46,53,0.867924528301887
"2001","Del Norte County",2015-06-01,40,7,32,7,47,39,1.20512820512821
"2002","Del Norte County",2015-07-01,39,9,30,7,48,37,1.2972972972973
"2003","Del Norte County",2015-08-01,44,5,28,6,49,34,1.44117647058824
"2004","Del Norte County",2015-09-01,48,6,28,6,54,34,1.58823529411765
"2005","Del Norte County",2015-10-01,40,7,31,7,47,38,1.23684210526316
"2006","Del Norte County",2015-11-01,37,9,37,9,46,46,1
"2007","Del Norte County",2015-12-01,49,11,35,7,60,42,1.42857142857143
"2008","Del Norte County",2016-01-01,42,8,42,10,50,52,0.961538461538462
"2009","Del Norte County",2016-02-01,38,10,46,9,48,55,0.872727272727273
"2010","Del Norte County",2016-03-01,39,12,44,11,51,55,0.927272727272727
"2011","Del Norte County",2016-04-01,34,12,51,10,46,61,0.754098360655738
"2012","Del Norte County",2016-05-01,27,10,55,15,37,70,0.528571428571429
"2013","Del Norte County",2016-06-01,36,13,46,12,49,58,0.844827586206897
"2014","Del Norte County",2016-07-01,34,10,53,11,44,64,0.6875
"2015","Del Norte County",2016-08-01,33,7,54,12,40,66,0.606060606060606
"2016","Del Norte County",2016-09-01,36,10,50,10,46,60,0.766666666666667
"2017","Del Norte County",2016-10-01,46,14,39,8,60,47,1.27659574468085
"2018","Del Norte County",2016-11-01,44,13,39,7,57,46,1.23913043478261
"2019","Del Norte County",2016-12-01,40,11,30,9,51,39,1.30769230769231
"2020","Del Norte County",2017-01-01,37,12,38,10,49,48,1.02083333333333
"2021","Del Norte County",2017-02-01,48,12,35,8,60,43,1.3953488372093
"2022","Del Norte County",2017-03-01,56,14,32,7,70,39,1.79487179487179
"2023","Del Norte County",2017-04-01,59,12,31,10,71,41,1.73170731707317
"2024","Del Norte County",2017-05-01,60,16,28,10,76,38,2
"2025","Del Norte County",2017-06-01,50,10,36,12,60,48,1.25
"2026","Del Norte County",2017-07-01,50,11,35,13,61,48,1.27083333333333
"2027","Del Norte County",2017-08-01,52,9,34,13,61,47,1.29787234042553
"2028","Del Norte County",2017-09-01,50,4,36,18,54,54,1
"2029","Del Norte County",2017-10-01,55,5,33,14,60,47,1.27659574468085
"2030","Del Norte County",2017-11-01,52,7,32,13,59,45,1.31111111111111
"2031","Del Norte County",2017-12-01,53,7,27,11,60,38,1.57894736842105
"2032","Del Norte County",2018-01-01,54,10,25,7,64,32,2
"2033","Del Norte County",2018-02-01,53,11,24,5,64,29,2.20689655172414
"2034","Del Norte County",2018-03-01,54,12,30,4,66,34,1.94117647058824
"2035","Del Norte County",2018-04-01,46,9,33,6,55,39,1.41025641025641
"2036","Del Norte County",2018-05-01,45,7,31,10,52,41,1.26829268292683
"2037","Del Norte County",2018-06-01,45,7,26,10,52,36,1.44444444444444
"2038","Del Norte County",2018-07-01,41,7,26,13,48,39,1.23076923076923
"2039","Del Norte County",2018-08-01,45,9,26,8,54,34,1.58823529411765
"2040","Del Norte County",2018-09-01,46,12,32,7,58,39,1.48717948717949
"2041","Del Norte County",2018-10-01,42,13,35,11,55,46,1.19565217391304
"2042","Del Norte County",2018-11-01,44,11,32,9,55,41,1.34146341463415
"2043","Del Norte County",2018-12-01,45,10,33,7,55,40,1.375
"2044","Del Norte County",2019-01-01,47,12,37,7,59,44,1.34090909090909
"2045","Del Norte County",2019-02-01,53,12,29,3,65,32,2.03125
"2046","Del Norte County",2019-03-01,47,11,33,4,58,37,1.56756756756757
"2047","Del Norte County",2019-04-01,41,11,29,5,52,34,1.52941176470588
"2048","Del Norte County",2019-05-01,44,14,29,9,58,38,1.52631578947368
"2049","Del Norte County",2019-06-01,54,14,31,9,68,40,1.7
"2050","Del Norte County",2019-07-01,61,13,33,10,74,43,1.72093023255814
"2051","Del Norte County",2019-08-01,52,11,39,9,63,48,1.3125
"2052","Del Norte County",2019-09-01,61,12,34,7,73,41,1.78048780487805
"2053","Del Norte County",2019-10-01,62,10,36,8,72,44,1.63636363636364
"2054","Del Norte County",2019-11-01,52,8,40,9,60,49,1.22448979591837
"2055","Del Norte County",2019-12-01,50,12,35,7,62,42,1.47619047619048
"2056","Del Norte County",2020-01-01,48,11,38,9,59,47,1.25531914893617
"2057","Del Norte County",2020-02-01,53,12,37,8,65,45,1.44444444444444
"2058","Del Norte County",2020-03-01,49,11,25,3,60,28,2.14285714285714
"2059","El Dorado County",1995-10-01,101,19,152,20,120,172,0.697674418604651
"2060","El Dorado County",1995-11-01,90,11,163,22,101,185,0.545945945945946
"2061","El Dorado County",1995-12-01,76,7,159,16,83,175,0.474285714285714
"2062","El Dorado County",1996-01-01,78,12,160,21,90,181,0.497237569060773
"2063","El Dorado County",1996-02-01,88,10,156,20,98,176,0.556818181818182
"2064","El Dorado County",1996-03-01,75,6,156,16,81,172,0.47093023255814
"2065","El Dorado County",1996-04-01,66,6,161,16,72,177,0.406779661016949
"2066","El Dorado County",1996-05-01,73,9,162,14,82,176,0.465909090909091
"2067","El Dorado County",1996-06-01,72,9,174,12,81,186,0.435483870967742
"2068","El Dorado County",1996-07-01,63,6,219,16,69,235,0.293617021276596
"2069","El Dorado County",1996-08-01,60,6,215,17,66,232,0.28448275862069
"2070","El Dorado County",1996-09-01,62,7,217,17,69,234,0.294871794871795
"2071","El Dorado County",1996-10-01,59,8,217,18,67,235,0.285106382978723
"2072","El Dorado County",1996-11-01,69,4,216,20,73,236,0.309322033898305
"2073","El Dorado County",1996-12-01,64,5,203,17,69,220,0.313636363636364
"2074","El Dorado County",1997-01-01,52,9,217,19,61,236,0.258474576271186
"2075","El Dorado County",1997-02-01,66,5,208,23,71,231,0.307359307359307
"2076","El Dorado County",1997-03-01,74,11,203,30,85,233,0.36480686695279
"2077","El Dorado County",1997-04-01,92,6,195,22,98,217,0.451612903225806
"2078","El Dorado County",1997-05-01,96,14,192,21,110,213,0.516431924882629
"2079","El Dorado County",1997-06-01,81,17,193,20,98,213,0.460093896713615
"2080","El Dorado County",1997-07-01,112,13,175,24,125,199,0.628140703517588
"2081","El Dorado County",1997-08-01,111,14,169,27,125,196,0.637755102040816
"2082","El Dorado County",1997-09-01,103,10,174,26,113,200,0.565
"2083","El Dorado County",1997-10-01,122,19,156,19,141,175,0.805714285714286
"2084","El Dorado County",1997-11-01,108,10,170,24,118,194,0.608247422680412
"2085","El Dorado County",1997-12-01,114,14,162,23,128,185,0.691891891891892
"2086","El Dorado County",1998-01-01,127,16,153,21,143,174,0.82183908045977
"2087","El Dorado County",1998-02-01,120,18,168,22,138,190,0.726315789473684
"2088","El Dorado County",1998-03-01,134,13,161,20,147,181,0.812154696132597
"2089","El Dorado County",1998-04-01,128,14,165,19,142,184,0.771739130434783
"2090","El Dorado County",1998-05-01,132,18,141,21,150,162,0.925925925925926
"2091","El Dorado County",1998-06-01,130,18,160,21,148,181,0.81767955801105
"2092","El Dorado County",1998-07-01,124,18,169,17,142,186,0.763440860215054
"2093","El Dorado County",1998-08-01,125,14,168,25,139,193,0.72020725388601
"2094","El Dorado County",1998-09-01,127,16,162,24,143,186,0.768817204301075
"2095","El Dorado County",1998-10-01,106,10,183,22,116,205,0.565853658536585
"2096","El Dorado County",1998-11-01,111,14,172,23,125,195,0.641025641025641
"2097","El Dorado County",1998-12-01,117,17,166,18,134,184,0.728260869565217
"2098","El Dorado County",1999-01-01,102,15,140,21,117,161,0.726708074534162
"2099","El Dorado County",1999-02-01,104,19,152,13,123,165,0.745454545454545
"2100","El Dorado County",1999-03-01,116,9,156,19,125,175,0.714285714285714
"2101","El Dorado County",1999-04-01,120,16,159,17,136,176,0.772727272727273
"2102","El Dorado County",1999-05-01,125,13,161,27,138,188,0.734042553191489
"2103","El Dorado County",1999-06-01,117,9,161,26,126,187,0.67379679144385
"2104","El Dorado County",1999-07-01,121,13,142,24,134,166,0.807228915662651
"2105","El Dorado County",1999-08-01,141,14,132,18,155,150,1.03333333333333
"2106","El Dorado County",1999-09-01,141,19,125,21,160,146,1.0958904109589
"2107","El Dorado County",1999-10-01,143,12,142,23,155,165,0.939393939393939
"2108","El Dorado County",1999-11-01,110,19,146,19,129,165,0.781818181818182
"2109","El Dorado County",1999-12-01,99,20,137,23,119,160,0.74375
"2110","El Dorado County",2000-01-01,125,19,116,18,144,134,1.07462686567164
"2111","El Dorado County",2000-02-01,106,10,134,19,116,153,0.758169934640523
"2112","El Dorado County",2000-03-01,102,15,117,17,117,134,0.873134328358209
"2113","El Dorado County",2000-04-01,106,13,113,21,119,134,0.888059701492537
"2114","El Dorado County",2000-05-01,111,18,110,17,129,127,1.01574803149606
"2115","El Dorado County",2000-06-01,101,14,119,25,115,144,0.798611111111111
"2116","El Dorado County",2000-07-01,103,11,126,27,114,153,0.745098039215686
"2117","El Dorado County",2000-08-01,106,8,133,31,114,164,0.695121951219512
"2118","El Dorado County",2000-09-01,118,18,146,21,136,167,0.81437125748503
"2119","El Dorado County",2000-10-01,105,20,145,22,125,167,0.748502994011976
"2120","El Dorado County",2000-11-01,99,18,128,20,117,148,0.790540540540541
"2121","El Dorado County",2000-12-01,104,11,112,17,115,129,0.891472868217054
"2122","El Dorado County",2001-01-01,96,16,131,13,112,144,0.777777777777778
"2123","El Dorado County",2001-02-01,97,12,132,9,109,141,0.773049645390071
"2124","El Dorado County",2001-03-01,107,14,115,13,121,128,0.9453125
"2125","El Dorado County",2001-04-01,94,12,120,24,106,144,0.736111111111111
"2126","El Dorado County",2001-05-01,104,9,108,30,113,138,0.818840579710145
"2127","El Dorado County",2001-06-01,101,17,112,21,118,133,0.887218045112782
"2128","El Dorado County",2001-07-01,115,15,103,20,130,123,1.05691056910569
"2129","El Dorado County",2001-08-01,110,14,110,23,124,133,0.932330827067669
"2130","El Dorado County",2001-09-01,126,12,100,21,138,121,1.1404958677686
"2131","El Dorado County",2001-10-01,113,16,109,16,129,125,1.032
"2132","El Dorado County",2001-11-01,106,21,96,16,127,112,1.13392857142857
"2133","El Dorado County",2001-12-01,114,19,86,20,133,106,1.25471698113208
"2134","El Dorado County",2002-01-01,104,17,105,21,121,126,0.96031746031746
"2135","El Dorado County",2002-02-01,136,20,95,26,156,121,1.28925619834711
"2136","El Dorado County",2002-03-01,133,15,102,21,148,123,1.20325203252033
"2137","El Dorado County",2002-04-01,126,14,102,20,140,122,1.14754098360656
"2138","El Dorado County",2002-05-01,120,19,114,23,139,137,1.01459854014599
"2139","El Dorado County",2002-06-01,123,20,130,20,143,150,0.953333333333333
"2140","El Dorado County",2002-07-01,143,10,125,24,153,149,1.02684563758389
"2141","El Dorado County",2002-08-01,131,15,138,18,146,156,0.935897435897436
"2142","El Dorado County",2002-09-01,118,20,133,31,138,164,0.841463414634146
"2143","El Dorado County",2002-10-01,135,15,139,28,150,167,0.898203592814371
"2144","El Dorado County",2002-11-01,147,21,140,22,168,162,1.03703703703704
"2145","El Dorado County",2002-12-01,144,9,141,17,153,158,0.968354430379747
"2146","El Dorado County",2003-01-01,132,21,132,16,153,148,1.03378378378378
"2147","El Dorado County",2003-02-01,125,14,142,23,139,165,0.842424242424242
"2148","El Dorado County",2003-03-01,122,11,140,17,133,157,0.847133757961783
"2149","El Dorado County",2003-04-01,125,16,127,19,141,146,0.965753424657534
"2150","El Dorado County",2003-05-01,135,19,124,19,154,143,1.07692307692308
"2151","El Dorado County",2003-06-01,134,17,134,17,151,151,1
"2152","El Dorado County",2003-07-01,146,15,131,24,161,155,1.03870967741935
"2153","El Dorado County",2003-08-01,144,20,140,20,164,160,1.025
"2154","El Dorado County",2003-09-01,143,20,151,16,163,167,0.976047904191617
"2155","El Dorado County",2003-10-01,147,27,135,15,174,150,1.16
"2156","El Dorado County",2003-11-01,141,21,138,18,162,156,1.03846153846154
"2157","El Dorado County",2003-12-01,137,22,145,18,159,163,0.975460122699387
"2158","El Dorado County",2004-01-01,151,14,149,21,165,170,0.970588235294118
"2159","El Dorado County",2004-02-01,145,16,150,23,161,173,0.930635838150289
"2160","El Dorado County",2004-03-01,150,17,145,23,167,168,0.994047619047619
"2161","El Dorado County",2004-04-01,148,13,139,24,161,163,0.987730061349693
"2162","El Dorado County",2004-05-01,136,18,140,24,154,164,0.939024390243902
"2163","El Dorado County",2004-06-01,121,15,142,27,136,169,0.804733727810651
"2164","El Dorado County",2004-07-01,124,16,142,24,140,166,0.843373493975904
"2165","El Dorado County",2004-08-01,135,17,139,23,152,162,0.938271604938272
"2166","El Dorado County",2004-09-01,126,27,137,18,153,155,0.987096774193548
"2167","El Dorado County",2004-10-01,137,19,142,26,156,168,0.928571428571429
"2168","El Dorado County",2004-11-01,149,24,136,19,173,155,1.11612903225806
"2169","El Dorado County",2004-12-01,155,17,129,28,172,157,1.09554140127389
"2170","El Dorado County",2005-01-01,163,25,122,22,188,144,1.30555555555556
"2171","El Dorado County",2005-02-01,145,23,147,25,168,172,0.976744186046512
"2172","El Dorado County",2005-03-01,165,26,131,21,191,152,1.25657894736842
"2173","El Dorado County",2005-04-01,138,23,152,26,161,178,0.904494382022472
"2174","El Dorado County",2005-05-01,138,26,144,26,164,170,0.964705882352941
"2175","El Dorado County",2005-06-01,128,23,142,43,151,185,0.816216216216216
"2176","El Dorado County",2005-07-01,126,20,153,31,146,184,0.793478260869565
"2177","El Dorado County",2005-08-01,137,22,142,38,159,180,0.883333333333333
"2178","El Dorado County",2005-09-01,146,16,128,30,162,158,1.0253164556962
"2179","El Dorado County",2005-10-01,145,22,124,36,167,160,1.04375
"2180","El Dorado County",2005-11-01,155,33,146,34,188,180,1.04444444444444
"2181","El Dorado County",2005-12-01,148,25,139,42,173,181,0.955801104972376
"2182","El Dorado County",2006-01-01,158,18,133,40,176,173,1.01734104046243
"2183","El Dorado County",2006-02-01,146,12,167,37,158,204,0.774509803921569
"2184","El Dorado County",2006-03-01,164,15,152,30,179,182,0.983516483516483
"2185","El Dorado County",2006-04-01,166,18,153,28,184,181,1.01657458563536
"2186","El Dorado County",2006-05-01,171,20,135,25,191,160,1.19375
"2187","El Dorado County",2006-06-01,184,21,144,21,205,165,1.24242424242424
"2188","El Dorado County",2006-07-01,187,26,130,25,213,155,1.3741935483871
"2189","El Dorado County",2006-08-01,182,31,136,20,213,156,1.36538461538462
"2190","El Dorado County",2006-09-01,176,24,146,31,200,177,1.12994350282486
"2191","El Dorado County",2006-10-01,168,27,141,28,195,169,1.15384615384615
"2192","El Dorado County",2006-11-01,198,24,115,29,222,144,1.54166666666667
"2193","El Dorado County",2006-12-01,181,19,138,21,200,159,1.25786163522013
"2194","El Dorado County",2007-01-01,170,23,135,19,193,154,1.25324675324675
"2195","El Dorado County",2007-02-01,178,23,138,19,201,157,1.28025477707006
"2196","El Dorado County",2007-03-01,177,25,148,22,202,170,1.18823529411765
"2197","El Dorado County",2007-04-01,165,27,151,22,192,173,1.10982658959538
"2198","El Dorado County",2007-05-01,153,23,144,27,176,171,1.02923976608187
"2199","El Dorado County",2007-06-01,159,25,133,26,184,159,1.15723270440252
"2200","El Dorado County",2007-07-01,141,23,157,27,164,184,0.891304347826087
"2201","El Dorado County",2007-08-01,153,20,145,31,173,176,0.982954545454545
"2202","El Dorado County",2007-09-01,152,17,153,31,169,184,0.918478260869565
"2203","El Dorado County",2007-10-01,155,26,139,18,181,157,1.15286624203822
"2204","El Dorado County",2007-11-01,160,26,125,22,186,147,1.26530612244898
"2205","El Dorado County",2007-12-01,157,22,129,24,179,153,1.16993464052288
"2206","El Dorado County",2008-01-01,159,23,125,21,182,146,1.24657534246575
"2207","El Dorado County",2008-02-01,142,21,135,21,163,156,1.04487179487179
"2208","El Dorado County",2008-03-01,143,22,132,22,165,154,1.07142857142857
"2209","El Dorado County",2008-04-01,154,18,142,24,172,166,1.03614457831325
"2210","El Dorado County",2008-05-01,169,16,153,23,185,176,1.05113636363636
"2211","El Dorado County",2008-06-01,153,16,157,19,169,176,0.960227272727273
"2212","El Dorado County",2008-07-01,169,21,125,25,190,150,1.26666666666667
"2213","El Dorado County",2008-08-01,167,27,141,23,194,164,1.18292682926829
"2214","El Dorado County",2008-09-01,186,28,141,14,214,155,1.38064516129032
"2215","El Dorado County",2008-10-01,155,27,149,27,182,176,1.03409090909091
"2216","El Dorado County",2008-11-01,152,27,154,23,179,177,1.01129943502825
"2217","El Dorado County",2008-12-01,156,19,140,24,175,164,1.06707317073171
"2218","El Dorado County",2009-01-01,146,22,131,27,168,158,1.06329113924051
"2219","El Dorado County",2009-02-01,165,25,139,26,190,165,1.15151515151515
"2220","El Dorado County",2009-03-01,153,25,148,34,178,182,0.978021978021978
"2221","El Dorado County",2009-04-01,153,23,148,27,176,175,1.00571428571429
"2222","El Dorado County",2009-05-01,166,33,135,29,199,164,1.21341463414634
"2223","El Dorado County",2009-06-01,170,27,130,31,197,161,1.22360248447205
"2224","El Dorado County",2009-07-01,127,37,153,31,164,184,0.891304347826087
"2225","El Dorado County",2009-08-01,152,25,148,27,177,175,1.01142857142857
"2226","El Dorado County",2009-09-01,176,29,144,27,205,171,1.19883040935673
"2227","El Dorado County",2009-10-01,171,26,149,28,197,177,1.11299435028249
"2228","El Dorado County",2009-11-01,180,19,152,26,199,178,1.11797752808989
"2229","El Dorado County",2009-12-01,171,29,138,23,200,161,1.24223602484472
"2230","El Dorado County",2010-01-01,162,36,130,27,198,157,1.26114649681529
"2231","El Dorado County",2010-02-01,156,24,140,31,180,171,1.05263157894737
"2232","El Dorado County",2010-03-01,143,24,133,24,167,157,1.06369426751592
"2233","El Dorado County",2010-04-01,144,28,136,25,172,161,1.06832298136646
"2234","El Dorado County",2010-05-01,152,24,142,28,176,170,1.03529411764706
"2235","El Dorado County",2010-06-01,164,21,132,27,185,159,1.16352201257862
"2236","El Dorado County",2010-07-01,164,27,124,23,191,147,1.29931972789116
"2237","El Dorado County",2010-08-01,159,18,136,28,177,164,1.07926829268293
"2238","El Dorado County",2010-09-01,141,25,153,24,166,177,0.937853107344633
"2239","El Dorado County",2010-10-01,161,21,127,28,182,155,1.1741935483871
"2240","El Dorado County",2010-11-01,156,20,114,26,176,140,1.25714285714286
"2241","El Dorado County",2010-12-01,129,20,125,26,149,151,0.986754966887417
"2242","El Dorado County",2011-01-01,130,30,120,24,160,144,1.11111111111111
"2243","El Dorado County",2011-02-01,130,23,124,25,153,149,1.02684563758389
"2244","El Dorado County",2011-03-01,133,33,107,30,166,137,1.21167883211679
"2245","El Dorado County",2011-04-01,134,18,112,24,152,136,1.11764705882353
"2246","El Dorado County",2011-05-01,153,32,110,20,185,130,1.42307692307692
"2247","El Dorado County",2011-06-01,166,38,107,22,204,129,1.58139534883721
"2248","El Dorado County",2011-07-01,155,38,116,21,193,137,1.40875912408759
"2249","El Dorado County",2011-08-01,161,32,109,20,193,129,1.49612403100775
"2250","El Dorado County",2011-09-01,161,30,122,33,191,155,1.23225806451613
"2251","El Dorado County",2011-10-01,148,26,122,33,174,155,1.12258064516129
"2252","El Dorado County",2011-11-01,137,23,148,27,160,175,0.914285714285714
"2253","El Dorado County",2011-12-01,127,13,156,28,140,184,0.760869565217391
"2254","El Dorado County",2012-01-01,148,21,163,24,169,187,0.903743315508021
"2255","El Dorado County",2012-02-01,141,25,164,29,166,193,0.860103626943005
"2256","El Dorado County",2012-03-01,132,21,151,34,153,185,0.827027027027027
"2257","El Dorado County",2012-04-01,148,23,144,28,171,172,0.994186046511628
"2258","El Dorado County",2012-05-01,159,28,141,26,187,167,1.11976047904192
"2259","El Dorado County",2012-06-01,161,26,132,24,187,156,1.19871794871795
"2260","El Dorado County",2012-07-01,139,20,139,31,159,170,0.935294117647059
"2261","El Dorado County",2012-08-01,148,27,138,30,175,168,1.04166666666667
"2262","El Dorado County",2012-09-01,163,20,147,30,183,177,1.03389830508475
"2263","El Dorado County",2012-10-01,164,27,162,29,191,191,1
"2264","El Dorado County",2012-11-01,161,40,158,29,201,187,1.07486631016043
"2265","El Dorado County",2012-12-01,160,21,161,32,181,193,0.937823834196891
"2266","El Dorado County",2013-01-01,165,25,154,37,190,191,0.994764397905759
"2267","El Dorado County",2013-02-01,137,20,171,42,157,213,0.737089201877934
"2268","El Dorado County",2013-03-01,173,27,151,33,200,184,1.08695652173913
"2269","El Dorado County",2013-04-01,168,26,150,36,194,186,1.04301075268817
"2270","El Dorado County",2013-05-01,165,30,149,35,195,184,1.05978260869565
"2271","El Dorado County",2013-06-01,171,32,144,33,203,177,1.14689265536723
"2272","El Dorado County",2013-07-01,179,36,129,36,215,165,1.3030303030303
"2273","El Dorado County",2013-08-01,161,33,130,31,194,161,1.20496894409938
"2274","El Dorado County",2013-09-01,165,33,133,32,198,165,1.2
"2275","El Dorado County",2013-10-01,160,27,132,27,187,159,1.17610062893082
"2276","El Dorado County",2013-11-01,159,30,138,24,189,162,1.16666666666667
"2277","El Dorado County",2013-12-01,169,27,122,29,196,151,1.29801324503311
"2278","El Dorado County",2014-01-01,160,38,130,28,198,158,1.25316455696203
"2279","El Dorado County",2014-02-01,169,35,128,34,204,162,1.25925925925926
"2280","El Dorado County",2014-03-01,165,36,135,37,201,172,1.16860465116279
"2281","El Dorado County",2014-04-01,160,36,138,37,196,175,1.12
"2282","El Dorado County",2014-05-01,164,36,145,40,200,185,1.08108108108108
"2283","El Dorado County",2014-06-01,178,41,146,40,219,186,1.17741935483871
"2284","El Dorado County",2014-07-01,180,41,153,38,221,191,1.15706806282723
"2285","El Dorado County",2014-08-01,176,39,165,38,215,203,1.05911330049261
"2286","El Dorado County",2014-09-01,176,36,164,42,212,206,1.02912621359223
"2287","El Dorado County",2014-10-01,179,28,167,46,207,213,0.971830985915493
"2288","El Dorado County",2014-11-01,166,29,157,39,195,196,0.994897959183674
"2289","El Dorado County",2014-12-01,153,29,149,35,182,184,0.989130434782609
"2290","El Dorado County",2015-01-01,158,28,140,35,186,175,1.06285714285714
"2291","El Dorado County",2015-02-01,175,29,127,36,204,163,1.25153374233129
"2292","El Dorado County",2015-03-01,169,28,137,35,197,172,1.1453488372093
"2293","El Dorado County",2015-04-01,172,36,140,30,208,170,1.22352941176471
"2294","El Dorado County",2015-05-01,177,34,142,29,211,171,1.23391812865497
"2295","El Dorado County",2015-06-01,160,34,153,27,194,180,1.07777777777778
"2296","El Dorado County",2015-07-01,173,33,156,33,206,189,1.08994708994709
"2297","El Dorado County",2015-08-01,183,34,146,38,217,184,1.17934782608696
"2298","El Dorado County",2015-09-01,178,32,159,36,210,195,1.07692307692308
"2299","El Dorado County",2015-10-01,175,35,160,35,210,195,1.07692307692308
"2300","El Dorado County",2015-11-01,172,33,154,33,205,187,1.09625668449198
"2301","El Dorado County",2015-12-01,176,35,150,32,211,182,1.15934065934066
"2302","El Dorado County",2016-01-01,176,35,158,30,211,188,1.12234042553191
"2303","El Dorado County",2016-02-01,179,28,160,31,207,191,1.08376963350785
"2304","El Dorado County",2016-03-01,174,30,151,28,204,179,1.13966480446927
"2305","El Dorado County",2016-04-01,159,33,153,27,192,180,1.06666666666667
"2306","El Dorado County",2016-05-01,172,30,135,23,202,158,1.27848101265823
"2307","El Dorado County",2016-06-01,191,35,130,24,226,154,1.46753246753247
"2308","El Dorado County",2016-07-01,184,35,139,28,219,167,1.31137724550898
"2309","El Dorado County",2016-08-01,184,35,154,33,219,187,1.17112299465241
"2310","El Dorado County",2016-09-01,192,29,147,32,221,179,1.23463687150838
"2311","El Dorado County",2016-10-01,182,29,153,32,211,185,1.14054054054054
"2312","El Dorado County",2016-11-01,176,26,145,38,202,183,1.10382513661202
"2313","El Dorado County",2016-12-01,165,31,144,35,196,179,1.09497206703911
"2314","El Dorado County",2017-01-01,166,34,135,38,200,173,1.15606936416185
"2315","El Dorado County",2017-02-01,151,33,137,40,184,177,1.03954802259887
"2316","El Dorado County",2017-03-01,153,32,154,34,185,188,0.984042553191489
"2317","El Dorado County",2017-04-01,155,29,175,41,184,216,0.851851851851852
"2318","El Dorado County",2017-05-01,170,31,169,41,201,210,0.957142857142857
"2319","El Dorado County",2017-06-01,177,34,167,40,211,207,1.01932367149758
"2320","El Dorado County",2017-07-01,173,29,180,40,202,220,0.918181818181818
"2321","El Dorado County",2017-08-01,173,32,182,35,205,217,0.944700460829493
"2322","El Dorado County",2017-09-01,170,30,166,35,200,201,0.995024875621891
"2323","El Dorado County",2017-10-01,168,28,168,37,196,205,0.95609756097561
"2324","El Dorado County",2017-11-01,174,31,162,36,205,198,1.03535353535354
"2325","El Dorado County",2017-12-01,163,33,165,35,196,200,0.98
"2326","El Dorado County",2018-01-01,168,31,152,39,199,191,1.04188481675393
"2327","El Dorado County",2018-02-01,167,30,150,38,197,188,1.04787234042553
"2328","El Dorado County",2018-03-01,176,29,140,36,205,176,1.16477272727273
"2329","El Dorado County",2018-04-01,176,27,142,38,203,180,1.12777777777778
"2330","El Dorado County",2018-05-01,178,28,146,38,206,184,1.1195652173913
"2331","El Dorado County",2018-06-01,172,25,146,42,197,188,1.04787234042553
"2332","El Dorado County",2018-07-01,173,28,158,47,201,205,0.980487804878049
"2333","El Dorado County",2018-08-01,176,26,157,46,202,203,0.995073891625616
"2334","El Dorado County",2018-09-01,179,29,153,41,208,194,1.07216494845361
"2335","El Dorado County",2018-10-01,177,25,138,45,202,183,1.10382513661202
"2336","El Dorado County",2018-11-01,173,22,134,40,195,174,1.12068965517241
"2337","El Dorado County",2018-12-01,167,19,136,39,186,175,1.06285714285714
"2338","El Dorado County",2019-01-01,181,24,133,34,205,167,1.22754491017964
"2339","El Dorado County",2019-02-01,180,26,135,33,206,168,1.22619047619048
"2340","El Dorado County",2019-03-01,197,25,133,41,222,174,1.27586206896552
"2341","El Dorado County",2019-04-01,191,22,150,40,213,190,1.12105263157895
"2342","El Dorado County",2019-05-01,192,24,143,41,216,184,1.17391304347826
"2343","El Dorado County",2019-06-01,191,26,138,33,217,171,1.26900584795322
"2344","El Dorado County",2019-07-01,193,31,127,31,224,158,1.41772151898734
"2345","El Dorado County",2019-08-01,197,34,117,33,231,150,1.54
"2346","El Dorado County",2019-09-01,194,30,124,38,224,162,1.38271604938272
"2347","El Dorado County",2019-10-01,182,34,135,43,216,178,1.21348314606742
"2348","El Dorado County",2019-11-01,193,33,120,41,226,161,1.40372670807453
"2349","El Dorado County",2019-12-01,196,32,119,36,228,155,1.47096774193548
"2350","El Dorado County",2020-01-01,192,33,121,36,225,157,1.43312101910828
"2351","El Dorado County",2020-02-01,198,29,126,40,227,166,1.36746987951807
"2352","El Dorado County",2020-03-01,184,28,114,34,212,148,1.43243243243243
"2353","Fresno County",1995-10-01,1423,155,431,72,1578,503,3.13717693836978
"2354","Fresno County",1995-11-01,1415,140,409,83,1555,492,3.16056910569106
"2355","Fresno County",1995-12-01,1424,155,350,66,1579,416,3.79567307692308
"2356","Fresno County",1996-01-01,1424,163,365,63,1587,428,3.70794392523365
"2357","Fresno County",1996-02-01,1446,171,378,57,1617,435,3.71724137931034
"2358","Fresno County",1996-03-01,1448,147,393,71,1595,464,3.4375
"2359","Fresno County",1996-04-01,1416,141,435,75,1557,510,3.05294117647059
"2360","Fresno County",1996-05-01,1442,147,395,70,1589,465,3.41720430107527
"2361","Fresno County",1996-06-01,1464,158,377,66,1622,443,3.66139954853273
"2362","Fresno County",1996-07-01,1484,162,360,65,1646,425,3.87294117647059
"2363","Fresno County",1996-08-01,1464,176,351,58,1640,409,4.00977995110024
"2364","Fresno County",1996-09-01,1501,179,361,44,1680,405,4.14814814814815
"2365","Fresno County",1996-10-01,1507,188,411,48,1695,459,3.69281045751634
"2366","Fresno County",1996-11-01,1532,180,378,52,1712,430,3.98139534883721
"2367","Fresno County",1996-12-01,1528,178,368,47,1706,415,4.11084337349398
"2368","Fresno County",1997-01-01,1533,183,364,37,1716,401,4.27930174563591
"2369","Fresno County",1997-02-01,1555,160,355,69,1715,424,4.04481132075472
"2370","Fresno County",1997-03-01,1550,164,363,67,1714,430,3.98604651162791
"2371","Fresno County",1997-04-01,1561,171,385,65,1732,450,3.84888888888889
"2372","Fresno County",1997-05-01,1556,171,384,69,1727,453,3.81236203090508
"2373","Fresno County",1997-06-01,1517,173,419,62,1690,481,3.51351351351351
"2374","Fresno County",1997-07-01,1502,164,410,71,1666,481,3.46361746361746
"2375","Fresno County",1997-08-01,1486,181,417,54,1667,471,3.53927813163482
"2376","Fresno County",1997-09-01,1515,167,419,62,1682,481,3.4968814968815
"2377","Fresno County",1997-10-01,1533,169,404,53,1702,457,3.72428884026258
"2378","Fresno County",1997-11-01,1542,303,256,47,1845,303,6.08910891089109
"2379","Fresno County",1997-12-01,1478,162,408,57,1640,465,3.52688172043011
"2380","Fresno County",1998-01-01,1529,315,273,40,1844,313,5.89137380191693
"2381","Fresno County",1998-02-01,1559,197,386,41,1756,427,4.11241217798595
"2382","Fresno County",1998-03-01,1571,195,378,42,1766,420,4.2047619047619
"2383","Fresno County",1998-04-01,1553,186,395,50,1739,445,3.90786516853933
"2384","Fresno County",1998-05-01,1589,195,357,45,1784,402,4.43781094527363
"2385","Fresno County",1998-06-01,1593,297,238,40,1890,278,6.79856115107914
"2386","Fresno County",1998-07-01,1615,200,400,34,1815,434,4.18202764976959
"2387","Fresno County",1998-08-01,1541,177,443,57,1718,500,3.436
"2388","Fresno County",1998-09-01,1576,189,431,45,1765,476,3.70798319327731
"2389","Fresno County",1998-10-01,1577,189,435,50,1766,485,3.64123711340206
"2390","Fresno County",1998-11-01,1555,59,447,174,1614,621,2.59903381642512
"2391","Fresno County",1998-12-01,1531,171,458,61,1702,519,3.27938342967245
"2392","Fresno County",1999-01-01,1527,179,438,57,1706,495,3.44646464646465
"2393","Fresno County",1999-02-01,1547,192,456,46,1739,502,3.46414342629482
"2394","Fresno County",1999-03-01,1553,193,446,48,1746,494,3.53441295546559
"2395","Fresno County",1999-04-01,1579,191,426,49,1770,475,3.72631578947368
"2396","Fresno County",1999-05-01,1595,188,428,48,1783,476,3.74579831932773
"2397","Fresno County",1999-06-01,1576,189,442,47,1765,489,3.60940695296524
"2398","Fresno County",1999-07-01,1608,177,416,54,1785,470,3.79787234042553
"2399","Fresno County",1999-08-01,1618,183,407,56,1801,463,3.88984881209503
"2400","Fresno County",1999-09-01,1591,184,414,48,1775,462,3.84199134199134
"2401","Fresno County",1999-10-01,1602,190,404,48,1792,452,3.9646017699115
"2402","Fresno County",1999-11-01,1582,191,451,48,1773,499,3.55310621242485
"2403","Fresno County",1999-12-01,1529,169,436,49,1698,485,3.50103092783505
"2404","Fresno County",2000-01-01,1594,184,430,41,1778,471,3.77494692144374
"2405","Fresno County",2000-02-01,1607,181,433,51,1788,484,3.69421487603306
"2406","Fresno County",2000-03-01,1632,185,495,51,1817,546,3.32783882783883
"2407","Fresno County",2000-04-01,1612,168,528,67,1780,595,2.99159663865546
"2408","Fresno County",2000-05-01,1641,194,500,48,1835,548,3.3485401459854
"2409","Fresno County",2000-06-01,1625,166,535,71,1791,606,2.95544554455446
"2410","Fresno County",2000-07-01,1614,185,482,54,1799,536,3.35634328358209
"2411","Fresno County",2000-08-01,1538,181,493,54,1719,547,3.14259597806216
"2412","Fresno County",2000-09-01,1611,169,503,66,1780,569,3.12829525483304
"2413","Fresno County",2000-10-01,1636,181,498,54,1817,552,3.29166666666667
"2414","Fresno County",2000-11-01,1627,182,488,58,1809,546,3.31318681318681
"2415","Fresno County",2000-12-01,1583,179,469,57,1762,526,3.34980988593156
"2416","Fresno County",2001-01-01,1654,181,431,58,1835,489,3.75255623721881
"2417","Fresno County",2001-02-01,1685,250,350,62,1935,412,4.69660194174757
"2418","Fresno County",2001-03-01,1693,185,422,58,1878,480,3.9125
"2419","Fresno County",2001-04-01,1726,186,409,55,1912,464,4.12068965517241
"2420","Fresno County",2001-05-01,1702,171,427,63,1873,490,3.82244897959184
"2421","Fresno County",2001-06-01,1699,169,414,61,1868,475,3.93263157894737
"2422","Fresno County",2001-07-01,1716,167,405,55,1883,460,4.09347826086957
"2423","Fresno County",2001-08-01,1710,179,378,52,1889,430,4.39302325581395
"2424","Fresno County",2001-09-01,1725,188,313,41,1913,354,5.40395480225989
"2425","Fresno County",2001-10-01,1680,164,313,45,1844,358,5.15083798882682
"2426","Fresno County",2001-11-01,1645,156,320,50,1801,370,4.86756756756757
"2427","Fresno County",2001-12-01,1608,165,293,39,1773,332,5.34036144578313
"2428","Fresno County",2002-01-01,1662,171,318,45,1833,363,5.0495867768595
"2429","Fresno County",2002-02-01,1680,170,349,44,1850,393,4.70737913486005
"2430","Fresno County",2002-03-01,1726,167,337,50,1893,387,4.89147286821705
"2431","Fresno County",2002-04-01,1674,173,320,49,1847,369,5.00542005420054
"2432","Fresno County",2002-05-01,1729,181,321,39,1910,360,5.30555555555556
"2433","Fresno County",2002-06-01,1582,156,275,40,1738,315,5.51746031746032
"2434","Fresno County",2002-07-01,1749,177,307,44,1926,351,5.48717948717949
"2435","Fresno County",2002-08-01,1672,178,297,39,1850,336,5.50595238095238
"2436","Fresno County",2002-09-01,1681,166,289,46,1847,335,5.5134328358209
"2437","Fresno County",2002-10-01,1723,165,319,56,1888,375,5.03466666666667
"2438","Fresno County",2002-11-01,1528,157,317,45,1685,362,4.65469613259669
"2439","Fresno County",2002-12-01,1849,183,343,48,2032,391,5.19693094629156
"2440","Fresno County",2003-01-01,2092,246,348,59,2338,407,5.74447174447174
"2441","Fresno County",2003-02-01,2252,286,366,62,2538,428,5.92990654205607
"2442","Fresno County",2003-03-01,2224,263,432,77,2487,509,4.8860510805501
"2443","Fresno County",2003-04-01,2173,257,453,92,2430,545,4.45871559633028
"2444","Fresno County",2003-05-01,2207,271,497,73,2478,570,4.34736842105263
"2445","Fresno County",2003-06-01,2176,260,538,78,2436,616,3.95454545454545
"2446","Fresno County",2003-07-01,2135,253,563,85,2388,648,3.68518518518519
"2447","Fresno County",2003-08-01,2108,256,567,84,2364,651,3.63133640552995
"2448","Fresno County",2003-09-01,2091,257,573,83,2348,656,3.57926829268293
"2449","Fresno County",2003-10-01,2066,254,555,81,2320,636,3.64779874213836
"2450","Fresno County",2003-11-01,2123,257,544,87,2380,631,3.77179080824089
"2451","Fresno County",2003-12-01,2120,236,519,90,2356,609,3.86863711001642
"2452","Fresno County",2004-01-01,2013,254,562,96,2267,658,3.44528875379939
"2453","Fresno County",2004-02-01,1987,258,580,90,2245,670,3.35074626865672
"2454","Fresno County",2004-03-01,1930,252,610,85,2182,695,3.13956834532374
"2455","Fresno County",2004-04-01,1942,254,629,103,2196,732,3
"2456","Fresno County",2004-05-01,2055,268,629,92,2323,721,3.22191400832178
"2457","Fresno County",2004-06-01,2021,266,692,103,2287,795,2.87672955974843
"2458","Fresno County",2004-07-01,2059,270,660,120,2329,780,2.98589743589744
"2459","Fresno County",2004-08-01,2030,261,732,123,2291,855,2.67953216374269
"2460","Fresno County",2004-09-01,2139,271,642,113,2410,755,3.19205298013245
"2461","Fresno County",2004-10-01,2088,281,676,97,2369,773,3.0646830530401
"2462","Fresno County",2004-11-01,2017,244,636,81,2261,717,3.1534170153417
"2463","Fresno County",2004-12-01,2033,251,559,72,2284,631,3.61965134706815
"2464","Fresno County",2005-01-01,2027,249,573,82,2276,655,3.47480916030534
"2465","Fresno County",2005-02-01,2089,260,555,84,2349,639,3.67605633802817
"2466","Fresno County",2005-03-01,2151,255,514,107,2406,621,3.8743961352657
"2467","Fresno County",2005-04-01,2152,249,562,111,2401,673,3.56760772659733
"2468","Fresno County",2005-05-01,2083,223,573,110,2306,683,3.37628111273792
"2469","Fresno County",2005-06-01,2121,240,483,102,2361,585,4.03589743589744
"2470","Fresno County",2005-07-01,2008,238,591,111,2246,702,3.1994301994302
"2471","Fresno County",2005-08-01,2115,253,573,106,2368,679,3.48748159057437
"2472","Fresno County",2005-09-01,2160,274,569,103,2434,672,3.62202380952381
"2473","Fresno County",2005-10-01,2103,292,599,103,2395,702,3.41168091168091
"2474","Fresno County",2005-11-01,2142,274,616,113,2416,729,3.31412894375857
"2475","Fresno County",2005-12-01,2090,269,581,107,2359,688,3.42877906976744
"2476","Fresno County",2006-01-01,2004,279,637,106,2283,743,3.07267833109018
"2477","Fresno County",2006-02-01,2125,279,654,109,2404,763,3.15072083879423
"2478","Fresno County",2006-03-01,2088,260,672,113,2348,785,2.99108280254777
"2479","Fresno County",2006-04-01,2113,252,693,124,2365,817,2.89473684210526
"2480","Fresno County",2006-05-01,2186,287,660,125,2473,785,3.15031847133758
"2481","Fresno County",2006-06-01,2197,280,638,129,2477,767,3.22946544980443
"2482","Fresno County",2006-07-01,2223,262,682,132,2485,814,3.05282555282555
"2483","Fresno County",2006-08-01,2284,269,696,136,2553,832,3.06850961538462
"2484","Fresno County",2006-09-01,2291,139,720,133,2430,853,2.84876905041032
"2485","Fresno County",2006-10-01,2185,301,749,133,2486,882,2.81859410430839
"2486","Fresno County",2006-11-01,2247,276,708,130,2523,838,3.01073985680191
"2487","Fresno County",2006-12-01,2165,252,702,139,2417,841,2.87395957193817
"2488","Fresno County",2007-01-01,2150,288,700,140,2438,840,2.90238095238095
"2489","Fresno County",2007-02-01,2168,298,689,139,2466,828,2.97826086956522
"2490","Fresno County",2007-03-01,2143,254,674,152,2397,826,2.90193704600484
"2491","Fresno County",2007-04-01,2110,276,657,146,2386,803,2.97135740971357
"2492","Fresno County",2007-05-01,2028,264,652,150,2292,802,2.85785536159601
"2493","Fresno County",2007-06-01,2263,298,408,104,2561,512,5.001953125
"2494","Fresno County",2007-07-01,2223,262,612,132,2485,744,3.34005376344086
"2495","Fresno County",2007-08-01,2027,285,669,112,2312,781,2.96030729833547
"2496","Fresno County",2007-09-01,2036,260,718,114,2296,832,2.75961538461538
"2497","Fresno County",2007-10-01,2088,260,672,113,2348,785,2.99108280254777
"2498","Fresno County",2007-11-01,1877,79,544,50,1956,594,3.29292929292929
"2499","Fresno County",2007-12-01,2118,298,488,71,2416,559,4.32200357781753
"2500","Fresno County",2008-01-01,1949,261,564,112,2210,676,3.26923076923077
"2501","Fresno County",2008-02-01,2158,271,366,50,2429,416,5.83894230769231
"2502","Fresno County",2008-03-01,1844,164,724,127,2008,851,2.35957696827262
"2503","Fresno County",2008-04-01,1827,216,728,131,2043,859,2.37834691501746
"2504","Fresno County",2008-05-01,1847,177,591,116,2024,707,2.86280056577086
"2505","Fresno County",2008-06-01,1594,195,608,135,1789,743,2.40780619111709
"2506","Fresno County",2008-07-01,1818,227,684,150,2045,834,2.45203836930456
"2507","Fresno County",2008-08-01,1938,233,778,167,2171,945,2.2973544973545
"2508","Fresno County",2008-09-01,1998,241,782,150,2239,932,2.40236051502146
"2509","Fresno County",2008-10-01,1967,233,805,159,2200,964,2.28215767634855
"2510","Fresno County",2008-11-01,1917,232,767,148,2149,915,2.34863387978142
"2511","Fresno County",2008-12-01,1869,218,773,160,2087,933,2.23687031082529
"2512","Fresno County",2009-01-01,1854,220,719,150,2074,869,2.38665132336018
"2513","Fresno County",2009-02-01,1902,229,707,147,2131,854,2.49531615925059
"2514","Fresno County",2009-03-01,2099,260,405,89,2359,494,4.7753036437247
"2515","Fresno County",2009-04-01,1862,232,674,127,2094,801,2.61423220973783
"2516","Fresno County",2009-05-01,1818,226,703,121,2044,824,2.48058252427184
"2517","Fresno County",2009-06-01,1785,226,694,121,2011,815,2.46748466257669
"2518","Fresno County",2009-07-01,1833,233,668,121,2066,789,2.61850443599493
"2519","Fresno County",2009-08-01,1843,220,642,126,2063,768,2.68619791666667
"2520","Fresno County",2009-09-01,1823,216,261,136,2039,397,5.1360201511335
"2521","Fresno County",2009-10-01,1772,213,618,134,1985,752,2.63962765957447
"2522","Fresno County",2009-11-01,1780,227,597,130,2007,727,2.76066024759285
"2523","Fresno County",2009-12-01,1686,205,569,104,1891,673,2.80980683506686
"2524","Fresno County",2010-01-01,1598,174,423,68,1772,491,3.60896130346232
"2525","Fresno County",2010-02-01,1566,159,305,45,1725,350,4.92857142857143
"2526","Fresno County",2010-03-01,1668,174,363,52,1842,415,4.43855421686747
"2527","Fresno County",2010-04-01,1529,171,263,41,1700,304,5.59210526315789
"2528","Fresno County",2010-05-01,1374,161,220,26,1535,246,6.23983739837398
"2529","Fresno County",2010-06-01,1369,146,198,24,1515,222,6.82432432432432
"2530","Fresno County",2010-07-01,1361,146,176,24,1507,200,7.535
"2531","Fresno County",2010-08-01,1362,147,180,29,1509,209,7.2200956937799
"2532","Fresno County",2010-09-01,1378,138,169,24,1516,193,7.85492227979275
"2533","Fresno County",2010-10-01,1390,142,177,24,1532,201,7.62189054726368
"2534","Fresno County",2010-11-01,1390,152,189,32,1542,221,6.97737556561086
"2535","Fresno County",2010-12-01,1382,148,185,36,1530,221,6.92307692307692
"2536","Fresno County",2011-01-01,1404,162,174,32,1566,206,7.60194174757282
"2537","Fresno County",2011-02-01,1427,143,181,43,1570,224,7.00892857142857
"2538","Fresno County",2011-03-01,1436,146,169,37,1582,206,7.67961165048544
"2539","Fresno County",2011-04-01,1431,156,167,32,1587,199,7.9748743718593
"2540","Fresno County",2011-05-01,1427,153,173,31,1580,204,7.74509803921569
"2541","Fresno County",2011-06-01,1371,151,176,33,1522,209,7.2822966507177
"2542","Fresno County",2011-07-01,1448,160,173,35,1608,208,7.73076923076923
"2543","Fresno County",2011-08-01,1437,161,198,36,1598,234,6.82905982905983
"2544","Fresno County",2011-09-01,1413,161,201,35,1574,236,6.66949152542373
"2545","Fresno County",2011-10-01,1633,201,298,53,1834,351,5.22507122507123
"2546","Fresno County",2011-11-01,1584,213,457,94,1797,551,3.26134301270417
"2547","Fresno County",2011-12-01,1477,192,566,118,1669,684,2.44005847953216
"2548","Fresno County",2012-01-01,1454,182,584,130,1636,714,2.29131652661064
"2549","Fresno County",2012-02-01,1460,172,576,145,1632,721,2.26352288488211
"2550","Fresno County",2012-03-01,1453,171,570,151,1624,721,2.25242718446602
"2551","Fresno County",2012-04-01,1457,177,523,144,1634,667,2.44977511244378
"2552","Fresno County",2012-05-01,1475,176,559,145,1651,704,2.34517045454545
"2553","Fresno County",2012-06-01,1522,178,560,156,1700,716,2.37430167597765
"2554","Fresno County",2012-07-01,1530,176,553,150,1706,703,2.42674253200569
"2555","Fresno County",2012-08-01,1509,171,539,142,1680,681,2.46696035242291
"2556","Fresno County",2012-09-01,1822,202,596,139,2024,735,2.75374149659864
"2557","Fresno County",2012-10-01,1816,188,669,152,2004,821,2.44092570036541
"2558","Fresno County",2012-11-01,1763,161,734,135,1924,869,2.21403912543153
"2559","Fresno County",2012-12-01,1755,145,762,129,1900,891,2.1324354657688
"2560","Fresno County",2013-01-01,1971,158,814,124,2129,938,2.26972281449893
"2561","Fresno County",2013-02-01,2003,167,844,111,2170,955,2.27225130890052
"2562","Fresno County",2013-03-01,1924,152,871,74,2076,945,2.1968253968254
"2563","Fresno County",2013-04-01,1877,152,915,73,2029,988,2.05364372469636
"2564","Fresno County",2013-05-01,1882,166,972,68,2048,1040,1.96923076923077
"2565","Fresno County",2013-06-01,1892,172,996,63,2064,1059,1.94900849858357
"2566","Fresno County",2013-07-01,1949,181,928,56,2130,984,2.16463414634146
"2567","Fresno County",2013-08-01,1980,180,894,57,2160,951,2.27129337539432
"2568","Fresno County",2013-09-01,1935,172,899,59,2107,958,2.19937369519833
"2569","Fresno County",2013-10-01,1912,137,899,70,2049,969,2.11455108359133
"2570","Fresno County",2013-11-01,1841,155,897,76,1996,973,2.0513874614594
"2571","Fresno County",2013-12-01,1847,156,843,72,2003,915,2.18907103825137
"2572","Fresno County",2014-01-01,1921,165,786,73,2086,859,2.42840512223516
"2573","Fresno County",2014-02-01,1969,174,752,64,2143,816,2.62622549019608
"2574","Fresno County",2014-03-01,1928,170,780,68,2098,848,2.47405660377358
"2575","Fresno County",2014-04-01,1820,164,815,75,1984,890,2.22921348314607
"2576","Fresno County",2014-05-01,1791,163,866,78,1954,944,2.06991525423729
"2577","Fresno County",2014-06-01,1804,174,871,66,1978,937,2.11099252934899
"2578","Fresno County",2014-07-01,1768,170,896,66,1938,962,2.01455301455301
"2579","Fresno County",2014-08-01,1720,168,904,66,1888,970,1.94639175257732
"2580","Fresno County",2014-09-01,1737,158,889,77,1895,966,1.96169772256729
"2581","Fresno County",2014-10-01,1734,163,880,76,1897,956,1.98430962343096
"2582","Fresno County",2014-11-01,1612,163,869,76,1775,945,1.87830687830688
"2583","Fresno County",2014-12-01,1561,175,781,95,1736,876,1.98173515981735
"2584","Fresno County",2015-01-01,1565,204,702,107,1769,809,2.18665018541409
"2585","Fresno County",2015-02-01,1608,238,689,120,1846,809,2.28182941903585
"2586","Fresno County",2015-03-01,1605,233,689,126,1838,815,2.25521472392638
"2587","Fresno County",2015-04-01,1588,220,684,123,1808,807,2.24039653035936
"2588","Fresno County",2015-05-01,1608,216,702,133,1824,835,2.18443113772455
"2589","Fresno County",2015-06-01,1666,211,701,149,1877,850,2.20823529411765
"2590","Fresno County",2015-07-01,1638,199,723,157,1837,880,2.0875
"2591","Fresno County",2015-08-01,1650,199,764,153,1849,917,2.01635768811341
"2592","Fresno County",2015-09-01,1610,193,769,147,1803,916,1.96834061135371
"2593","Fresno County",2015-10-01,1567,190,733,143,1757,876,2.00570776255708
"2594","Fresno County",2015-11-01,1594,192,718,127,1786,845,2.11360946745562
"2595","Fresno County",2015-12-01,1556,195,719,114,1751,833,2.10204081632653
"2596","Fresno County",2016-01-01,1621,204,692,131,1825,823,2.21749696233293
"2597","Fresno County",2016-02-01,1708,231,733,123,1939,856,2.26518691588785
"2598","Fresno County",2016-03-01,1697,226,754,127,1923,881,2.18274687854711
"2599","Fresno County",2016-04-01,1705,217,799,136,1922,935,2.05561497326203
"2600","Fresno County",2016-05-01,1745,209,785,141,1954,926,2.11015118790497
"2601","Fresno County",2016-06-01,1794,222,776,130,2016,906,2.22516556291391
"2602","Fresno County",2016-07-01,1799,227,784,116,2026,900,2.25111111111111
"2603","Fresno County",2016-08-01,1774,223,810,114,1997,924,2.16125541125541
"2604","Fresno County",2016-09-01,1764,209,800,109,1973,909,2.17051705170517
"2605","Fresno County",2016-10-01,1718,206,749,107,1924,856,2.24766355140187
"2606","Fresno County",2016-11-01,1703,216,760,103,1919,863,2.22363847045191
"2607","Fresno County",2016-12-01,1717,209,742,110,1926,852,2.26056338028169
"2608","Fresno County",2017-01-01,1751,196,739,114,1947,853,2.28253223915592
"2609","Fresno County",2017-02-01,1783,197,725,118,1980,843,2.34875444839858
"2610","Fresno County",2017-03-01,1782,199,714,123,1981,837,2.36678614097969
"2611","Fresno County",2017-04-01,1807,212,727,114,2019,841,2.40071343638526
"2612","Fresno County",2017-05-01,1801,206,749,124,2007,873,2.29896907216495
"2613","Fresno County",2017-06-01,1834,214,538,346,2048,884,2.31674208144796
"2614","Fresno County",2017-07-01,1831,227,771,115,2058,886,2.32279909706546
"2615","Fresno County",2017-08-01,1825,215,828,130,2040,958,2.1294363256785
"2616","Fresno County",2017-09-01,1898,219,810,132,2117,942,2.24734607218684
"2617","Fresno County",2017-10-01,1906,226,769,120,2132,889,2.39820022497188
"2618","Fresno County",2017-11-01,1920,233,758,122,2153,880,2.44659090909091
"2619","Fresno County",2017-12-01,1894,220,756,117,2114,873,2.42153493699885
"2620","Fresno County",2018-01-01,1988,235,725,109,2223,834,2.66546762589928
"2621","Fresno County",2018-02-01,2053,239,734,110,2292,844,2.71563981042654
"2622","Fresno County",2018-03-01,1985,222,747,118,2207,865,2.5514450867052
"2623","Fresno County",2018-04-01,1948,226,704,113,2174,817,2.6609547123623
"2624","Fresno County",2018-05-01,1951,223,743,114,2174,857,2.536756126021
"2625","Fresno County",2018-06-01,1990,205,722,120,2195,842,2.60688836104513
"2626","Fresno County",2018-07-01,2054,215,688,110,2269,798,2.84335839598997
"2627","Fresno County",2018-08-01,2038,218,695,108,2256,803,2.80946450809465
"2628","Fresno County",2018-09-01,2031,225,703,106,2256,809,2.78862793572311
"2629","Fresno County",2018-10-01,2030,199,710,108,2229,818,2.72493887530562
"2630","Fresno County",2018-11-01,1989,215,746,106,2204,852,2.5868544600939
"2631","Fresno County",2018-12-01,1960,221,719,108,2181,827,2.6372430471584
"2632","Fresno County",2019-01-01,1990,221,680,109,2211,789,2.80228136882129
"2633","Fresno County",2019-02-01,2005,224,695,109,2229,804,2.77238805970149
"2634","Fresno County",2019-03-01,2005,222,704,114,2227,818,2.72249388753056
"2635","Fresno County",2019-04-01,2004,228,695,106,2232,801,2.78651685393258
"2636","Fresno County",2019-05-01,2049,213,693,106,2262,799,2.83103879849812
"2637","Fresno County",2019-06-01,2099,203,689,87,2302,776,2.96649484536082
"2638","Fresno County",2019-07-01,2072,203,675,84,2275,759,2.99736495388669
"2639","Fresno County",2019-08-01,2095,207,688,84,2302,772,2.98186528497409
"2640","Fresno County",2019-09-01,2102,215,676,86,2317,762,3.04068241469816
"2641","Fresno County",2019-10-01,2104,219,682,71,2323,753,3.08499335989376
"2642","Fresno County",2019-11-01,2051,209,670,74,2260,744,3.03763440860215
"2643","Fresno County",2019-12-01,2015,196,639,82,2211,721,3.06657420249653
"2644","Fresno County",2020-01-01,2055,192,610,83,2247,693,3.24242424242424
"2645","Fresno County",2020-02-01,2123,190,573,77,2313,650,3.55846153846154
"2646","Fresno County",2020-03-01,2114,204,537,67,2318,604,3.83774834437086
"2647","Glenn County",1995-10-01,43,4,32,5,47,37,1.27027027027027
"2648","Glenn County",1995-11-01,38,4,37,5,42,42,1
"2649","Glenn County",1995-12-01,38,4,33,6,42,39,1.07692307692308
"2650","Glenn County",1996-01-01,45,3,25,7,48,32,1.5
"2651","Glenn County",1996-02-01,36.34,5.13,25.83,6,41.47,31.83,1.3028589381087
"2652","Glenn County",1996-03-01,33,3,28,6,36,34,1.05882352941176
"2653","Glenn County",1996-04-01,38,1,30,5,39,35,1.11428571428571
"2654","Glenn County",1996-05-01,37,3,27,7,40,34,1.17647058823529
"2655","Glenn County",1996-06-01,30,3,26,6,33,32,1.03125
"2656","Glenn County",1996-07-01,36,3,27,6,39,33,1.18181818181818
"2657","Glenn County",1996-08-01,37,5,24,6,42,30,1.4
"2658","Glenn County",1996-09-01,38,4,18,5,42,23,1.82608695652174
"2659","Glenn County",1996-10-01,43,3,19,5,46,24,1.91666666666667
"2660","Glenn County",1996-11-01,37,4,23,3,41,26,1.57692307692308
"2661","Glenn County",1996-12-01,37,4,19,1,41,20,2.05
"2662","Glenn County",1997-01-01,43,3,27,1,46,28,1.64285714285714
"2663","Glenn County",1997-02-01,46,3,25,6,49,31,1.58064516129032
"2664","Glenn County",1997-03-01,47,4,23,3,51,26,1.96153846153846
"2665","Glenn County",1997-04-01,45,4,28,4,49,32,1.53125
"2666","Glenn County",1997-05-01,46,3,25,4,49,29,1.68965517241379
"2667","Glenn County",1997-06-01,41,4,24,4,45,28,1.60714285714286
"2668","Glenn County",1997-07-01,38,6,23,2,44,25,1.76
"2669","Glenn County",1997-08-01,40,5,19,1,45,20,2.25
"2670","Glenn County",1997-09-01,37,5,20,5,42,25,1.68
"2671","Glenn County",1997-10-01,44,3,22,4,47,26,1.80769230769231
"2672","Glenn County",1997-11-01,35,2,19,4,37,23,1.60869565217391
"2673","Glenn County",1997-12-01,38,4,19,4,42,23,1.82608695652174
"2674","Glenn County",1998-01-01,45,9,21,2,54,23,2.34782608695652
"2675","Glenn County",1998-02-01,52,10,21,4,62,25,2.48
"2676","Glenn County",1998-03-01,63,9,21,6,72,27,2.66666666666667
"2677","Glenn County",1998-04-01,51,5,23,8,56,31,1.80645161290323
"2678","Glenn County",1998-05-01,51,1,17,7,52,24,2.16666666666667
"2679","Glenn County",1998-06-01,49,2,17,8,51,25,2.04
"2680","Glenn County",1998-07-01,54,5,19,6,59,25,2.36
"2681","Glenn County",1998-08-01,47,6,22,6,53,28,1.89285714285714
"2682","Glenn County",1998-09-01,49,5,19,6,54,25,2.16
"2683","Glenn County",1998-10-01,50,5,23,7,55,30,1.83333333333333
"2684","Glenn County",1998-11-01,51,3,29,9,54,38,1.42105263157895
"2685","Glenn County",1998-12-01,46,3,24,4,49,28,1.75
"2686","Glenn County",1999-01-01,41,5,22,3,46,25,1.84
"2687","Glenn County",1999-02-01,43,20,22,2,63,24,2.625
"2688","Glenn County",1999-03-01,45,19,20,3,64,23,2.78260869565217
"2689","Glenn County",1999-04-01,49,22,15,5,71,20,3.55
"2690","Glenn County",1999-05-01,55,32,16,4,87,20,4.35
"2691","Glenn County",1999-06-01,51,34,15,4,85,19,4.47368421052632
"2692","Glenn County",1999-07-01,45,31,17,2,76,19,4
"2693","Glenn County",1999-08-01,48,29,17,3,77,20,3.85
"2694","Glenn County",1999-09-01,45,25,12,3,70,15,4.66666666666667
"2695","Glenn County",1999-10-01,36,31,16,2,67,18,3.72222222222222
"2696","Glenn County",1999-11-01,52,28,16,4,80,20,4
"2697","Glenn County",1999-12-01,44,32,12,4,76,16,4.75
"2698","Glenn County",2000-01-01,51,34,15,4,85,19,4.47368421052632
"2699","Glenn County",2000-02-01,53,36,15,2,89,17,5.23529411764706
"2700","Glenn County",2000-03-01,54,35,16,2,89,18,4.94444444444444
"2701","Glenn County",2000-04-01,53,35,18,2,88,20,4.4
"2702","Glenn County",2000-05-01,54,27,21,1,81,22,3.68181818181818
"2703","Glenn County",2000-06-01,61,26,23,4,87,27,3.22222222222222
"2704","Glenn County",2000-07-01,57,26,25,8,83,33,2.51515151515152
"2705","Glenn County",2000-08-01,42,25,34,14,67,48,1.39583333333333
"2706","Glenn County",2000-09-01,54,26,18,6,80,24,3.33333333333333
"2707","Glenn County",2000-10-01,40,19,7,2,59,9,6.55555555555556
"2708","Glenn County",2000-11-01,55,17,8,0,72,8,9
"2709","Glenn County",2000-12-01,45,13,6,0,58,6,9.66666666666667
"2710","Glenn County",2001-01-01,44,16,4,0,60,4,15
"2711","Glenn County",2001-02-01,48,17,3,0,65,3,21.6666666666667
"2712","Glenn County",2001-03-01,47,12,2,0,59,2,29.5
"2713","Glenn County",2001-04-01,66,11,3,0,77,3,25.6666666666667
"2714","Glenn County",2001-05-01,81,14,6,0,95,6,15.8333333333333
"2715","Glenn County",2001-06-01,75,12,12,2,87,14,6.21428571428571
"2716","Glenn County",2001-07-01,60,12,5,3,72,8,9
"2717","Glenn County",2001-08-01,66,12,4,0,78,4,19.5
"2718","Glenn County",2001-09-01,69,17,4,0,86,4,21.5
"2719","Glenn County",2001-10-01,70,18,7,3,88,10,8.8
"2720","Glenn County",2001-11-01,61,11,19,4,72,23,3.1304347826087
"2721","Glenn County",2001-12-01,63,11,7,1,74,8,9.25
"2722","Glenn County",2002-01-01,61,10,5,0,71,5,14.2
"2723","Glenn County",2002-02-01,57,14,4,2,71,6,11.8333333333333
"2724","Glenn County",2002-03-01,56,13,6,3,69,9,7.66666666666667
"2725","Glenn County",2002-04-01,56,11,6,3,67,9,7.44444444444444
"2726","Glenn County",2002-05-01,56,7,7,2,63,9,7
"2727","Glenn County",2002-06-01,60,13,10,4,73,14,5.21428571428571
"2728","Glenn County",2002-07-01,50,16,8,5,66,13,5.07692307692308
"2729","Glenn County",2002-08-01,48,11,9,3,59,12,4.91666666666667
"2730","Glenn County",2002-09-01,55,9,11,2,64,13,4.92307692307692
"2731","Glenn County",2002-10-01,42,5,32,6,47,38,1.23684210526316
"2732","Glenn County",2002-11-01,44,6,34,6,50,40,1.25
"2733","Glenn County",2002-12-01,46,6,36,6,52,42,1.23809523809524
"2734","Glenn County",2003-01-01,57,13,33,3,70,36,1.94444444444444
"2735","Glenn County",2003-02-01,72,16,40,4,88,44,2
"2736","Glenn County",2003-03-01,88,12,39,5,100,44,2.27272727272727
"2737","Glenn County",2003-04-01,99,9,31,4,108,35,3.08571428571429
"2738","Glenn County",2003-05-01,93,15,28,2,108,30,3.6
"2739","Glenn County",2003-06-01,75,15,38,3,90,41,2.19512195121951
"2740","Glenn County",2003-07-01,64,17,47,3,81,50,1.62
"2741","Glenn County",2003-08-01,60,19,49,3,79,52,1.51923076923077
"2742","Glenn County",2003-09-01,72,14,44,4,86,48,1.79166666666667
"2743","Glenn County",2003-10-01,68,11,39,7,79,46,1.71739130434783
"2744","Glenn County",2003-11-01,67,12,46,5,79,51,1.54901960784314
"2745","Glenn County",2003-12-01,70,14,42,7,84,49,1.71428571428571
"2746","Glenn County",2004-01-01,70,11,42,9,81,51,1.58823529411765
"2747","Glenn County",2004-02-01,80,9,54,8,89,62,1.43548387096774
"2748","Glenn County",2004-03-01,73,10,56,6,83,62,1.33870967741935
"2749","Glenn County",2004-04-01,65,11,45,3,76,48,1.58333333333333
"2750","Glenn County",2004-05-01,63,8,48,5,71,53,1.33962264150943
"2751","Glenn County",2004-06-01,67,9,44,5,76,49,1.55102040816327
"2752","Glenn County",2004-07-01,70,13,50,7,83,57,1.45614035087719
"2753","Glenn County",2004-08-01,68,11,46,8,79,54,1.46296296296296
"2754","Glenn County",2004-09-01,62,11,44,3,73,47,1.5531914893617
"2755","Glenn County",2004-10-01,55,9,42,2,64,44,1.45454545454545
"2756","Glenn County",2004-11-01,60,10,36,5,70,41,1.70731707317073
"2757","Glenn County",2004-12-01,59,9,34,5,68,39,1.74358974358974
"2758","Glenn County",2005-01-01,65,8,48,4,73,52,1.40384615384615
"2759","Glenn County",2005-02-01,62,8,59,8,70,67,1.04477611940298
"2760","Glenn County",2005-03-01,66,9,60,7,75,67,1.11940298507463
"2761","Glenn County",2005-04-01,75,7,63,5,82,68,1.20588235294118
"2762","Glenn County",2005-05-01,71,7,62,7,78,69,1.1304347826087
"2763","Glenn County",2005-06-01,70,10,59,9,80,68,1.17647058823529
"2764","Glenn County",2005-07-01,74,11,56,12,85,68,1.25
"2765","Glenn County",2005-08-01,82,14,46,14,96,60,1.6
"2766","Glenn County",2005-09-01,82,15,38,11,97,49,1.97959183673469
"2767","Glenn County",2005-10-01,83,14,34,9,97,43,2.25581395348837
"2768","Glenn County",2005-11-01,85,15,35,9,100,44,2.27272727272727
"2769","Glenn County",2005-12-01,79,14,39,9,93,48,1.9375
"2770","Glenn County",2006-01-01,83,17,27,8,100,35,2.85714285714286
"2771","Glenn County",2006-02-01,83,14,28,9,97,37,2.62162162162162
"2772","Glenn County",2006-03-01,88,14,29,13,102,42,2.42857142857143
"2773","Glenn County",2006-04-01,77,15,28,12,92,40,2.3
"2774","Glenn County",2006-05-01,63,10,21,9,73,30,2.43333333333333
"2775","Glenn County",2006-06-01,60,10,27,9,70,36,1.94444444444444
"2776","Glenn County",2006-07-01,65,10,28,5,75,33,2.27272727272727
"2777","Glenn County",2006-08-01,76,11,23,5,87,28,3.10714285714286
"2778","Glenn County",2006-09-01,83,11,28,5,94,33,2.84848484848485
"2779","Glenn County",2006-10-01,79,11,34,7,90,41,2.19512195121951
"2780","Glenn County",2006-11-01,80,9,34,7,89,41,2.17073170731707
"2781","Glenn County",2006-12-01,72,12,35,8,84,43,1.95348837209302
"2782","Glenn County",2007-01-01,67,12,35,9,79,44,1.79545454545455
"2783","Glenn County",2007-02-01,65,12,39,6,77,45,1.71111111111111
"2784","Glenn County",2007-03-01,67,13,34,8,80,42,1.9047619047619
"2785","Glenn County",2007-04-01,66,13,33,8,79,41,1.92682926829268
"2786","Glenn County",2007-05-01,68,14,29,6,82,35,2.34285714285714
"2787","Glenn County",2007-06-01,70,12,27,7,82,34,2.41176470588235
"2788","Glenn County",2007-07-01,72,15,34,7,87,41,2.1219512195122
"2789","Glenn County",2007-08-01,67,11,39,9,78,48,1.625
"2790","Glenn County",2007-09-01,58,11,38,8,69,46,1.5
"2791","Glenn County",2007-10-01,59,12,35,9,71,44,1.61363636363636
"2792","Glenn County",2007-11-01,57,11,31,11,68,42,1.61904761904762
"2793","Glenn County",2007-12-01,54,10,24,7,64,31,2.06451612903226
"2794","Glenn County",2008-01-01,60,11,21,3,71,24,2.95833333333333
"2795","Glenn County",2008-02-01,57,13,28,6,70,34,2.05882352941176
"2796","Glenn County",2008-03-01,58,13,18,5,71,23,3.08695652173913
"2797","Glenn County",2008-04-01,66,9,22,11,75,33,2.27272727272727
"2798","Glenn County",2008-05-01,58,6,32,9,64,41,1.5609756097561
"2799","Glenn County",2008-06-01,62,6,31,6,68,37,1.83783783783784
"2800","Glenn County",2008-07-01,63,8,24,6,71,30,2.36666666666667
"2801","Glenn County",2008-08-01,60,9,23,5,69,28,2.46428571428571
"2802","Glenn County",2008-09-01,55,8,21,4,63,25,2.52
"2803","Glenn County",2008-10-01,55,10,22,3,65,25,2.6
"2804","Glenn County",2008-11-01,55,10,22,3,65,25,2.6
"2805","Glenn County",2008-12-01,62,9,23,5,71,28,2.53571428571429
"2806","Glenn County",2009-01-01,63,9,27,7,72,34,2.11764705882353
"2807","Glenn County",2009-02-01,60,9,26,9,69,35,1.97142857142857
"2808","Glenn County",2009-03-01,49,8,24,8,57,32,1.78125
"2809","Glenn County",2009-04-01,57,8,21,5,65,26,2.5
"2810","Glenn County",2009-05-01,63,8,23,7,71,30,2.36666666666667
"2811","Glenn County",2009-06-01,56,5,21,6,61,27,2.25925925925926
"2812","Glenn County",2009-07-01,43,5,30,6,48,36,1.33333333333333
"2813","Glenn County",2009-08-01,41,6,27,4,47,31,1.51612903225806
"2814","Glenn County",2009-09-01,48,6,22,7,54,29,1.86206896551724
"2815","Glenn County",2009-10-01,50,4,21,7,54,28,1.92857142857143
"2816","Glenn County",2009-11-01,58,7,17,8,65,25,2.6
"2817","Glenn County",2009-12-01,52,9,17,8,61,25,2.44
"2818","Glenn County",2010-01-01,60,10,16,9,70,25,2.8
"2819","Glenn County",2010-02-01,63,8,12,4,71,16,4.4375
"2820","Glenn County",2010-03-01,55,5,16,2,60,18,3.33333333333333
"2821","Glenn County",2010-04-01,56,8,17,3,64,20,3.2
"2822","Glenn County",2010-05-01,57,9,21,3,66,24,2.75
"2823","Glenn County",2010-06-01,62,9,16,4,71,20,3.55
"2824","Glenn County",2010-07-01,54,8,19,3,62,22,2.81818181818182
"2825","Glenn County",2010-08-01,56,12,18,3,68,21,3.23809523809524
"2826","Glenn County",2010-09-01,55,15,13,6,70,19,3.68421052631579
"2827","Glenn County",2010-10-01,51,14,14,5,65,19,3.42105263157895
"2828","Glenn County",2010-11-01,53,8,19,7,61,26,2.34615384615385
"2829","Glenn County",2010-12-01,47,8,16,7,55,23,2.39130434782609
"2830","Glenn County",2011-01-01,48,8,15,7,56,22,2.54545454545455
"2831","Glenn County",2011-02-01,48,9,22,5,57,27,2.11111111111111
"2832","Glenn County",2011-03-01,50,9,21,4,59,25,2.36
"2833","Glenn County",2011-04-01,60,8,17,5,68,22,3.09090909090909
"2834","Glenn County",2011-05-01,62,10,24,6,72,30,2.4
"2835","Glenn County",2011-06-01,65,14,20,9,79,29,2.72413793103448
"2836","Glenn County",2011-07-01,63,15,16,8,78,24,3.25
"2837","Glenn County",2011-08-01,72,13,19,9,85,28,3.03571428571429
"2838","Glenn County",2011-09-01,68,9,16,7,77,23,3.34782608695652
"2839","Glenn County",2011-10-01,66,9,9,5,75,14,5.35714285714286
"2840","Glenn County",2011-11-01,56,7,17,3,63,20,3.15
"2841","Glenn County",2011-12-01,60,7,20,2,67,22,3.04545454545455
"2842","Glenn County",2012-01-01,56,8,20,2,64,22,2.90909090909091
"2843","Glenn County",2012-02-01,63,9,19,3,72,22,3.27272727272727
"2844","Glenn County",2012-03-01,62,7,20,5,69,25,2.76
"2845","Glenn County",2012-04-01,69,9,23,5,78,28,2.78571428571429
"2846","Glenn County",2012-05-01,66,8,23,4,74,27,2.74074074074074
"2847","Glenn County",2012-06-01,64,8,23,6,72,29,2.48275862068966
"2848","Glenn County",2012-07-01,61,11,23,4,72,27,2.66666666666667
"2849","Glenn County",2012-08-01,66,9,21,4,75,25,3
"2850","Glenn County",2012-09-01,59,11,25,3,70,28,2.5
"2851","Glenn County",2012-10-01,63,9,29,4,72,33,2.18181818181818
"2852","Glenn County",2012-11-01,65,7,22,5,72,27,2.66666666666667
"2853","Glenn County",2012-12-01,59,7,18,5,66,23,2.8695652173913
"2854","Glenn County",2013-01-01,57,8,16,8,65,24,2.70833333333333
"2855","Glenn County",2013-02-01,61,10,20,7,71,27,2.62962962962963
"2856","Glenn County",2013-03-01,69,11,23,8,80,31,2.58064516129032
"2857","Glenn County",2013-04-01,74,10,23,5,84,28,3
"2858","Glenn County",2013-05-01,75,10,25,4,85,29,2.93103448275862
"2859","Glenn County",2013-06-01,73,10,25,5,83,30,2.76666666666667
"2860","Glenn County",2013-07-01,73,10,26,7,83,33,2.51515151515152
"2861","Glenn County",2013-08-01,72,8,24,7,80,31,2.58064516129032
"2862","Glenn County",2013-09-01,67,9,22,7,76,29,2.62068965517241
"2863","Glenn County",2013-10-01,62,11,25,7,73,32,2.28125
"2864","Glenn County",2013-11-01,58,9,27,7,67,34,1.97058823529412
"2865","Glenn County",2013-12-01,61,8,30,6,69,36,1.91666666666667
"2866","Glenn County",2014-01-01,61,12,33,5,73,38,1.92105263157895
"2867","Glenn County",2014-02-01,60,13,31,6,73,37,1.97297297297297
"2868","Glenn County",2014-03-01,60,9,34,9,69,43,1.6046511627907
"2869","Glenn County",2014-04-01,52,6,33,7,58,40,1.45
"2870","Glenn County",2014-05-01,53,9,27,6,62,33,1.87878787878788
"2871","Glenn County",2014-06-01,54,9,29,6,63,35,1.8
"2872","Glenn County",2014-07-01,52,7,30,7,59,37,1.59459459459459
"2873","Glenn County",2014-08-01,54,6,29,7,60,36,1.66666666666667
"2874","Glenn County",2014-09-01,61,7,26,7,68,33,2.06060606060606
"2875","Glenn County",2014-10-01,58,10,27,7,68,34,2
"2876","Glenn County",2014-11-01,56,10,31,6,66,37,1.78378378378378
"2877","Glenn County",2014-12-01,58,12,29,7,70,36,1.94444444444444
"2878","Glenn County",2015-01-01,57,11,30,5,68,35,1.94285714285714
"2879","Glenn County",2015-02-01,58,11,26,5,69,31,2.2258064516129
"2880","Glenn County",2015-03-01,61,13,25,5,74,30,2.46666666666667
"2881","Glenn County",2015-04-01,50,12,32,7,62,39,1.58974358974359
"2882","Glenn County",2015-05-01,44,10,30,7,54,37,1.45945945945946
"2883","Glenn County",2015-06-01,42,9,32,5,51,37,1.37837837837838
"2884","Glenn County",2015-07-01,43,10,28,5,53,33,1.60606060606061
"2885","Glenn County",2015-08-01,39,13,32,7,52,39,1.33333333333333
"2886","Glenn County",2015-09-01,35,13,37,4,48,41,1.17073170731707
"2887","Glenn County",2015-10-01,36,13,34,8,49,42,1.16666666666667
"2888","Glenn County",2015-11-01,42,13,34,7,55,41,1.34146341463415
"2889","Glenn County",2015-12-01,41,11,37,10,52,47,1.1063829787234
"2890","Glenn County",2016-01-01,38,9,31,12,47,43,1.09302325581395
"2891","Glenn County",2016-02-01,40,12,28,9,52,37,1.40540540540541
"2892","Glenn County",2016-03-01,46,16,25,9,62,34,1.82352941176471
"2893","Glenn County",2016-04-01,54,18,29,9,72,38,1.89473684210526
"2894","Glenn County",2016-05-01,48,13,34,10,61,44,1.38636363636364
"2895","Glenn County",2016-06-01,50,12,25,8,62,33,1.87878787878788
"2896","Glenn County",2016-07-01,52,12,32,7,64,39,1.64102564102564
"2897","Glenn County",2016-08-01,0,0,0,0,0,0,NA
"2898","Glenn County",2016-09-01,69,15,26,5,84,31,2.70967741935484
"2899","Glenn County",2016-10-01,63,16,19,6,79,25,3.16
"2900","Glenn County",2016-11-01,0,0,0,0,0,0,NA
"2901","Glenn County",2016-12-01,54,16,19,3,70,22,3.18181818181818
"2902","Glenn County",2017-01-01,60,13,22,5,73,27,2.7037037037037
"2903","Glenn County",2017-02-01,58,15,20,2,73,22,3.31818181818182
"2904","Glenn County",2017-03-01,51,15,23,6,66,29,2.27586206896552
"2905","Glenn County",2017-04-01,55,14,30,5,69,35,1.97142857142857
"2906","Glenn County",2017-05-01,54,13,32,6,67,38,1.76315789473684
"2907","Glenn County",2017-06-01,56,14,21,10,70,31,2.25806451612903
"2908","Glenn County",2017-07-01,61,12,21,11,73,32,2.28125
"2909","Glenn County",2017-08-01,61,10,27,10,71,37,1.91891891891892
"2910","Glenn County",2017-09-01,72,7,19,13,79,32,2.46875
"2911","Glenn County",2017-10-01,58,6,25,12,64,37,1.72972972972973
"2912","Glenn County",2017-11-01,59,10,24,7,69,31,2.2258064516129
"2913","Glenn County",2017-12-01,56,11,28,9,67,37,1.81081081081081
"2914","Glenn County",2018-01-01,47,12,24,8,59,32,1.84375
"2915","Glenn County",2018-02-01,49,13,25,9,62,34,1.82352941176471
"2916","Glenn County",2018-03-01,48,13,27,8,61,35,1.74285714285714
"2917","Glenn County",2018-04-01,51,16,26,6,67,32,2.09375
"2918","Glenn County",2018-05-01,55,14,25,9,69,34,2.02941176470588
"2919","Glenn County",2018-06-01,58,16,20,4,74,24,3.08333333333333
"2920","Glenn County",2018-07-01,62,11,27,7,73,34,2.14705882352941
"2921","Glenn County",2018-08-01,73,9,30,10,82,40,2.05
"2922","Glenn County",2018-09-01,65,11,27,7,76,34,2.23529411764706
"2923","Glenn County",2018-10-01,67,11,24,4,78,28,2.78571428571429
"2924","Glenn County",2018-11-01,66,11,23,7,77,30,2.56666666666667
"2925","Glenn County",2018-12-01,74,13,20,6,87,26,3.34615384615385
"2926","Glenn County",2019-01-01,71,13,22,6,84,28,3
"2927","Glenn County",2019-02-01,65,18,23,5,83,28,2.96428571428571
"2928","Glenn County",2019-03-01,73,16,21,6,89,27,3.2962962962963
"2929","Glenn County",2019-04-01,53,17,24,6,70,30,2.33333333333333
"2930","Glenn County",2019-05-01,61,14,20,6,75,26,2.88461538461538
"2931","Glenn County",2019-06-01,67,10,24,3,77,27,2.85185185185185
"2932","Glenn County",2019-07-01,62,13,27,4,75,31,2.41935483870968
"2933","Glenn County",2019-08-01,62,13,23,6,75,29,2.58620689655172
"2934","Glenn County",2019-09-01,59,13,23,5,72,28,2.57142857142857
"2935","Glenn County",2019-10-01,60,12,21,6,72,27,2.66666666666667
"2936","Glenn County",2019-11-01,58,10,27,5,68,32,2.125
"2937","Glenn County",2019-12-01,55,14,25,2,69,27,2.55555555555556
"2938","Glenn County",2020-01-01,56,17,21,4,73,25,2.92
"2939","Glenn County",2020-02-01,62,16,20,4,78,24,3.25
"2940","Glenn County",2020-03-01,53,12,19,3,65,22,2.95454545454545
"2941","Humboldt County",1995-10-01,148,22,15,13,170,28,6.07142857142857
"2942","Humboldt County",1995-11-01,155,23,21,1,178,22,8.09090909090909
"2943","Humboldt County",1995-12-01,167,22,24,5,189,29,6.51724137931035
"2944","Humboldt County",1996-01-01,168,26,23,3,194,26,7.46153846153846
"2945","Humboldt County",1996-02-01,177,22,25,1,199,26,7.65384615384615
"2946","Humboldt County",1996-03-01,180,21,21,1,201,22,9.13636363636364
"2947","Humboldt County",1996-04-01,178,19,20,1,197,21,9.38095238095238
"2948","Humboldt County",1996-05-01,164,26,26,1,190,27,7.03703703703704
"2949","Humboldt County",1996-06-01,168,27,18,2,195,20,9.75
"2950","Humboldt County",1996-07-01,175,26,11,3,201,14,14.3571428571429
"2951","Humboldt County",1996-08-01,173,20,10,2,193,12,16.0833333333333
"2952","Humboldt County",1996-09-01,154,20,14,10,174,24,7.25
"2953","Humboldt County",1996-10-01,184,27,10,2,211,12,17.5833333333333
"2954","Humboldt County",1996-11-01,191,34,14,2,225,16,14.0625
"2955","Humboldt County",1996-12-01,182,24,8,3,206,11,18.7272727272727
"2956","Humboldt County",1997-01-01,212,25,15,2,237,17,13.9411764705882
"2957","Humboldt County",1997-02-01,184,27,59,2,211,61,3.45901639344262
"2958","Humboldt County",1997-03-01,200,31,45,2,231,47,4.91489361702128
"2959","Humboldt County",1997-04-01,195,32,58,2,227,60,3.78333333333333
"2960","Humboldt County",1997-05-01,189,32,55,10,221,65,3.4
"2961","Humboldt County",1997-06-01,196,26,61,7,222,68,3.26470588235294
"2962","Humboldt County",1997-07-01,199,30,55,2,229,57,4.01754385964912
"2963","Humboldt County",1997-08-01,228,29,23,1,257,24,10.7083333333333
"2964","Humboldt County",1997-09-01,216,20,8,0,236,8,29.5
"2965","Humboldt County",1997-10-01,222,30,9,0.38,252,9.38,26.865671641791
"2966","Humboldt County",1997-11-01,228,31,9,1,259,10,25.9
"2967","Humboldt County",1997-12-01,218,24,16,2,242,18,13.4444444444444
"2968","Humboldt County",1998-01-01,238,32,36,2,270,38,7.10526315789474
"2969","Humboldt County",1998-02-01,274,30,27,5,304,32,9.5
"2970","Humboldt County",1998-03-01,285,29,17,1,314,18,17.4444444444444
"2971","Humboldt County",1998-04-01,309,31,12,0,340,12,28.3333333333333
"2972","Humboldt County",1998-05-01,299,31,17,2,330,19,17.3684210526316
"2973","Humboldt County",1998-06-01,282,31,21,1,313,22,14.2272727272727
"2974","Humboldt County",1998-07-01,255,29,22,3,284,25,11.36
"2975","Humboldt County",1998-08-01,256,35,20,1,291,21,13.8571428571429
"2976","Humboldt County",1998-09-01,257,34,25,3,291,28,10.3928571428571
"2977","Humboldt County",1998-10-01,273,40,13,3,313,16,19.5625
"2978","Humboldt County",1998-11-01,267,36,14,3,303,17,17.8235294117647
"2979","Humboldt County",1998-12-01,256,39,16,2,295,18,16.3888888888889
"2980","Humboldt County",1999-01-01,263,43,16,2,306,18,17
"2981","Humboldt County",1999-02-01,200,27,73,17,227,90,2.52222222222222
"2982","Humboldt County",1999-03-01,183,24,79,13,207,92,2.25
"2983","Humboldt County",1999-04-01,206,29,80,14,235,94,2.5
"2984","Humboldt County",1999-05-01,189,28,91,18,217,109,1.99082568807339
"2985","Humboldt County",1999-06-01,188,26,80,18,214,98,2.18367346938776
"2986","Humboldt County",1999-07-01,168,29,98,19,197,117,1.68376068376068
"2987","Humboldt County",1999-08-01,188,28,103,20,216,123,1.75609756097561
"2988","Humboldt County",1999-09-01,193,27,93,15,220,108,2.03703703703704
"2989","Humboldt County",1999-10-01,196,26,92,14,222,106,2.09433962264151
"2990","Humboldt County",1999-11-01,199,25,94,9,224,103,2.1747572815534
"2991","Humboldt County",1999-12-01,189,28,84,10,217,94,2.30851063829787
"2992","Humboldt County",2000-01-01,192,28,82,11,220,93,2.36559139784946
"2993","Humboldt County",2000-02-01,193,31,88,12,224,100,2.24
"2994","Humboldt County",2000-03-01,221,30,80,13,251,93,2.6989247311828
"2995","Humboldt County",2000-04-01,208,23,86,16,231,102,2.26470588235294
"2996","Humboldt County",2000-05-01,207,31,98,14,238,112,2.125
"2997","Humboldt County",2000-06-01,217,31,111,18,248,129,1.92248062015504
"2998","Humboldt County",2000-07-01,208,28,111,21,236,132,1.78787878787879
"2999","Humboldt County",2000-08-01,193,26,111,19,219,130,1.68461538461538
"3000","Humboldt County",2000-09-01,194,31,121,14,225,135,1.66666666666667
"3001","Humboldt County",2000-10-01,201,25,118,14,226,132,1.71212121212121
"3002","Humboldt County",2000-11-01,212,27,102,14,239,116,2.06034482758621
"3003","Humboldt County",2000-12-01,202,26,105,13,228,118,1.93220338983051
"3004","Humboldt County",2001-01-01,208,28,105,16,236,121,1.9504132231405
"3005","Humboldt County",2001-02-01,212,31,109,18,243,127,1.91338582677165
"3006","Humboldt County",2001-03-01,203,28,116,19,231,135,1.71111111111111
"3007","Humboldt County",2001-04-01,221,27,114,23,248,137,1.81021897810219
"3008","Humboldt County",2001-05-01,209,30,124,17,239,141,1.69503546099291
"3009","Humboldt County",2001-06-01,181,27,150,16,208,166,1.25301204819277
"3010","Humboldt County",2001-07-01,175,31,148,18,206,166,1.24096385542169
"3011","Humboldt County",2001-08-01,185,30,124,14,215,138,1.55797101449275
"3012","Humboldt County",2001-09-01,205,34,123,11,239,134,1.78358208955224
"3013","Humboldt County",2001-10-01,215,32,121,14,247,135,1.82962962962963
"3014","Humboldt County",2001-11-01,208,30,118,24,238,142,1.67605633802817
"3015","Humboldt County",2001-12-01,214,28,113,15,242,128,1.890625
"3016","Humboldt County",2002-01-01,218,24,114,17,242,131,1.84732824427481
"3017","Humboldt County",2002-02-01,217,26,121,18,243,139,1.74820143884892
"3018","Humboldt County",2002-03-01,201,28,120,23,229,143,1.6013986013986
"3019","Humboldt County",2002-04-01,214,34,119,20,248,139,1.7841726618705
"3020","Humboldt County",2002-05-01,204,29,123,22,233,145,1.60689655172414
"3021","Humboldt County",2002-06-01,188,30,103,16,218,119,1.83193277310924
"3022","Humboldt County",2002-07-01,201,33,93,16,234,109,2.14678899082569
"3023","Humboldt County",2002-08-01,205,33,91,16,238,107,2.22429906542056
"3024","Humboldt County",2002-09-01,227,33,100,15,260,115,2.26086956521739
"3025","Humboldt County",2002-10-01,231,37,112,19,268,131,2.04580152671756
"3026","Humboldt County",2002-11-01,219,43,116,16,262,132,1.98484848484848
"3027","Humboldt County",2002-12-01,211,34,114,15,245,129,1.89922480620155
"3028","Humboldt County",2003-01-01,205,39,113,15,244,128,1.90625
"3029","Humboldt County",2003-02-01,213,35,116,17,248,133,1.86466165413534
"3030","Humboldt County",2003-03-01,218,30,107,14,248,121,2.0495867768595
"3031","Humboldt County",2003-04-01,214,31,111,14,245,125,1.96
"3032","Humboldt County",2003-05-01,229,40,106,10,269,116,2.31896551724138
"3033","Humboldt County",2003-06-01,234,35,104,11,269,115,2.33913043478261
"3034","Humboldt County",2003-07-01,243,33,105,10,276,115,2.4
"3035","Humboldt County",2003-08-01,229,35,109,13,264,122,2.16393442622951
"3036","Humboldt County",2003-09-01,237,41,99,14,278,113,2.46017699115044
"3037","Humboldt County",2003-10-01,236,38,95,14,274,109,2.51376146788991
"3038","Humboldt County",2003-11-01,204,34,92,18,238,110,2.16363636363636
"3039","Humboldt County",2003-12-01,192,29,101,18,221,119,1.85714285714286
"3040","Humboldt County",2004-01-01,200,32,102,19,232,121,1.91735537190083
"3041","Humboldt County",2004-02-01,198,40,111,20,238,131,1.81679389312977
"3042","Humboldt County",2004-03-01,207,37,110,17,244,127,1.92125984251968
"3043","Humboldt County",2004-04-01,208,33,113,15,241,128,1.8828125
"3044","Humboldt County",2004-05-01,189,29,124,15,218,139,1.56834532374101
"3045","Humboldt County",2004-06-01,177,32,127,19,209,146,1.43150684931507
"3046","Humboldt County",2004-07-01,196,30,117,18,226,135,1.67407407407407
"3047","Humboldt County",2004-08-01,208,30,107,16,238,123,1.9349593495935
"3048","Humboldt County",2004-09-01,204,32,106,16,236,122,1.9344262295082
"3049","Humboldt County",2004-10-01,198,29,95,18,227,113,2.00884955752212
"3050","Humboldt County",2004-11-01,205,30,98,21,235,119,1.97478991596639
"3051","Humboldt County",2004-12-01,201,35,107,16,236,123,1.91869918699187
"3052","Humboldt County",2005-01-01,205,33,115,20,238,135,1.76296296296296
"3053","Humboldt County",2005-02-01,212,29,129,18,241,147,1.63945578231293
"3054","Humboldt County",2005-03-01,190,32,139,16,222,155,1.43225806451613
"3055","Humboldt County",2005-04-01,179,29,144,18,208,162,1.28395061728395
"3056","Humboldt County",2005-05-01,183,31,145,20,214,165,1.2969696969697
"3057","Humboldt County",2005-06-01,195,31,133,22,226,155,1.45806451612903
"3058","Humboldt County",2005-07-01,202,40,120,14,242,134,1.80597014925373
"3059","Humboldt County",2005-08-01,203,40,118,19,243,137,1.77372262773723
"3060","Humboldt County",2005-09-01,198,37,120,19,235,139,1.69064748201439
"3061","Humboldt County",2005-10-01,203,35,123,24,238,147,1.61904761904762
"3062","Humboldt County",2005-11-01,201,28,124,19,229,143,1.6013986013986
"3063","Humboldt County",2005-12-01,199,30,120,20,229,140,1.63571428571429
"3064","Humboldt County",2006-01-01,199,35,113,20,234,133,1.7593984962406
"3065","Humboldt County",2006-02-01,212,35,107,27,247,134,1.84328358208955
"3066","Humboldt County",2006-03-01,202,23,119,26,225,145,1.55172413793103
"3067","Humboldt County",2006-04-01,214,20,114,23,234,137,1.70802919708029
"3068","Humboldt County",2006-05-01,180,31,128,26,211,154,1.37012987012987
"3069","Humboldt County",2006-06-01,197,26,120,27,223,147,1.51700680272109
"3070","Humboldt County",2006-07-01,203,26,116,23,229,139,1.64748201438849
"3071","Humboldt County",2006-08-01,209,29,105,19,238,124,1.91935483870968
"3072","Humboldt County",2006-09-01,209,31,120,20,240,140,1.71428571428571
"3073","Humboldt County",2006-10-01,200,30,116,22,230,138,1.66666666666667
"3074","Humboldt County",2006-11-01,207,26,99,18,233,117,1.99145299145299
"3075","Humboldt County",2006-12-01,174,27,108,17,201,125,1.608
"3076","Humboldt County",2007-01-01,188,27,114,22,215,136,1.58088235294118
"3077","Humboldt County",2007-02-01,226,38,108,19,264,127,2.07874015748031
"3078","Humboldt County",2007-03-01,228,38,111,19,266,130,2.04615384615385
"3079","Humboldt County",2007-04-01,230,25,111,22,255,133,1.91729323308271
"3080","Humboldt County",2007-05-01,229,39,103,21,268,124,2.16129032258065
"3081","Humboldt County",2007-06-01,210,32,116,25,242,141,1.71631205673759
"3082","Humboldt County",2007-07-01,203,34,116,20,237,136,1.74264705882353
"3083","Humboldt County",2007-08-01,176,35,128,18,211,146,1.44520547945205
"3084","Humboldt County",2007-09-01,177,35,132,10,212,142,1.49295774647887
"3085","Humboldt County",2007-10-01,190,39,127,13,229,140,1.63571428571429
"3086","Humboldt County",2007-11-01,166,58,84,53,224,137,1.63503649635036
"3087","Humboldt County",2007-12-01,170,29,120,16,199,136,1.46323529411765
"3088","Humboldt County",2008-01-01,173,30,121,23,203,144,1.40972222222222
"3089","Humboldt County",2008-02-01,180,34,100,17,214,117,1.82905982905983
"3090","Humboldt County",2008-03-01,198,33,96,19,231,115,2.00869565217391
"3091","Humboldt County",2008-04-01,207,35,100,18,242,118,2.05084745762712
"3092","Humboldt County",2008-05-01,198,28,102,15,226,117,1.93162393162393
"3093","Humboldt County",2008-06-01,187,32,92,15,219,107,2.04672897196262
"3094","Humboldt County",2008-07-01,196,29,89,13,225,102,2.20588235294118
"3095","Humboldt County",2008-08-01,186,38,94,15,224,109,2.05504587155963
"3096","Humboldt County",2008-09-01,182,35,100,22,217,122,1.77868852459016
"3097","Humboldt County",2008-10-01,184,34,95,24,218,119,1.83193277310924
"3098","Humboldt County",2008-11-01,193,31,91,17,224,108,2.07407407407407
"3099","Humboldt County",2008-12-01,191,32,91,16,223,107,2.08411214953271
"3100","Humboldt County",2009-01-01,174,30,100,15,204,115,1.77391304347826
"3101","Humboldt County",2009-02-01,198,29,92,17,227,109,2.08256880733945
"3102","Humboldt County",2009-03-01,204,36,93,13,240,106,2.26415094339623
"3103","Humboldt County",2009-04-01,214,38,91,17,252,108,2.33333333333333
"3104","Humboldt County",2009-05-01,211,29,100,22,240,122,1.9672131147541
"3105","Humboldt County",2009-06-01,223,29,96,19,252,115,2.19130434782609
"3106","Humboldt County",2009-07-01,219,34,93,21,253,114,2.21929824561404
"3107","Humboldt County",2009-08-01,221,43,88,15,264,103,2.56310679611651
"3108","Humboldt County",2009-09-01,211,44,96,17,255,113,2.25663716814159
"3109","Humboldt County",2009-10-01,207,41,93,16,248,109,2.27522935779817
"3110","Humboldt County",2009-11-01,224,41,91,15,265,106,2.5
"3111","Humboldt County",2009-12-01,225,34,80,12,259,92,2.81521739130435
"3112","Humboldt County",2010-01-01,246,40,81,15,286,96,2.97916666666667
"3113","Humboldt County",2010-02-01,247,42,86,16,289,102,2.83333333333333
"3114","Humboldt County",2010-03-01,257,36,89,22,293,111,2.63963963963964
"3115","Humboldt County",2010-04-01,238,26,91,14,264,105,2.51428571428571
"3116","Humboldt County",2010-05-01,215,34,93,14,249,107,2.32710280373832
"3117","Humboldt County",2010-06-01,229,34,83,16,263,99,2.65656565656566
"3118","Humboldt County",2010-07-01,234,37,68,17,271,85,3.18823529411765
"3119","Humboldt County",2010-08-01,226,45,68,17,271,85,3.18823529411765
"3120","Humboldt County",2010-09-01,250,51,71,19,301,90,3.34444444444444
"3121","Humboldt County",2010-10-01,253,46,74,24,299,98,3.05102040816327
"3122","Humboldt County",2010-11-01,249,43,73,26,292,99,2.94949494949495
"3123","Humboldt County",2010-12-01,240,33,73,27,273,100,2.73
"3124","Humboldt County",2011-01-01,237,39,89,28,276,117,2.35897435897436
"3125","Humboldt County",2011-02-01,231,40,97,26,271,123,2.20325203252033
"3126","Humboldt County",2011-03-01,216,30,108,26,246,134,1.83582089552239
"3127","Humboldt County",2011-04-01,220,44,94,17,264,111,2.37837837837838
"3128","Humboldt County",2011-05-01,232,44,90,19,276,109,2.53211009174312
"3129","Humboldt County",2011-06-01,222,42,90,21,264,111,2.37837837837838
"3130","Humboldt County",2011-07-01,214,37,97,21,251,118,2.1271186440678
"3131","Humboldt County",2011-08-01,229,37,101,24,266,125,2.128
"3132","Humboldt County",2011-09-01,229,46,94,16,275,110,2.5
"3133","Humboldt County",2011-10-01,206,45,93,14,251,107,2.34579439252336
"3134","Humboldt County",2011-11-01,206,44,101,15,250,116,2.1551724137931
"3135","Humboldt County",2011-12-01,220,41,99,10,261,109,2.39449541284404
"3136","Humboldt County",2012-01-01,238,40,107,10,278,117,2.37606837606838
"3137","Humboldt County",2012-02-01,238,52,91,16,290,107,2.71028037383178
"3138","Humboldt County",2012-03-01,215,46,99,16,261,115,2.2695652173913
"3139","Humboldt County",2012-04-01,218,32,95,21,250,116,2.1551724137931
"3140","Humboldt County",2012-05-01,208,31,99,20,239,119,2.00840336134454
"3141","Humboldt County",2012-06-01,207,29,106,25,236,131,1.80152671755725
"3142","Humboldt County",2012-07-01,221,30,100,20,251,120,2.09166666666667
"3143","Humboldt County",2012-08-01,201,36,114,18,237,132,1.79545454545455
"3144","Humboldt County",2012-09-01,203,32,105,22,235,127,1.8503937007874
"3145","Humboldt County",2012-10-01,210,31,100,24,241,124,1.94354838709677
"3146","Humboldt County",2012-11-01,212,35,99,18,247,117,2.11111111111111
"3147","Humboldt County",2012-12-01,215,32,104,18,247,122,2.02459016393443
"3148","Humboldt County",2013-01-01,219,35,100,15,254,115,2.20869565217391
"3149","Humboldt County",2013-02-01,203,33,111,20,236,131,1.80152671755725
"3150","Humboldt County",2013-03-01,191,25,119,27,216,146,1.47945205479452
"3151","Humboldt County",2013-04-01,201,32,118,20,233,138,1.68840579710145
"3152","Humboldt County",2013-05-01,209,35,115,21,244,136,1.79411764705882
"3153","Humboldt County",2013-06-01,200,28,123,24,228,147,1.55102040816327
"3154","Humboldt County",2013-07-01,204,28,115,23,232,138,1.68115942028985
"3155","Humboldt County",2013-08-01,222,34,103,18,256,121,2.11570247933884
"3156","Humboldt County",2013-09-01,211,35,114,15,246,129,1.90697674418605
"3157","Humboldt County",2013-10-01,214,37,109,14,251,123,2.04065040650406
"3158","Humboldt County",2013-11-01,209,32,115,18,241,133,1.81203007518797
"3159","Humboldt County",2013-12-01,205,33,105,18,238,123,1.9349593495935
"3160","Humboldt County",2014-01-01,201,33,109,19,234,128,1.828125
"3161","Humboldt County",2014-02-01,196,28,120,25,224,145,1.5448275862069
"3162","Humboldt County",2014-03-01,194,29,116,25,223,141,1.58156028368794
"3163","Humboldt County",2014-04-01,191,29,110,25,220,135,1.62962962962963
"3164","Humboldt County",2014-05-01,201,26,115,24,227,139,1.63309352517986
"3165","Humboldt County",2014-06-01,182,27,137,21,209,158,1.32278481012658
"3166","Humboldt County",2014-07-01,175,30,130,20,205,150,1.36666666666667
"3167","Humboldt County",2014-08-01,193,25,117,25,218,142,1.53521126760563
"3168","Humboldt County",2014-09-01,193,26,122,19,219,141,1.5531914893617
"3169","Humboldt County",2014-10-01,188,28,121,17,216,138,1.56521739130435
"3170","Humboldt County",2014-11-01,158,22,108,15,180,123,1.46341463414634
"3171","Humboldt County",2014-12-01,146,20,85,12,166,97,1.71134020618557
"3172","Humboldt County",2015-01-01,177,22,85,13,199,98,2.03061224489796
"3173","Humboldt County",2015-02-01,202,27,88,14,229,102,2.24509803921569
"3174","Humboldt County",2015-03-01,202,32,87,10,234,97,2.41237113402062
"3175","Humboldt County",2015-04-01,230,41,75,16,271,91,2.97802197802198
"3176","Humboldt County",2015-05-01,211,36,84,17,247,101,2.44554455445545
"3177","Humboldt County",2015-06-01,229,34,88,15,263,103,2.55339805825243
"3178","Humboldt County",2015-07-01,211,36,86,15,247,101,2.44554455445545
"3179","Humboldt County",2015-08-01,199,31,105,19,230,124,1.85483870967742
"3180","Humboldt County",2015-09-01,202,29,106,18,231,124,1.86290322580645
"3181","Humboldt County",2015-10-01,186,30,106,12,216,118,1.83050847457627
"3182","Humboldt County",2015-11-01,200,28,93,14,228,107,2.13084112149533
"3183","Humboldt County",2015-12-01,202,31,85,9,233,94,2.47872340425532
"3184","Humboldt County",2016-01-01,210,38,85,13,248,98,2.53061224489796
"3185","Humboldt County",2016-02-01,232,28,87,11,260,98,2.6530612244898
"3186","Humboldt County",2016-03-01,211,29,107,12,240,119,2.01680672268908
"3187","Humboldt County",2016-04-01,224,31,100,11,255,111,2.2972972972973
"3188","Humboldt County",2016-05-01,227,28,99,13,255,112,2.27678571428571
"3189","Humboldt County",2016-06-01,239,38,90,14,277,104,2.66346153846154
"3190","Humboldt County",2016-07-01,223,39,100,11,262,111,2.36036036036036
"3191","Humboldt County",2016-08-01,225,32,110,11,257,121,2.12396694214876
"3192","Humboldt County",2016-09-01,221,37,107,11,258,118,2.1864406779661
"3193","Humboldt County",2016-10-01,227,42,105,12,269,117,2.2991452991453
"3194","Humboldt County",2016-11-01,233,37,103,14,270,117,2.30769230769231
"3195","Humboldt County",2016-12-01,221,39,94,15,260,109,2.38532110091743
"3196","Humboldt County",2017-01-01,239,34,88,15,273,103,2.6504854368932
"3197","Humboldt County",2017-02-01,247,39,93,16,286,109,2.62385321100917
"3198","Humboldt County",2017-03-01,238,38,98,21,276,119,2.31932773109244
"3199","Humboldt County",2017-04-01,241,36,102,19,277,121,2.28925619834711
"3200","Humboldt County",2017-05-01,219,37,116,16,256,132,1.93939393939394
"3201","Humboldt County",2017-06-01,220,40,112,15,260,127,2.04724409448819
"3202","Humboldt County",2017-07-01,218,42,113,18,260,131,1.98473282442748
"3203","Humboldt County",2017-08-01,202,42,131,17,244,148,1.64864864864865
"3204","Humboldt County",2017-09-01,230,50,97,14,280,111,2.52252252252252
"3205","Humboldt County",2017-10-01,248,43,79,15,291,94,3.09574468085106
"3206","Humboldt County",2017-11-01,240,39,87,12,279,99,2.81818181818182
"3207","Humboldt County",2017-12-01,230,38,93,15,268,108,2.48148148148148
"3208","Humboldt County",2018-01-01,236,43,89,16,279,105,2.65714285714286
"3209","Humboldt County",2018-02-01,249,47,88,21,296,109,2.71559633027523
"3210","Humboldt County",2018-03-01,231,41,103,25,272,128,2.125
"3211","Humboldt County",2018-04-01,230,37,99,27,267,126,2.11904761904762
"3212","Humboldt County",2018-05-01,234,47,101,23,281,124,2.26612903225806
"3213","Humboldt County",2018-06-01,246,38,94,18,284,112,2.53571428571429
"3214","Humboldt County",2018-07-01,249,41,90,16,290,106,2.73584905660377
"3215","Humboldt County",2018-08-01,248,44,91,13,292,104,2.80769230769231
"3216","Humboldt County",2018-09-01,234,48,99,15,282,114,2.47368421052632
"3217","Humboldt County",2018-10-01,238,50,96,27,288,123,2.34146341463415
"3218","Humboldt County",2018-11-01,242,42,90,17,284,107,2.65420560747664
"3219","Humboldt County",2018-12-01,233,41,104,20,274,124,2.20967741935484
"3220","Humboldt County",2019-01-01,240,40,97,17,280,114,2.45614035087719
"3221","Humboldt County",2019-02-01,235,42,90,15,277,105,2.63809523809524
"3222","Humboldt County",2019-03-01,236,41,100,16,277,116,2.38793103448276
"3223","Humboldt County",2019-04-01,230,41,99,19,271,118,2.29661016949153
"3224","Humboldt County",2019-05-01,226,41,103,15,267,118,2.26271186440678
"3225","Humboldt County",2019-06-01,233,46,99,16,279,115,2.42608695652174
"3226","Humboldt County",2019-07-01,245,44,90,19,289,109,2.65137614678899
"3227","Humboldt County",2019-08-01,258,47,84,18,305,102,2.99019607843137
"3228","Humboldt County",2019-09-01,249,48,91,19,297,110,2.7
"3229","Humboldt County",2019-10-01,245,42,94,20,287,114,2.51754385964912
"3230","Humboldt County",2019-11-01,245,36,90,21,281,111,2.53153153153153
"3231","Humboldt County",2019-12-01,242,42,86,18,284,104,2.73076923076923
"3232","Humboldt County",2020-01-01,245,45,86,21,290,107,2.71028037383178
"3233","Humboldt County",2020-02-01,249,48,85,18,297,103,2.88349514563107
"3234","Humboldt County",2020-03-01,223,42,77,15,265,92,2.8804347826087
"3235","Imperial County",1995-10-01,305,20,297,15,325,312,1.04166666666667
"3236","Imperial County",1995-11-01,297,19,271,15,316,286,1.1048951048951
"3237","Imperial County",1995-12-01,265,15,236,12,280,248,1.12903225806452
"3238","Imperial County",1996-01-01,313,27,130,8,340,138,2.46376811594203
"3239","Imperial County",1996-02-01,323,30,138,7,353,145,2.43448275862069
"3240","Imperial County",1996-03-01,330,27,147,5,357,152,2.34868421052632
"3241","Imperial County",1996-04-01,326,29,149,7,355,156,2.27564102564103
"3242","Imperial County",1996-05-01,332.8,31.2,150.8,5.2,364,156,2.33333333333333
"3243","Imperial County",1996-06-01,341.76,32.04,154.86,5.34,373.8,160.2,2.33333333333333
"3244","Imperial County",1996-07-01,337.92,31.68,153.12,5.28,369.6,158.4,2.33333333333333
"3245","Imperial County",1996-08-01,329.6,30.9,149.35,5.15,360.5,154.5,2.33333333333333
"3246","Imperial County",1996-09-01,334.72,31.38,151.67,5.23,366.1,156.9,2.33333333333333
"3247","Imperial County",1996-10-01,368.64,34.56,167.04,5.76,403.2,172.8,2.33333333333333
"3248","Imperial County",1996-11-01,341.76,32.04,154.86,5.34,373.8,160.2,2.33333333333333
"3249","Imperial County",1996-12-01,191,40,264,40,231,304,0.759868421052632
"3250","Imperial County",1997-01-01,200,80,187,80,280,267,1.04868913857678
"3251","Imperial County",1997-02-01,200,80,144,80,280,224,1.25
"3252","Imperial County",1997-03-01,100,100,159,80,200,239,0.836820083682008
"3253","Imperial County",1997-04-01,109.25,109.25,109.25,109.25,218.5,218.5,1
"3254","Imperial County",1997-05-01,124.25,124.25,124.25,124.25,248.5,248.5,1
"3255","Imperial County",1997-06-01,126.25,126.25,126.25,126.25,252.5,252.5,1
"3256","Imperial County",1997-07-01,127.5,127.5,127.5,127.5,255,255,1
"3257","Imperial County",1997-08-01,262.5,0,262.5,0,262.5,262.5,1
"3258","Imperial County",1997-09-01,133.75,133.75,133.75,133.75,267.5,267.5,1
"3259","Imperial County",1997-10-01,117.75,117.75,117.75,117.75,235.5,235.5,1
"3260","Imperial County",1997-11-01,124,124,124,124,248,248,1
"3261","Imperial County",1997-12-01,133.25,133.25,133.25,133.25,266.5,266.5,1
"3262","Imperial County",1998-01-01,152.25,152.25,152.25,152.25,304.5,304.5,1
"3263","Imperial County",1998-02-01,161,161,161,161,322,322,1
"3264","Imperial County",1998-03-01,150,150,150,150,300,300,1
"3265","Imperial County",1998-04-01,154,154,154,154,308,308,1
"3266","Imperial County",1998-05-01,164.75,164.75,164.75,164.75,329.5,329.5,1
"3267","Imperial County",1998-06-01,166.25,166.25,166.25,166.25,332.5,332.5,1
"3268","Imperial County",1998-07-01,162.5,162.5,162.5,162.5,325,325,1
"3269","Imperial County",1998-08-01,152.25,152.25,152.25,152.25,304.5,304.5,1
"3270","Imperial County",1998-09-01,149.5,149.5,149.5,149.5,299,299,1
"3271","Imperial County",1998-10-01,138.5,138.5,138.5,138.5,277,277,1
"3272","Imperial County",1998-11-01,141.25,141.25,141.25,141.25,282.5,282.5,1
"3273","Imperial County",1998-12-01,136.75,136.75,136.75,136.75,273.5,273.5,1
"3274","Imperial County",1999-01-01,142,142,142,142,284,284,1
"3275","Imperial County",1999-02-01,141,141,141,141,282,282,1
"3276","Imperial County",1999-03-01,137.5,137.5,137.5,137.5,275,275,1
"3277","Imperial County",1999-04-01,143.25,143.25,143.25,143.25,286.5,286.5,1
"3278","Imperial County",1999-05-01,148,148,148,148,296,296,1
"3279","Imperial County",1999-06-01,159,157,158,157,316,315,1.0031746031746
"3280","Imperial County",1999-07-01,162.75,162.75,162.75,162.75,325.5,325.5,1
"3281","Imperial County",1999-08-01,164.5,164.5,164.5,164.5,329,329,1
"3282","Imperial County",1999-09-01,165.5,165.5,165.5,165.5,331,331,1
"3283","Imperial County",1999-10-01,138.75,138.75,138.75,138.75,277.5,277.5,1
"3284","Imperial County",1999-11-01,127.75,127.75,127.75,127.75,255.5,255.5,1
"3285","Imperial County",1999-12-01,132.75,132.75,132.75,132.75,265.5,265.5,1
"3286","Imperial County",2000-01-01,150.5,150.5,150.5,150.5,301,301,1
"3287","Imperial County",2000-02-01,160.5,160.5,160.5,160.5,321,321,1
"3288","Imperial County",2000-03-01,162.5,162.5,162.5,162.5,325,325,1
"3289","Imperial County",2000-04-01,164.25,164.25,164.25,164.25,328.5,328.5,1
"3290","Imperial County",2000-05-01,157.5,157.5,157.5,157.5,315,315,1
"3291","Imperial County",2000-06-01,165.5,165.5,165.5,165.5,331,331,1
"3292","Imperial County",2000-07-01,161.75,161.75,161.75,161.75,323.5,323.5,1
"3293","Imperial County",2000-08-01,126,126,126,126,252,252,1
"3294","Imperial County",2000-09-01,137,137,137,137,274,274,1
"3295","Imperial County",2000-10-01,124.5,124.5,124.5,124.5,249,249,1
"3296","Imperial County",2000-11-01,135,135,135,135,270,270,1
"3297","Imperial County",2000-12-01,130,130,130,130,260,260,1
"3298","Imperial County",2001-01-01,327,19,174,7,346,181,1.91160220994475
"3299","Imperial County",2001-02-01,287,19,153,3,306,156,1.96153846153846
"3300","Imperial County",2001-03-01,298,16,158,6,314,164,1.91463414634146
"3301","Imperial County",2001-04-01,273,16,146,8,289,154,1.87662337662338
"3302","Imperial County",2001-05-01,284,17,168,9,301,177,1.70056497175141
"3303","Imperial County",2001-06-01,318,21,228,15,339,243,1.39506172839506
"3304","Imperial County",2001-07-01,245,32,157,14,277,171,1.61988304093567
"3305","Imperial County",2001-08-01,214,30,180,10,244,190,1.28421052631579
"3306","Imperial County",2001-09-01,221,31,202,10,252,212,1.18867924528302
"3307","Imperial County",2001-10-01,232,33,175,10,265,185,1.43243243243243
"3308","Imperial County",2001-11-01,263,25,158,10,288,168,1.71428571428571
"3309","Imperial County",2001-12-01,257,14,150,10,271,160,1.69375
"3310","Imperial County",2002-01-01,221,25,130,9,246,139,1.76978417266187
"3311","Imperial County",2002-02-01,234,36,120,10,270,130,2.07692307692308
"3312","Imperial County",2002-03-01,262,28,103,10,290,113,2.56637168141593
"3313","Imperial County",2002-04-01,221,12,176,8,233,184,1.26630434782609
"3314","Imperial County",2002-05-01,218,11,176,8,229,184,1.2445652173913
"3315","Imperial County",2002-06-01,223,24,154,11,247,165,1.4969696969697
"3316","Imperial County",2002-07-01,223,24,154,11,247,165,1.4969696969697
"3317","Imperial County",2002-08-01,262,32,112,7,294,119,2.47058823529412
"3318","Imperial County",2002-09-01,260,32,128,8,292,136,2.14705882352941
"3319","Imperial County",2002-10-01,232,36,146,10,268,156,1.71794871794872
"3320","Imperial County",2002-11-01,222,33,105,15,255,120,2.125
"3321","Imperial County",2002-12-01,168,57,140,12,225,152,1.48026315789474
"3322","Imperial County",2003-01-01,192,30,148,13,222,161,1.37888198757764
"3323","Imperial County",2003-02-01,201,34,159,11,235,170,1.38235294117647
"3324","Imperial County",2003-03-01,233,35,161,12,268,173,1.54913294797688
"3325","Imperial County",2003-04-01,194,36,161,12,230,173,1.32947976878613
"3326","Imperial County",2003-05-01,204,31,155,9,235,164,1.43292682926829
"3327","Imperial County",2003-06-01,183,36,169,7,219,176,1.24431818181818
"3328","Imperial County",2003-07-01,176,30,150,10,206,160,1.2875
"3329","Imperial County",2003-08-01,241,32,105,21,273,126,2.16666666666667
"3330","Imperial County",2003-09-01,207,24,175,10,231,185,1.24864864864865
"3331","Imperial County",2003-10-01,198,24,172,10,222,182,1.21978021978022
"3332","Imperial County",2003-11-01,202,27,149,9,229,158,1.44936708860759
"3333","Imperial County",2003-12-01,181,23,210,6,204,216,0.944444444444444
"3334","Imperial County",2004-01-01,210,21,208,7,231,215,1.07441860465116
"3335","Imperial County",2004-02-01,271,27,215,9,298,224,1.33035714285714
"3336","Imperial County",2004-03-01,288,17,311,20,305,331,0.921450151057402
"3337","Imperial County",2004-04-01,283,29,309,12,312,321,0.97196261682243
"3338","Imperial County",2004-05-01,302,31,271,15,333,286,1.16433566433566
"3339","Imperial County",2004-06-01,315,30,295,16,345,311,1.10932475884244
"3340","Imperial County",2004-07-01,286,31,297,13,317,310,1.02258064516129
"3341","Imperial County",2004-08-01,274,41,262,17,315,279,1.12903225806452
"3342","Imperial County",2004-09-01,293,37,279,19,330,298,1.10738255033557
"3343","Imperial County",2004-10-01,248,31,291,23,279,314,0.888535031847134
"3344","Imperial County",2004-11-01,264,32,245,13,296,258,1.14728682170543
"3345","Imperial County",2004-12-01,231,27,204,15,258,219,1.17808219178082
"3346","Imperial County",2005-01-01,219,23,193,9,242,202,1.1980198019802
"3347","Imperial County",2005-02-01,223,44,334,13,267,347,0.769452449567723
"3348","Imperial County",2005-03-01,234,37,338,17,271,355,0.763380281690141
"3349","Imperial County",2005-04-01,223,35,327,13,258,340,0.758823529411765
"3350","Imperial County",2005-05-01,281,42,295,9,323,304,1.0625
"3351","Imperial County",2005-06-01,279,35,290,18,314,308,1.01948051948052
"3352","Imperial County",2005-07-01,282,37,244,16,319,260,1.22692307692308
"3353","Imperial County",2005-08-01,271,33,256,21,304,277,1.09747292418773
"3354","Imperial County",2005-09-01,270,38,249,26,308,275,1.12
"3355","Imperial County",2005-10-01,257,41,228,27,298,255,1.16862745098039
"3356","Imperial County",2005-11-01,240,39,249,27,279,276,1.01086956521739
"3357","Imperial County",2005-12-01,202,40,253,27,242,280,0.864285714285714
"3358","Imperial County",2006-01-01,181,49,221,31,230,252,0.912698412698413
"3359","Imperial County",2006-02-01,200,42,259,16,242,275,0.88
"3360","Imperial County",2006-03-01,230,32,235,27,262,262,1
"3361","Imperial County",2006-04-01,239,41,238,11,280,249,1.12449799196787
"3362","Imperial County",2006-05-01,304,27,226,31,331,257,1.28793774319066
"3363","Imperial County",2006-06-01,238,51,223,14,289,237,1.21940928270042
"3364","Imperial County",2006-07-01,182,36,202,34,218,236,0.923728813559322
"3365","Imperial County",2006-08-01,143,32,243,23,175,266,0.657894736842105
"3366","Imperial County",2006-09-01,180,24,212,32,204,244,0.836065573770492
"3367","Imperial County",2006-10-01,203,18,224,24,221,248,0.891129032258065
"3368","Imperial County",2006-11-01,199,21,235,31,220,266,0.827067669172932
"3369","Imperial County",2006-12-01,177,33,209,24,210,233,0.901287553648069
"3370","Imperial County",2007-01-01,177,30,193,27,207,220,0.940909090909091
"3371","Imperial County",2007-02-01,203,28,294,14,231,308,0.75
"3372","Imperial County",2007-03-01,258,30,231,26,288,257,1.12062256809339
"3373","Imperial County",2007-04-01,185,36,304,35,221,339,0.651917404129793
"3374","Imperial County",2007-05-01,241,32,226,24,273,250,1.092
"3375","Imperial County",2007-06-01,324,41,118,17,365,135,2.7037037037037
"3376","Imperial County",2007-07-01,257,34,171,24,291,195,1.49230769230769
"3377","Imperial County",2007-08-01,198,21,230,32,219,262,0.83587786259542
"3378","Imperial County",2007-09-01,226,25,205,29,251,234,1.07264957264957
"3379","Imperial County",2007-10-01,196,32,206,23,228,229,0.995633187772926
"3380","Imperial County",2007-11-01,194,41,196,22,235,218,1.07798165137615
"3381","Imperial County",2007-12-01,203,36,151,24,239,175,1.36571428571429
"3382","Imperial County",2008-01-01,185,31,136,21,216,157,1.37579617834395
"3383","Imperial County",2008-02-01,197,22,173,33,219,206,1.0631067961165
"3384","Imperial County",2008-03-01,257,24,161,15,281,176,1.59659090909091
"3385","Imperial County",2008-04-01,281,40,143,15,321,158,2.03164556962025
"3386","Imperial County",2008-05-01,321,39,138,22,360,160,2.25
"3387","Imperial County",2008-06-01,308,37,149,12,345,161,2.14285714285714
"3388","Imperial County",2008-07-01,311,36,127,14,347,141,2.46099290780142
"3389","Imperial County",2008-08-01,313,48,121,15,361,136,2.65441176470588
"3390","Imperial County",2008-09-01,374,45,86,19,419,105,3.99047619047619
"3391","Imperial County",2008-10-01,378,49,110,16,427,126,3.38888888888889
"3392","Imperial County",2008-11-01,365,59,146,18,424,164,2.58536585365854
"3393","Imperial County",2008-12-01,368,58,169,18,426,187,2.27807486631016
"3394","Imperial County",2009-01-01,400,45,105,25,445,130,3.42307692307692
"3395","Imperial County",2009-02-01,431,57,136,15,488,151,3.2317880794702
"3396","Imperial County",2009-03-01,442,47,144,20,489,164,2.98170731707317
"3397","Imperial County",2009-04-01,421,44,141,20,465,161,2.88819875776398
"3398","Imperial County",2009-05-01,440,35,143,19,475,162,2.9320987654321
"3399","Imperial County",2009-06-01,428,30,152,19,458,171,2.67836257309942
"3400","Imperial County",2009-07-01,380,34,166,15,414,181,2.28729281767956
"3401","Imperial County",2009-08-01,327,29,175,19,356,194,1.83505154639175
"3402","Imperial County",2009-09-01,335,30,166,20,365,186,1.96236559139785
"3403","Imperial County",2009-10-01,330,35,165,21,365,186,1.96236559139785
"3404","Imperial County",2009-11-01,303,30,158,14,333,172,1.93604651162791
"3405","Imperial County",2009-12-01,319,24,148,17,343,165,2.07878787878788
"3406","Imperial County",2010-01-01,308,27,125,19,335,144,2.32638888888889
"3407","Imperial County",2010-02-01,301,29,136,21,330,157,2.10191082802548
"3408","Imperial County",2010-03-01,298,22,160,16,320,176,1.81818181818182
"3409","Imperial County",2010-04-01,378,24,152,17,402,169,2.37869822485207
"3410","Imperial County",2010-05-01,372,30,154,17,402,171,2.35087719298246
"3411","Imperial County",2010-06-01,383,33,140,18,416,158,2.63291139240506
"3412","Imperial County",2010-07-01,374,25,153,17,399,170,2.34705882352941
"3413","Imperial County",2010-08-01,339,24,133,14,363,147,2.46938775510204
"3414","Imperial County",2010-09-01,365,29,132,16,394,148,2.66216216216216
"3415","Imperial County",2010-10-01,390,32,143,17,422,160,2.6375
"3416","Imperial County",2010-11-01,400,36,138,14,436,152,2.86842105263158
"3417","Imperial County",2010-12-01,380,38,124,13,418,137,3.05109489051095
"3418","Imperial County",2011-01-01,376,42,121,14,418,135,3.0962962962963
"3419","Imperial County",2011-02-01,376,41,127,10,417,137,3.04379562043796
"3420","Imperial County",2011-03-01,377,41,127,10,418,137,3.05109489051095
"3421","Imperial County",2011-04-01,388,46,134,13,434,147,2.95238095238095
"3422","Imperial County",2011-05-01,407,44,132,12,451,144,3.13194444444444
"3423","Imperial County",2011-06-01,423,46,145,15,469,160,2.93125
"3424","Imperial County",2011-07-01,463,44,151,14,507,165,3.07272727272727
"3425","Imperial County",2011-08-01,455,41,152,13,496,165,3.00606060606061
"3426","Imperial County",2011-09-01,427,40,146,12,467,158,2.95569620253165
"3427","Imperial County",2011-10-01,381,36,131,9,417,140,2.97857142857143
"3428","Imperial County",2011-11-01,321,50,99,12,371,111,3.34234234234234
"3429","Imperial County",2011-12-01,315,46,93,11,361,104,3.47115384615385
"3430","Imperial County",2012-01-01,280,38,99,15,318,114,2.78947368421053
"3431","Imperial County",2012-02-01,283,37,117,14,320,131,2.44274809160305
"3432","Imperial County",2012-03-01,287,35,123,13,322,136,2.36764705882353
"3433","Imperial County",2012-04-01,294,31,123,17,325,140,2.32142857142857
"3434","Imperial County",2012-05-01,325,31,119,17,356,136,2.61764705882353
"3435","Imperial County",2012-06-01,321,29,155,23,350,178,1.96629213483146
"3436","Imperial County",2012-07-01,339,33,173,23,372,196,1.89795918367347
"3437","Imperial County",2012-08-01,257,28,225,25,285,250,1.14
"3438","Imperial County",2012-09-01,251,26,205,23,277,228,1.21491228070175
"3439","Imperial County",2012-10-01,284,30,176,19,314,195,1.61025641025641
"3440","Imperial County",2012-11-01,297,33,171,17,330,188,1.75531914893617
"3441","Imperial County",2012-12-01,290,33,155,18,323,173,1.86705202312139
"3442","Imperial County",2013-01-01,255,25,184,21,280,205,1.36585365853659
"3443","Imperial County",2013-02-01,274,24,179,20,298,199,1.49748743718593
"3444","Imperial County",2013-03-01,300,29,158,20,329,178,1.84831460674157
"3445","Imperial County",2013-04-01,292,28,205,22,320,227,1.40969162995595
"3446","Imperial County",2013-05-01,341,41,179,22,382,201,1.90049751243781
"3447","Imperial County",2013-06-01,298,35,227,32,333,259,1.28571428571429
"3448","Imperial County",2013-07-01,252,31,256,39,283,295,0.959322033898305
"3449","Imperial County",2013-08-01,233,35,241,40,268,281,0.953736654804271
"3450","Imperial County",2013-09-01,206,31,229,40,237,269,0.881040892193309
"3451","Imperial County",2013-10-01,213,31,229,32,244,261,0.934865900383142
"3452","Imperial County",2013-11-01,217,28,214,33,245,247,0.991902834008097
"3453","Imperial County",2013-12-01,240,29,188,31,269,219,1.22831050228311
"3454","Imperial County",2014-01-01,221,24,216,34,245,250,0.98
"3455","Imperial County",2014-02-01,287,31,208,34,318,242,1.31404958677686
"3456","Imperial County",2014-03-01,317,41,212,33,358,245,1.46122448979592
"3457","Imperial County",2014-04-01,277,39,235,27,316,262,1.20610687022901
"3458","Imperial County",2014-05-01,288,47,233,27,335,260,1.28846153846154
"3459","Imperial County",2014-06-01,295,43,195,27,338,222,1.52252252252252
"3460","Imperial County",2014-07-01,282,37,166,24,319,190,1.67894736842105
"3461","Imperial County",2014-08-01,264,30,204,33,294,237,1.24050632911392
"3462","Imperial County",2014-09-01,287,39,209,31,326,240,1.35833333333333
"3463","Imperial County",2014-10-01,301,36,178,35,337,213,1.58215962441315
"3464","Imperial County",2014-11-01,303,33,152,32,336,184,1.82608695652174
"3465","Imperial County",2014-12-01,272,27,145,24,299,169,1.76923076923077
"3466","Imperial County",2015-01-01,249,31,172,25,280,197,1.42131979695431
"3467","Imperial County",2015-02-01,311,37,179,28,348,207,1.68115942028985
"3468","Imperial County",2015-03-01,327,30,194,26,357,220,1.62272727272727
"3469","Imperial County",2015-04-01,288,30,184,22,318,206,1.54368932038835
"3470","Imperial County",2015-05-01,253,24,172,19,277,191,1.45026178010471
"3471","Imperial County",2015-06-01,317,35,157,18,352,175,2.01142857142857
"3472","Imperial County",2015-07-01,320,39,146,16,359,162,2.21604938271605
"3473","Imperial County",2015-08-01,305,44,165,20,349,185,1.88648648648649
"3474","Imperial County",2015-09-01,295,44,172,19,339,191,1.77486910994764
"3475","Imperial County",2015-10-01,292,43,178,17,335,195,1.71794871794872
"3476","Imperial County",2015-11-01,264,37,185,22,301,207,1.45410628019324
"3477","Imperial County",2015-12-01,272,38,176,27,310,203,1.52709359605911
"3478","Imperial County",2016-01-01,285,39,207,31,324,238,1.36134453781513
"3479","Imperial County",2016-02-01,299,39,188,32,338,220,1.53636363636364
"3480","Imperial County",2016-03-01,310,43,147,24,353,171,2.06432748538012
"3481","Imperial County",2016-04-01,241,35,211,39,276,250,1.104
"3482","Imperial County",2016-05-01,242,35,228,43,277,271,1.02214022140221
"3483","Imperial County",2016-06-01,243,33,200,16,276,216,1.27777777777778
"3484","Imperial County",2016-07-01,241,35,211,39,276,250,1.104
"3485","Imperial County",2016-08-01,242,30,201,28,272,229,1.18777292576419
"3486","Imperial County",2016-09-01,242,33,204,16,275,220,1.25
"3487","Imperial County",2016-10-01,210,28,177,14,238,191,1.24607329842932
"3488","Imperial County",2016-11-01,216,29,183,14,245,197,1.24365482233503
"3489","Imperial County",2016-12-01,213,28,179,14,241,193,1.24870466321244
"3490","Imperial County",2017-01-01,223,28,189,15,251,204,1.23039215686275
"3491","Imperial County",2017-02-01,222,30,188,15,252,203,1.24137931034483
"3492","Imperial County",2017-03-01,228,30,192,15,258,207,1.2463768115942
"3493","Imperial County",2017-04-01,234,30,198,15,264,213,1.23943661971831
"3494","Imperial County",2017-05-01,255,34,216,17,289,233,1.24034334763948
"3495","Imperial County",2017-06-01,237,31,200,15,268,215,1.24651162790698
"3496","Imperial County",2017-07-01,225,30,190,15,255,205,1.24390243902439
"3497","Imperial County",2017-08-01,225,30,191,15,255,206,1.2378640776699
"3498","Imperial County",2017-09-01,234,30,197,15,264,212,1.24528301886792
"3499","Imperial County",2017-10-01,219,28,184,13,247,197,1.25380710659898
"3500","Imperial County",2017-11-01,238,31,201,15,269,216,1.24537037037037
"3501","Imperial County",2017-12-01,243,31,205,15,274,220,1.24545454545455
"3502","Imperial County",2018-01-01,252,33,213,17,285,230,1.23913043478261
"3503","Imperial County",2018-02-01,246,31,207,15,277,222,1.24774774774775
"3504","Imperial County",2018-03-01,244,31,207,15,275,222,1.23873873873874
"3505","Imperial County",2018-04-01,246,33,207,16,279,223,1.25112107623318
"3506","Imperial County",2018-05-01,253,33,211,17,286,228,1.25438596491228
"3507","Imperial County",2018-06-01,231,30,195,15,261,210,1.24285714285714
"3508","Imperial County",2018-07-01,198,27,169,14,225,183,1.22950819672131
"3509","Imperial County",2018-08-01,219,30,186,15,249,201,1.23880597014925
"3510","Imperial County",2018-09-01,232,31,196,15,263,211,1.24644549763033
"3511","Imperial County",2018-10-01,222,31,73,11,253,84,3.01190476190476
"3512","Imperial County",2018-11-01,283,64,76,9,347,85,4.08235294117647
"3513","Imperial County",2018-12-01,300,63,71,13,363,84,4.32142857142857
"3514","Imperial County",2019-01-01,282,62,78,10,344,88,3.90909090909091
"3515","Imperial County",2019-02-01,278,61,75,11,339,86,3.94186046511628
"3516","Imperial County",2019-03-01,256,54,65,11,310,76,4.07894736842105
"3517","Imperial County",2019-04-01,249,56,59,11,305,70,4.35714285714286
"3518","Imperial County",2019-05-01,239,49,64,12,288,76,3.78947368421053
"3519","Imperial County",2019-06-01,238,47,66,14,285,80,3.5625
"3520","Imperial County",2019-07-01,215,46,80,20,261,100,2.61
"3521","Imperial County",2019-08-01,182,38,144,38,220,182,1.20879120879121
"3522","Imperial County",2019-09-01,172,32,124,33,204,157,1.29936305732484
"3523","Imperial County",2019-10-01,205,35,115,32,240,147,1.63265306122449
"3524","Imperial County",2019-11-01,192,35,129,33,227,162,1.40123456790123
"3525","Imperial County",2019-12-01,180,38,132,36,218,168,1.29761904761905
"3526","Imperial County",2020-01-01,172,34,129,34,206,163,1.2638036809816
"3527","Imperial County",2020-02-01,174,34,135,30,208,165,1.26060606060606
"3528","Imperial County",2020-03-01,170,26,120,29,196,149,1.31543624161074
"3529","Inyo County",1995-10-01,19.1,4.7,26,0.8,23.8,26.8,0.888059701492537
"3530","Inyo County",1995-11-01,20.8,3.8,27.1,2.6,24.6,29.7,0.828282828282828
"3531","Inyo County",1995-12-01,19.8,3,25.5,1.3,22.8,26.8,0.850746268656716
"3532","Inyo County",1996-01-01,16.8,2,33.3,3.5,18.8,36.8,0.510869565217391
"3533","Inyo County",1996-02-01,20.4,2.3,31.7,4,22.7,35.7,0.635854341736695
"3534","Inyo County",1996-03-01,20.4,2.3,28.9,3.3,22.7,32.2,0.704968944099379
"3535","Inyo County",1996-04-01,22.6,1.5,30.7,2.9,24.1,33.6,0.717261904761905
"3536","Inyo County",1996-05-01,17.6,2.1,42,3.1,19.7,45.1,0.436807095343681
"3537","Inyo County",1996-06-01,18.3,1.7,44.9,6.2,20,51.1,0.391389432485323
"3538","Inyo County",1996-07-01,22.3,0.6,38.9,9.8,22.9,48.7,0.470225872689938
"3539","Inyo County",1996-08-01,23.8,2.2,41.3,5.6,26,46.9,0.554371002132196
"3540","Inyo County",1996-09-01,25.4,2.8,40.4,4.6,28.2,45,0.626666666666667
"3541","Inyo County",1996-10-01,22,0.9,28.8,6,22.9,34.8,0.658045977011494
"3542","Inyo County",1996-11-01,17.6,1,36,4.6,18.6,40.6,0.458128078817734
"3543","Inyo County",1996-12-01,16.6,3.9,35.8,5.5,20.5,41.3,0.49636803874092
"3544","Inyo County",1997-01-01,21.5,4.7,33,5,26.2,38,0.689473684210526
"3545","Inyo County",1997-02-01,25.5,2,27.8,5,27.5,32.8,0.838414634146342
"3546","Inyo County",1997-03-01,22.1,0,31.6,4.1,22.1,35.7,0.619047619047619
"3547","Inyo County",1997-04-01,21.7,1.2,27.8,4.8,22.9,32.6,0.702453987730061
"3548","Inyo County",1997-05-01,22.7,2.1,28.8,4.9,24.8,33.7,0.735905044510386
"3549","Inyo County",1997-06-01,24.7,3.3,22.5,2.7,28,25.2,1.11111111111111
"3550","Inyo County",1997-07-01,28.5,1.4,19.7,5.8,29.9,25.5,1.17254901960784
"3551","Inyo County",1997-08-01,25.2,2.1,26.2,9.5,27.3,35.7,0.764705882352941
"3552","Inyo County",1997-09-01,23.9,4.2,31.5,9.3,28.1,40.8,0.688725490196078
"3553","Inyo County",1997-10-01,17.5,6.3,39.7,12.2,23.8,51.9,0.458574181117534
"3554","Inyo County",1997-11-01,17.5,3.3,29.7,13.3,20.8,43,0.483720930232558
"3555","Inyo County",1997-12-01,21.7,1.2,27.8,4.8,22.9,32.6,0.702453987730061
"3556","Inyo County",1998-01-01,21.8,3.2,40.5,9.8,25,50.3,0.497017892644135
"3557","Inyo County",1998-02-01,23.4,5.4,40.4,7.4,28.8,47.8,0.602510460251046
"3558","Inyo County",1998-03-01,26.9,3.5,35.5,8,30.4,43.5,0.698850574712644
"3559","Inyo County",1998-04-01,22.1,1.5,39.2,6.6,23.6,45.8,0.51528384279476
"3560","Inyo County",1998-05-01,23.4,2.7,39.7,7.9,26.1,47.6,0.548319327731092
"3561","Inyo County",1998-06-01,17.2,1.5,41,8.8,18.7,49.8,0.375502008032129
"3562","Inyo County",1998-07-01,20,4,31.1,6.1,24,37.2,0.645161290322581
"3563","Inyo County",1998-08-01,26.9,3.5,35.5,8,30.4,43.5,0.698850574712644
"3564","Inyo County",1998-09-01,20.3,1.2,34.2,8.2,21.5,42.4,0.507075471698113
"3565","Inyo County",1998-10-01,18.5,3.6,34.8,8.9,22.1,43.7,0.505720823798627
"3566","Inyo County",1998-11-01,16.2,2,31.6,10,18.2,41.6,0.4375
"3567","Inyo County",1998-12-01,18.5,3.1,28.5,7.8,21.6,36.3,0.59504132231405
"3568","Inyo County",1999-01-01,23.5,4.2,31.6,8.3,27.7,39.9,0.694235588972431
"3569","Inyo County",1999-02-01,19.5,6.3,41.2,10.7,25.8,51.9,0.497109826589595
"3570","Inyo County",1999-03-01,21.7,4.2,38.4,12.6,25.9,51,0.507843137254902
"3571","Inyo County",1999-04-01,18.6,5.1,40,12.4,23.7,52.4,0.452290076335878
"3572","Inyo County",1999-05-01,23.8,4,39.2,10.8,27.8,50,0.556
"3573","Inyo County",1999-06-01,22.3,1.7,42.4,8.2,24,50.6,0.474308300395257
"3574","Inyo County",1999-07-01,22,3.7,35.1,8,25.7,43.1,0.596287703016241
"3575","Inyo County",1999-08-01,27.5,4.9,32.1,9.5,32.4,41.6,0.778846153846154
"3576","Inyo County",1999-09-01,26.6,2.3,33.1,10.2,28.9,43.3,0.66743648960739
"3577","Inyo County",1999-10-01,27.2,2.4,30.8,8.4,29.6,39.2,0.755102040816326
"3578","Inyo County",1999-11-01,28.6,1.3,31.8,8.7,29.9,40.5,0.738271604938272
"3579","Inyo County",1999-12-01,21.1,3.8,28.2,6.7,24.9,34.9,0.713467048710602
"3580","Inyo County",2000-01-01,23.7,2.1,26.9,5.6,25.8,32.5,0.793846153846154
"3581","Inyo County",2000-02-01,27.6,4.3,26.9,7.4,31.9,34.3,0.930029154518951
"3582","Inyo County",2000-03-01,27.1,3.5,32.3,6,30.6,38.3,0.798955613577024
"3583","Inyo County",2000-04-01,26.7,3.8,34.8,4.4,30.5,39.2,0.778061224489796
"3584","Inyo County",2000-05-01,25,3.1,33,6.9,28.1,39.9,0.704260651629073
"3585","Inyo County",2000-06-01,22.4,2.2,32.3,8.6,24.6,40.9,0.601466992665037
"3586","Inyo County",2000-07-01,15.5,4.7,26.7,5.7,20.2,32.4,0.623456790123457
"3587","Inyo County",2000-08-01,18.5,4.6,19.3,4.3,23.1,23.6,0.978813559322034
"3588","Inyo County",2000-09-01,20.2,5,19.9,4.4,25.2,24.3,1.03703703703704
"3589","Inyo County",2000-10-01,18.4,4,22.3,5.7,22.4,28,0.8
"3590","Inyo County",2000-11-01,18.2,3.9,21.8,5.6,22.1,27.4,0.806569343065693
"3591","Inyo County",2000-12-01,22.2,2.7,14,3.3,24.9,17.3,1.4393063583815
"3592","Inyo County",2001-01-01,22,2,22,3,24,25,0.96
"3593","Inyo County",2001-02-01,21,3,30,4,24,34,0.705882352941177
"3594","Inyo County",2001-03-01,20,1,27,5,21,32,0.65625
"3595","Inyo County",2001-04-01,20,4,24,4,24,28,0.857142857142857
"3596","Inyo County",2001-05-01,26,5,20,4,31,24,1.29166666666667
"3597","Inyo County",2001-06-01,24,4,22,5,28,27,1.03703703703704
"3598","Inyo County",2001-07-01,27,4,25,4,31,29,1.06896551724138
"3599","Inyo County",2001-08-01,21,3,18,3,24,21,1.14285714285714
"3600","Inyo County",2001-09-01,20,3,19,5,23,24,0.958333333333333
"3601","Inyo County",2001-10-01,21,4,16,5,25,21,1.19047619047619
"3602","Inyo County",2001-11-01,20,2,15,3,22,18,1.22222222222222
"3603","Inyo County",2001-12-01,20,5,12,3,25,15,1.66666666666667
"3604","Inyo County",2002-01-01,22,5,14,3,27,17,1.58823529411765
"3605","Inyo County",2002-02-01,27,6,22,4,33,26,1.26923076923077
"3606","Inyo County",2002-03-01,29,8,25,5,37,30,1.23333333333333
"3607","Inyo County",2002-04-01,35,6,27,5,41,32,1.28125
"3608","Inyo County",2002-05-01,29,2,26,8,31,34,0.911764705882353
"3609","Inyo County",2002-06-01,22,5,29,8,27,37,0.72972972972973
"3610","Inyo County",2002-07-01,22,7,28,5,29,33,0.878787878787879
"3611","Inyo County",2002-08-01,30,5,32,7,35,39,0.897435897435897
"3612","Inyo County",2002-09-01,33,6,34,8,39,42,0.928571428571429
"3613","Inyo County",2002-10-01,29,5,34,7,34,41,0.829268292682927
"3614","Inyo County",2002-11-01,31,7,38,5,38,43,0.883720930232558
"3615","Inyo County",2002-12-01,33,3,34,4,36,38,0.947368421052632
"3616","Inyo County",2003-01-01,33,5,38,4,38,42,0.904761904761905
"3617","Inyo County",2003-02-01,32,9,38,5,41,43,0.953488372093023
"3618","Inyo County",2003-03-01,22,7,36,5,29,41,0.707317073170732
"3619","Inyo County",2003-04-01,16,4,40,6,20,46,0.434782608695652
"3620","Inyo County",2003-05-01,23,6,33,6,29,39,0.743589743589744
"3621","Inyo County",2003-06-01,31,6,29,7,37,36,1.02777777777778
"3622","Inyo County",2003-07-01,29,8,29,11,37,40,0.925
"3623","Inyo County",2003-08-01,40,7,29,10,47,39,1.20512820512821
"3624","Inyo County",2003-09-01,37,4,33,8,41,41,1
"3625","Inyo County",2003-10-01,35,4,31,8,39,39,1
"3626","Inyo County",2003-11-01,31,9,38,9,40,47,0.851063829787234
"3627","Inyo County",2003-12-01,20,5,31,8,25,39,0.641025641025641
"3628","Inyo County",2004-01-01,26,4,38,11,30,49,0.612244897959184
"3629","Inyo County",2004-02-01,27,5,38,14,32,52,0.615384615384615
"3630","Inyo County",2004-03-01,33,5,32,12,38,44,0.863636363636364
"3631","Inyo County",2004-04-01,36,2,31,9,38,40,0.95
"3632","Inyo County",2004-05-01,33,2,26,7,35,33,1.06060606060606
"3633","Inyo County",2004-06-01,36,4,30,8,40,38,1.05263157894737
"3634","Inyo County",2004-07-01,30,6,38,7,36,45,0.8
"3635","Inyo County",2004-08-01,33,3,33,9,36,42,0.857142857142857
"3636","Inyo County",2004-09-01,31,4,34,6,35,40,0.875
"3637","Inyo County",2004-10-01,27,3,39,9,30,48,0.625
"3638","Inyo County",2004-11-01,23,4,43,7,27,50,0.54
"3639","Inyo County",2004-12-01,26,4,38,6,30,44,0.681818181818182
"3640","Inyo County",2005-01-01,36,7,36,7,43,43,1
"3641","Inyo County",2005-02-01,37,9,32,4,46,36,1.27777777777778
"3642","Inyo County",2005-03-01,41,10,33,6,51,39,1.30769230769231
"3643","Inyo County",2005-04-01,35,8,39,5,43,44,0.977272727272727
"3644","Inyo County",2005-05-01,32,8,34,8,40,42,0.952380952380952
"3645","Inyo County",2005-06-01,32,8,37,11,40,48,0.833333333333333
"3646","Inyo County",2005-07-01,31,4,38,12,35,50,0.7
"3647","Inyo County",2005-08-01,36,5,33,10,41,43,0.953488372093023
"3648","Inyo County",2005-09-01,38,6,35,12,44,47,0.936170212765957
"3649","Inyo County",2005-10-01,32,7,41,10,39,51,0.764705882352941
"3650","Inyo County",2005-11-01,32,6,40,8,38,48,0.791666666666667
"3651","Inyo County",2005-12-01,28,4,40,8,32,48,0.666666666666667
"3652","Inyo County",2006-01-01,32,6,41,8,38,49,0.775510204081633
"3653","Inyo County",2006-02-01,28,8,46,9,36,55,0.654545454545455
"3654","Inyo County",2006-03-01,31,6,45,9,37,54,0.685185185185185
"3655","Inyo County",2006-04-01,35,9,39,10,44,49,0.897959183673469
"3656","Inyo County",2006-05-01,28,8,45,13,36,58,0.620689655172414
"3657","Inyo County",2006-06-01,26,5,46,16,31,62,0.5
"3658","Inyo County",2006-07-01,29,3,46,13,32,59,0.542372881355932
"3659","Inyo County",2006-08-01,31,4,43,12,35,55,0.636363636363636
"3660","Inyo County",2006-09-01,30,10,38,11,40,49,0.816326530612245
"3661","Inyo County",2006-10-01,31,11,43,7,42,50,0.84
"3662","Inyo County",2006-11-01,30,8,42,11,38,53,0.716981132075472
"3663","Inyo County",2006-12-01,29,4,40,13,33,53,0.622641509433962
"3664","Inyo County",2007-01-01,32,4,35,14,36,49,0.73469387755102
"3665","Inyo County",2007-02-01,31,3,40,11,34,51,0.666666666666667
"3666","Inyo County",2007-03-01,25,3,38,7,28,45,0.622222222222222
"3667","Inyo County",2007-04-01,23,4,40,6,27,46,0.58695652173913
"3668","Inyo County",2007-05-01,28,2,36,7,30,43,0.697674418604651
"3669","Inyo County",2007-06-01,34,3,36,8,37,44,0.840909090909091
"3670","Inyo County",2007-07-01,38,5,36,10,43,46,0.934782608695652
"3671","Inyo County",2007-08-01,34,3,43,12,37,55,0.672727272727273
"3672","Inyo County",2007-09-01,35,5,37,15,40,52,0.769230769230769
"3673","Inyo County",2007-10-01,26,6,43,12,32,55,0.581818181818182
"3674","Inyo County",2007-11-01,20,6,52,9,26,61,0.426229508196721
"3675","Inyo County",2007-12-01,20,10,46,7,30,53,0.566037735849057
"3676","Inyo County",2008-01-01,18,8,40,10,26,50,0.52
"3677","Inyo County",2008-02-01,22,2,37,11,24,48,0.5
"3678","Inyo County",2008-03-01,27,4,37,12,31,49,0.63265306122449
"3679","Inyo County",2008-04-01,32,5,42,14,37,56,0.660714285714286
"3680","Inyo County",2008-05-01,28,4,34,12,32,46,0.695652173913043
"3681","Inyo County",2008-06-01,31,2,29,12,33,41,0.804878048780488
"3682","Inyo County",2008-07-01,34,4,33,11,38,44,0.863636363636364
"3683","Inyo County",2008-08-01,34,7,35,8,41,43,0.953488372093023
"3684","Inyo County",2008-09-01,35,8,37,5,43,42,1.02380952380952
"3685","Inyo County",2008-10-01,32,8,34,6,40,40,1
"3686","Inyo County",2008-11-01,37,10,34,7,47,41,1.14634146341463
"3687","Inyo County",2008-12-01,40,11,31,7,51,38,1.34210526315789
"3688","Inyo County",2009-01-01,41,11,40,8,52,48,1.08333333333333
"3689","Inyo County",2009-02-01,26,8,43,10,34,53,0.641509433962264
"3690","Inyo County",2009-03-01,22,8,47,9,30,56,0.535714285714286
"3691","Inyo County",2009-04-01,25,3,44,6,28,50,0.56
"3692","Inyo County",2009-05-01,33,4,44,9,37,53,0.69811320754717
"3693","Inyo County",2009-06-01,33,3,44,6,36,50,0.72
"3694","Inyo County",2009-07-01,38,3,35,6,41,41,1
"3695","Inyo County",2009-08-01,37,5,36,8,42,44,0.954545454545455
"3696","Inyo County",2009-09-01,30,5,32,10,35,42,0.833333333333333
"3697","Inyo County",2009-10-01,34,6,33,11,40,44,0.909090909090909
"3698","Inyo County",2009-11-01,32,3,34,9,35,43,0.813953488372093
"3699","Inyo County",2009-12-01,38,5,23,6,43,29,1.48275862068966
"3700","Inyo County",2010-01-01,41,5,31,9,46,40,1.15
"3701","Inyo County",2010-02-01,40,3,31,8,43,39,1.1025641025641
"3702","Inyo County",2010-03-01,24,1,28,8,25,36,0.694444444444444
"3703","Inyo County",2010-04-01,22,4,31,7,26,38,0.684210526315789
"3704","Inyo County",2010-05-01,26,4,34,7,30,41,0.731707317073171
"3705","Inyo County",2010-06-01,29,1,36,5,30,41,0.731707317073171
"3706","Inyo County",2010-07-01,28,2,28,4,30,32,0.9375
"3707","Inyo County",2010-08-01,25,3,29,5,28,34,0.823529411764706
"3708","Inyo County",2010-09-01,26,4,35,3,30,38,0.789473684210526
"3709","Inyo County",2010-10-01,33,4,27,6,37,33,1.12121212121212
"3710","Inyo County",2010-11-01,40,4,25,8,44,33,1.33333333333333
"3711","Inyo County",2010-12-01,33,3,29,7,36,36,1
"3712","Inyo County",2011-01-01,33,3,29,11,36,40,0.9
"3713","Inyo County",2011-02-01,34,4,29,9,38,38,1
"3714","Inyo County",2011-03-01,34,4,32,8,38,40,0.95
"3715","Inyo County",2011-04-01,29,4,34,11,33,45,0.733333333333333
"3716","Inyo County",2011-05-01,31,2,36,10,33,46,0.717391304347826
"3717","Inyo County",2011-06-01,27,1,32,6,28,38,0.736842105263158
"3718","Inyo County",2011-07-01,25,4,25,6,29,31,0.935483870967742
"3719","Inyo County",2011-08-01,25,18,18,7,43,25,1.72
"3720","Inyo County",2011-09-01,26,4,17,7,30,24,1.25
"3721","Inyo County",2011-10-01,21,4,22,7,25,29,0.862068965517241
"3722","Inyo County",2011-11-01,22,4,24,7,26,31,0.838709677419355
"3723","Inyo County",2011-12-01,22,4,21,4,26,25,1.04
"3724","Inyo County",2012-01-01,25,6,24,4,31,28,1.10714285714286
"3725","Inyo County",2012-02-01,25,4,27,6,29,33,0.878787878787879
"3726","Inyo County",2012-03-01,25,5,28,6,30,34,0.882352941176471
"3727","Inyo County",2012-04-01,26,4,33,6,30,39,0.769230769230769
"3728","Inyo County",2012-05-01,22,1,31,10,23,41,0.560975609756098
"3729","Inyo County",2012-06-01,20,1,31,9,21,40,0.525
"3730","Inyo County",2012-07-01,20,3,31,7,23,38,0.605263157894737
"3731","Inyo County",2012-08-01,27,4,34,6,31,40,0.775
"3732","Inyo County",2012-09-01,34,5,32,4,39,36,1.08333333333333
"3733","Inyo County",2012-10-01,33,5,31,5,38,36,1.05555555555556
"3734","Inyo County",2012-11-01,34,4,29,6,38,35,1.08571428571429
"3735","Inyo County",2012-12-01,31,6,33,3,37,36,1.02777777777778
"3736","Inyo County",2013-01-01,33,6,33,4,39,37,1.05405405405405
"3737","Inyo County",2013-02-01,33,6,31,5,39,36,1.08333333333333
"3738","Inyo County",2013-03-01,31,6,30,3,37,33,1.12121212121212
"3739","Inyo County",2013-04-01,26,1,37,6,27,43,0.627906976744186
"3740","Inyo County",2013-05-01,26,0,41,8,26,49,0.530612244897959
"3741","Inyo County",2013-06-01,27,2,39,6,29,45,0.644444444444444
"3742","Inyo County",2013-07-01,22,4,35,6,26,41,0.634146341463415
"3743","Inyo County",2013-08-01,23,2,34,8,25,42,0.595238095238095
"3744","Inyo County",2013-09-01,22,3,41,8,25,49,0.510204081632653
"3745","Inyo County",2013-10-01,20,5,36,6,25,42,0.595238095238095
"3746","Inyo County",2013-11-01,24,2,35,8,26,43,0.604651162790698
"3747","Inyo County",2013-12-01,30,1,35,8,31,43,0.720930232558139
"3748","Inyo County",2014-01-01,33,5,34,7,38,41,0.926829268292683
"3749","Inyo County",2014-02-01,37,5,29,8,42,37,1.13513513513514
"3750","Inyo County",2014-03-01,26,3,37,8,29,45,0.644444444444444
"3751","Inyo County",2014-04-01,21,3,35,8,24,43,0.558139534883721
"3752","Inyo County",2014-05-01,19,2,35,8,21,43,0.488372093023256
"3753","Inyo County",2014-06-01,17,3,37,5,20,42,0.476190476190476
"3754","Inyo County",2014-07-01,16,3,31,5,19,36,0.527777777777778
"3755","Inyo County",2014-08-01,19,4,33,3,23,36,0.638888888888889
"3756","Inyo County",2014-09-01,21,2,35,4,23,39,0.58974358974359
"3757","Inyo County",2014-10-01,25,4,30,6,29,36,0.805555555555556
"3758","Inyo County",2014-11-01,28,3,27,11,31,38,0.815789473684211
"3759","Inyo County",2014-12-01,22,2,30,12,24,42,0.571428571428571
"3760","Inyo County",2015-01-01,21,1,32,12,22,44,0.5
"3761","Inyo County",2015-02-01,20,2,37,10,22,47,0.468085106382979
"3762","Inyo County",2015-03-01,23,2,40,9,25,49,0.510204081632653
"3763","Inyo County",2015-04-01,29,2,37,7,31,44,0.704545454545455
"3764","Inyo County",2015-05-01,28,3,32,6,31,38,0.815789473684211
"3765","Inyo County",2015-06-01,25,2,34,7,27,41,0.658536585365854
"3766","Inyo County",2015-07-01,28,3,35,6,31,41,0.75609756097561
"3767","Inyo County",2015-08-01,25,3,30,5,28,35,0.8
"3768","Inyo County",2015-09-01,24,4,34,7,28,41,0.682926829268293
"3769","Inyo County",2015-10-01,21,4,34,8,25,42,0.595238095238095
"3770","Inyo County",2015-11-01,20,3,32,11,23,43,0.534883720930233
"3771","Inyo County",2015-12-01,25,2,27,11,27,38,0.710526315789474
"3772","Inyo County",2016-01-01,23,2,32,13,25,45,0.555555555555556
"3773","Inyo County",2016-02-01,23,4,34,11,27,45,0.6
"3774","Inyo County",2016-03-01,21,3,33,11,24,44,0.545454545454545
"3775","Inyo County",2016-04-01,22,3,36,11,25,47,0.531914893617021
"3776","Inyo County",2016-05-01,19,4,39,10,23,49,0.469387755102041
"3777","Inyo County",2016-06-01,20,4,38,8,24,46,0.521739130434783
"3778","Inyo County",2016-07-01,21,6,30,5,27,35,0.771428571428571
"3779","Inyo County",2016-08-01,16,5,28,5,21,33,0.636363636363636
"3780","Inyo County",2016-09-01,0,0,0,0,0,0,NA
"3781","Inyo County",2016-10-01,16,4,27,9,20,36,0.555555555555556
"3782","Inyo County",2016-11-01,18,2,21,9,20,30,0.666666666666667
"3783","Inyo County",2016-12-01,22,2,20,8,24,28,0.857142857142857
"3784","Inyo County",2017-01-01,19,5,24,5,24,29,0.827586206896552
"3785","Inyo County",2017-02-01,22,2,28,6,24,34,0.705882352941177
"3786","Inyo County",2017-03-01,23,6,27,7,29,34,0.852941176470588
"3787","Inyo County",2017-04-01,18,5,27,6,23,33,0.696969696969697
"3788","Inyo County",2017-05-01,18,6,26,6,24,32,0.75
"3789","Inyo County",2017-06-01,21,3,23,3,24,26,0.923076923076923
"3790","Inyo County",2017-07-01,21,2,20,3,23,23,1
"3791","Inyo County",2017-08-01,24,3,29,5,27,34,0.794117647058823
"3792","Inyo County",2017-09-01,27,3,30,4,30,34,0.882352941176471
"3793","Inyo County",2017-10-01,26,3,31,2,29,33,0.878787878787879
"3794","Inyo County",2017-11-01,26,5,25,3,31,28,1.10714285714286
"3795","Inyo County",2017-12-01,20,7,21,3,27,24,1.125
"3796","Inyo County",2018-01-01,24,8,23,4,32,27,1.18518518518519
"3797","Inyo County",2018-02-01,23,4,21,5,27,26,1.03846153846154
"3798","Inyo County",2018-03-01,23,2,21,8,25,29,0.862068965517241
"3799","Inyo County",2018-04-01,25,3,21,5,28,26,1.07692307692308
"3800","Inyo County",2018-05-01,31,4,22,5,35,27,1.2962962962963
"3801","Inyo County",2018-06-01,24,6,23,3,30,26,1.15384615384615
"3802","Inyo County",2018-07-01,19,5,21,6,24,27,0.888888888888889
"3803","Inyo County",2018-08-01,23,4,20,5,27,25,1.08
"3804","Inyo County",2018-09-01,20,5,20,4,25,24,1.04166666666667
"3805","Inyo County",2018-10-01,19,6,21,5,25,26,0.961538461538462
"3806","Inyo County",2018-11-01,21,3,19,7,24,26,0.923076923076923
"3807","Inyo County",2018-12-01,16,6,18,6,22,24,0.916666666666667
"3808","Inyo County",2019-01-01,22,4,14,4,26,18,1.44444444444444
"3809","Inyo County",2019-02-01,21,1,12,4,22,16,1.375
"3810","Inyo County",2019-03-01,19,2,13,4,21,17,1.23529411764706
"3811","Inyo County",2019-04-01,20,2,16,2,22,18,1.22222222222222
"3812","Inyo County",2019-05-01,15,3,23,1,18,24,0.75
"3813","Inyo County",2019-06-01,20,2,20,3,22,23,0.956521739130435
"3814","Inyo County",2019-07-01,19,3,20,3,22,23,0.956521739130435
"3815","Inyo County",2019-08-01,25,4,18,3,29,21,1.38095238095238
"3816","Inyo County",2019-09-01,26,4,20,5,30,25,1.2
"3817","Inyo County",2019-10-01,24,3,24,6,27,30,0.9
"3818","Inyo County",2019-11-01,22,1,20,3,23,23,1
"3819","Inyo County",2019-12-01,17,1,18,3,18,21,0.857142857142857
"3820","Inyo County",2020-01-01,18,3,19,2,21,21,1
"3821","Inyo County",2020-02-01,19,7,16,2,26,18,1.44444444444444
"3822","Inyo County",2020-03-01,15,5,18,2,20,20,1
"3823","Kern County",1995-10-01,1101,168,658,137,1269,795,1.59622641509434
"3824","Kern County",1995-11-01,878,153,886,135,1031,1021,1.00979431929481
"3825","Kern County",1995-12-01,1062,136,709,129,1198,838,1.42959427207637
"3826","Kern County",1996-01-01,1096,130,696,143,1226,839,1.46126340882002
"3827","Kern County",1996-02-01,1095,120,689,151,1215,840,1.44642857142857
"3828","Kern County",1996-03-01,1040,123,689,181,1163,870,1.3367816091954
"3829","Kern County",1996-04-01,1302,200,446,116,1502,562,2.67259786476868
"3830","Kern County",1996-05-01,1285,190,480,108,1475,588,2.50850340136054
"3831","Kern County",1996-06-01,1290,190,457,107,1480,564,2.6241134751773
"3832","Kern County",1996-07-01,1280,185,455,119,1465,574,2.55226480836237
"3833","Kern County",1996-08-01,1283,184,454,119,1467,573,2.56020942408377
"3834","Kern County",1996-09-01,1291,160,491,110,1451,601,2.41430948419301
"3835","Kern County",1996-10-01,1300,248,424,130,1548,554,2.7942238267148
"3836","Kern County",1996-11-01,1299,245,424,128,1544,552,2.79710144927536
"3837","Kern County",1996-12-01,1280,250,447,131,1530,578,2.64705882352941
"3838","Kern County",1997-01-01,1304,195,445,111,1499,556,2.69604316546763
"3839","Kern County",1997-02-01,1302,202,428,124,1504,552,2.72463768115942
"3840","Kern County",1997-03-01,1308,206,429,124,1514,553,2.7377938517179
"3841","Kern County",1997-04-01,1304,208,430,126,1512,556,2.71942446043165
"3842","Kern County",1997-05-01,1312,208,434,126,1520,560,2.71428571428571
"3843","Kern County",1997-06-01,1325,208,439,126,1533,565,2.71327433628319
"3844","Kern County",1997-07-01,1279,190,426,122,1469,548,2.68065693430657
"3845","Kern County",1997-08-01,1270,200,424,124,1470,548,2.68248175182482
"3846","Kern County",1997-09-01,1286,187,428,124,1473,552,2.66847826086957
"3847","Kern County",1997-10-01,1280,190,426,122,1470,548,2.68248175182482
"3848","Kern County",1997-11-01,1270,201,426,125,1471,551,2.66969147005445
"3849","Kern County",1997-12-01,1253,175,418,124,1428,542,2.63468634686347
"3850","Kern County",1998-01-01,1285,190,433,122,1475,555,2.65765765765766
"3851","Kern County",1998-02-01,1276,188,424,122,1464,546,2.68131868131868
"3852","Kern County",1998-03-01,1287,190,434,127,1477,561,2.63279857397504
"3853","Kern County",1998-04-01,1282,185,422,124,1467,546,2.68681318681319
"3854","Kern County",1998-05-01,1305,190,437,126,1495,563,2.65541740674956
"3855","Kern County",1998-06-01,1312,195,445,131,1507,576,2.61631944444444
"3856","Kern County",1998-07-01,1278,188,437,125,1466,562,2.6085409252669
"3857","Kern County",1998-08-01,1277,186,439,127,1463,566,2.58480565371025
"3858","Kern County",1998-09-01,1275,157,441,124,1432,565,2.53451327433628
"3859","Kern County",1998-10-01,988,176,776,142,1164,918,1.26797385620915
"3860","Kern County",1998-11-01,978,184,755,146,1162,901,1.28967813540511
"3861","Kern County",1998-12-01,931,172,724,137,1103,861,1.28106852497096
"3862","Kern County",1999-01-01,988,176,776,142,1164,918,1.26797385620915
"3863","Kern County",1999-02-01,978,184,755,146,1162,901,1.28967813540511
"3864","Kern County",1999-03-01,931,172,724,137,1103,861,1.28106852497096
"3865","Kern County",1999-04-01,1169,130,537,199,1299,736,1.76494565217391
"3866","Kern County",1999-05-01,1147,126,514,196,1273,710,1.79295774647887
"3867","Kern County",1999-06-01,1179,125,514,201,1304,715,1.82377622377622
"3868","Kern County",1999-07-01,1154,140,489,181,1294,670,1.93134328358209
"3869","Kern County",1999-08-01,1162,147,494,176,1309,670,1.95373134328358
"3870","Kern County",1999-09-01,1177,141,506,174,1318,680,1.93823529411765
"3871","Kern County",1999-10-01,1188,137,505,176,1325,681,1.94566813509545
"3872","Kern County",1999-11-01,1160,136,490,174,1296,664,1.95180722891566
"3873","Kern County",1999-12-01,1130,136,475,175,1266,650,1.94769230769231
"3874","Kern County",2000-01-01,1149,150,467,174,1299,641,2.02652106084243
"3875","Kern County",2000-02-01,1173,130,489,184,1303,673,1.93610698365527
"3876","Kern County",2000-03-01,1188,146,502,212,1334,714,1.86834733893557
"3877","Kern County",2000-04-01,1171,160,500,225,1331,725,1.83586206896552
"3878","Kern County",2000-05-01,1177,154,503,220,1331,723,1.84094052558783
"3879","Kern County",2000-06-01,1154,145,503,214,1299,717,1.81171548117155
"3880","Kern County",2000-07-01,1218,149,516,214,1367,730,1.87260273972603
"3881","Kern County",2000-08-01,1249,145,519,215,1394,734,1.8991825613079
"3882","Kern County",2000-09-01,1218,143,513,211,1361,724,1.87983425414365
"3883","Kern County",2000-10-01,1202,137,510,208,1339,718,1.86490250696379
"3884","Kern County",2000-11-01,1192,143,504,210,1335,714,1.86974789915966
"3885","Kern County",2000-12-01,1179,134,499,205,1313,704,1.86505681818182
"3886","Kern County",2001-01-01,1199,135,513,203,1334,716,1.86312849162011
"3887","Kern County",2001-02-01,1172,140,507,207,1312,714,1.8375350140056
"3888","Kern County",2001-03-01,1188,139,509,207,1327,716,1.85335195530726
"3889","Kern County",2001-04-01,1416,153,518,212,1569,730,2.14931506849315
"3890","Kern County",2001-05-01,1397,157,521,210,1554,731,2.12585499316005
"3891","Kern County",2001-06-01,1411,153,525,210,1564,735,2.12789115646259
"3892","Kern County",2001-07-01,1419,168,499,204,1587,703,2.2574679943101
"3893","Kern County",2001-08-01,1236,151,600,168,1387,768,1.80598958333333
"3894","Kern County",2001-09-01,1394,131,499,193,1525,692,2.20375722543353
"3895","Kern County",2001-10-01,1378,127,489,190,1505,679,2.21649484536082
"3896","Kern County",2001-11-01,1371,222,495,101,1593,596,2.67281879194631
"3897","Kern County",2001-12-01,1263,221,514,120,1484,634,2.34069400630915
"3898","Kern County",2002-01-01,1175,178,665,147,1353,812,1.66625615763547
"3899","Kern County",2002-02-01,1145,186,641,148,1331,789,1.68694550063371
"3900","Kern County",2002-03-01,1157,188,646,141,1345,787,1.70902160101652
"3901","Kern County",2002-04-01,1211,206,650,141,1417,791,1.79140328697851
"3902","Kern County",2002-05-01,1144,193,695,164,1337,859,1.55646100116414
"3903","Kern County",2002-06-01,1094,183,732,172,1277,904,1.41261061946903
"3904","Kern County",2002-07-01,1243,195,639,166,1438,805,1.78633540372671
"3905","Kern County",2002-08-01,1257,206,622,162,1463,784,1.86607142857143
"3906","Kern County",2002-09-01,1276,195,599,168,1471,767,1.91786179921773
"3907","Kern County",2002-10-01,1258,164,642,186,1422,828,1.71739130434783
"3908","Kern County",2002-11-01,1219,174,645,182,1393,827,1.68440145102781
"3909","Kern County",2002-12-01,1223,173,635,178,1396,813,1.71709717097171
"3910","Kern County",2003-01-01,1250,181,606,170,1431,776,1.84407216494845
"3911","Kern County",2003-02-01,1197,170,640,176,1367,816,1.67524509803922
"3912","Kern County",2003-03-01,1237,188,632,165,1425,797,1.78795483061481
"3913","Kern County",2003-04-01,1262,195,611,155,1457,766,1.90208877284595
"3914","Kern County",2003-05-01,1292,207,568,143,1499,711,2.10829817158931
"3915","Kern County",2003-06-01,1282,196,565,156,1478,721,2.0499306518724
"3916","Kern County",2003-07-01,1334,205,546,151,1539,697,2.20803443328551
"3917","Kern County",2003-08-01,1281,198,608,154,1479,762,1.94094488188976
"3918","Kern County",2003-09-01,1325,204,563,146,1529,709,2.15655853314528
"3919","Kern County",2003-10-01,1289,195,577,162,1484,739,2.00811907983762
"3920","Kern County",2003-11-01,1187,163,643,179,1350,822,1.64233576642336
"3921","Kern County",2003-12-01,1139,167,681,165,1306,846,1.54373522458629
"3922","Kern County",2004-01-01,1229,176,628,159,1405,787,1.78526048284625
"3923","Kern County",2004-02-01,1327,182,537,163,1509,700,2.15571428571429
"3924","Kern County",2004-03-01,1281,174,567,166,1455,733,1.9849931787176
"3925","Kern County",2004-04-01,1257,181,584,140,1438,724,1.98618784530387
"3926","Kern County",2004-05-01,1212,187,606,131,1399,737,1.89823609226594
"3927","Kern County",2004-06-01,1245,175,568,151,1420,719,1.9749652294854
"3928","Kern County",2004-07-01,1238,188,562,149,1426,711,2.0056258790436
"3929","Kern County",2004-08-01,1237,186,606,151,1423,757,1.87978863936592
"3930","Kern County",2004-09-01,1303,186,561,148,1489,709,2.10014104372355
"3931","Kern County",2004-10-01,1340,175,571,152,1515,723,2.0954356846473
"3932","Kern County",2004-11-01,1320,158,582,157,1478,739,2
"3933","Kern County",2004-12-01,1320,155,558,152,1475,710,2.07746478873239
"3934","Kern County",2005-01-01,1384,172,532,135,1556,667,2.3328335832084
"3935","Kern County",2005-02-01,1423,185,503,122,1608,625,2.5728
"3936","Kern County",2005-03-01,1421,185,484,125,1606,609,2.63711001642036
"3937","Kern County",2005-04-01,1435,211,490,110,1646,600,2.74333333333333
"3938","Kern County",2005-05-01,1393,196,489,120,1589,609,2.60919540229885
"3939","Kern County",2005-06-01,1508,198,458,113,1706,571,2.9877408056042
"3940","Kern County",2005-07-01,1536,209,468,111,1745,579,3.01381692573402
"3941","Kern County",2005-08-01,1431,208,497,118,1639,615,2.6650406504065
"3942","Kern County",2005-09-01,1449,214,466,130,1663,596,2.79026845637584
"3943","Kern County",2005-10-01,1423,187,459,152,1610,611,2.63502454991817
"3944","Kern County",2005-11-01,1414,181,471,156,1595,627,2.54385964912281
"3945","Kern County",2005-12-01,1323,179,542,152,1502,694,2.164265129683
"3946","Kern County",2006-01-01,1364,206,523,139,1570,662,2.37160120845921
"3947","Kern County",2006-02-01,1359,203,535,140,1562,675,2.31407407407407
"3948","Kern County",2006-03-01,1348,191,537,148,1539,685,2.24671532846715
"3949","Kern County",2006-04-01,1504,197,463,146,1701,609,2.79310344827586
"3950","Kern County",2006-05-01,1458,205,472,140,1663,612,2.71732026143791
"3951","Kern County",2006-06-01,1440,196,502,140,1636,642,2.54828660436137
"3952","Kern County",2006-07-01,1465,191,477,144,1656,621,2.66666666666667
"3953","Kern County",2006-08-01,1481,212,442,127,1693,569,2.97539543057996
"3954","Kern County",2006-09-01,1496,227,425,120,1723,545,3.16146788990826
"3955","Kern County",2006-10-01,1558,225,424,117,1783,541,3.29574861367837
"3956","Kern County",2006-11-01,1525,219,413,117,1744,530,3.29056603773585
"3957","Kern County",2006-12-01,1516,208,419,125,1724,544,3.16911764705882
"3958","Kern County",2007-01-01,1522,222,417,125,1744,542,3.21771217712177
"3959","Kern County",2007-02-01,1599,207,386,116,1806,502,3.59760956175299
"3960","Kern County",2007-03-01,1687,214,306,117,1901,423,4.49408983451537
"3961","Kern County",2007-04-01,1637,219,341,97,1856,438,4.23744292237443
"3962","Kern County",2007-05-01,1663,226,333,90,1889,423,4.46572104018913
"3963","Kern County",2007-06-01,1635,230,344,79,1865,423,4.40898345153664
"3964","Kern County",2007-07-01,1538,223,409,94,1761,503,3.50099403578529
"3965","Kern County",2007-08-01,1542,235,406,78,1777,484,3.67148760330579
"3966","Kern County",2007-09-01,1585,251,376,74,1836,450,4.08
"3967","Kern County",2007-10-01,1491,227,454,111,1718,565,3.04070796460177
"3968","Kern County",2007-11-01,1547,229,414,105,1776,519,3.42196531791908
"3969","Kern County",2007-12-01,1573,209,362,119,1782,481,3.7047817047817
"3970","Kern County",2008-01-01,1631,228,323,111,1859,434,4.28341013824885
"3971","Kern County",2008-02-01,1583,217,353,121,1800,474,3.79746835443038
"3972","Kern County",2008-03-01,1542,206,377,126,1748,503,3.47514910536779
"3973","Kern County",2008-04-01,1633,233,333,110,1866,443,4.21218961625282
"3974","Kern County",2008-05-01,1676,225,318,110,1901,428,4.44158878504673
"3975","Kern County",2008-06-01,1640,233,336,106,1873,442,4.23755656108597
"3976","Kern County",2008-07-01,1596,218,328,112,1814,440,4.12272727272727
"3977","Kern County",2008-08-01,1633,217,350,116,1850,466,3.96995708154506
"3978","Kern County",2008-09-01,1665,226,327,117,1891,444,4.25900900900901
"3979","Kern County",2008-10-01,1676,243,304,100,1919,404,4.75
"3980","Kern County",2008-11-01,1632,210,327,118,1842,445,4.13932584269663
"3981","Kern County",2008-12-01,1521,194,434,140,1715,574,2.98780487804878
"3982","Kern County",2009-01-01,1516,210,451,134,1726,585,2.95042735042735
"3983","Kern County",2009-02-01,1482,207,410,118,1689,528,3.19886363636364
"3984","Kern County",2009-03-01,1515,219,425,118,1734,543,3.19337016574586
"3985","Kern County",2009-04-01,1600,207,364,121,1807,485,3.72577319587629
"3986","Kern County",2009-05-01,1611,204,342,125,1815,467,3.8865096359743
"3987","Kern County",2009-06-01,1588,205,345,123,1793,468,3.83119658119658
"3988","Kern County",2009-07-01,1589,222,339,113,1811,452,4.00663716814159
"3989","Kern County",2009-08-01,1590,214,369,119,1804,488,3.69672131147541
"3990","Kern County",2009-09-01,1587,220,382,121,1807,503,3.59244532803181
"3991","Kern County",2009-10-01,1526,208,398,130,1734,528,3.28409090909091
"3992","Kern County",2009-11-01,1543,200,408,129,1743,537,3.24581005586592
"3993","Kern County",2009-12-01,1523,192,430,140,1715,570,3.00877192982456
"3994","Kern County",2010-01-01,1518,171,448,152,1689,600,2.815
"3995","Kern County",2010-02-01,1558,160,425,113,1718,538,3.19330855018587
"3996","Kern County",2010-03-01,1651,183,378,91,1834,469,3.91044776119403
"3997","Kern County",2010-04-01,1644,191,336,78,1835,414,4.43236714975845
"3998","Kern County",2010-05-01,1682,187,330,79,1869,409,4.56968215158924
"3999","Kern County",2010-06-01,1790,185,278,83,1975,361,5.47091412742382
"4000","Kern County",2010-07-01,1852,186,236,86,2038,322,6.32919254658385
"4001","Kern County",2010-08-01,1848,197,238,86,2045,324,6.31172839506173
"4002","Kern County",2010-09-01,1810,203,266,75,2013,341,5.90322580645161
"4003","Kern County",2010-10-01,1788,189,315,87,1977,402,4.91791044776119
"4004","Kern County",2010-11-01,1746,193,303,80,1939,383,5.06266318537859
"4005","Kern County",2010-12-01,1701,189,344,79,1890,423,4.46808510638298
"4006","Kern County",2011-01-01,1739,190,351,85,1929,436,4.4243119266055
"4007","Kern County",2011-02-01,1781,178,335,87,1959,422,4.64218009478673
"4008","Kern County",2011-03-01,1763,185,317,87,1948,404,4.82178217821782
"4009","Kern County",2011-04-01,1756,200,324,78,1956,402,4.86567164179105
"4010","Kern County",2011-05-01,1726,196,343,81,1922,424,4.53301886792453
"4011","Kern County",2011-06-01,1773,193,317,88,1966,405,4.85432098765432
"4012","Kern County",2011-07-01,1805,217,297,71,2022,368,5.4945652173913
"4013","Kern County",2011-08-01,1862,219,267,60,2081,327,6.36391437308868
"4014","Kern County",2011-09-01,1829,199,290,76,2028,366,5.54098360655738
"4015","Kern County",2011-10-01,1778,191,368,85,1969,453,4.34657836644592
"4016","Kern County",2011-11-01,1713,188,464,87,1901,551,3.45009074410163
"4017","Kern County",2011-12-01,1615,172,577,92,1787,669,2.6711509715994
"4018","Kern County",2012-01-01,1660,161,575,108,1821,683,2.66617862371889
"4019","Kern County",2012-02-01,1628,155,617,112,1783,729,2.44581618655693
"4020","Kern County",2012-03-01,1594,164,650,108,1758,758,2.31926121372032
"4021","Kern County",2012-04-01,1627,171,633,98,1798,731,2.45964432284542
"4022","Kern County",2012-05-01,1669,188,611,95,1857,706,2.63031161473088
"4023","Kern County",2012-06-01,1741,213,539,76,1954,615,3.17723577235772
"4024","Kern County",2012-07-01,1715,202,596,95,1917,691,2.77424023154848
"4025","Kern County",2012-08-01,1729,182,573,118,1911,691,2.76555716353111
"4026","Kern County",2012-09-01,1761,191,555,109,1952,664,2.93975903614458
"4027","Kern County",2012-10-01,1795,200,528,104,1995,632,3.15664556962025
"4028","Kern County",2012-11-01,1810,201,524,103,2011,627,3.207336523126
"4029","Kern County",2012-12-01,1825,204,474,90,2029,564,3.59751773049645
"4030","Kern County",2013-01-01,1846,202,472,93,2048,565,3.62477876106195
"4031","Kern County",2013-02-01,1861,220,471,80,2081,551,3.77676950998185
"4032","Kern County",2013-03-01,1839,227,482,81,2066,563,3.6696269982238
"4033","Kern County",2013-04-01,1824,231,511,77,2055,588,3.49489795918367
"4034","Kern County",2013-05-01,1781,231,520,74,2012,594,3.38720538720539
"4035","Kern County",2013-06-01,1771,234,531,72,2005,603,3.32504145936982
"4036","Kern County",2013-07-01,1775,231,488,73,2006,561,3.57575757575758
"4037","Kern County",2013-08-01,1748,229,461,62,1977,523,3.78011472275335
"4038","Kern County",2013-09-01,1661,203,652,91,1864,743,2.50874831763122
"4039","Kern County",2013-10-01,1549,215,756,95,1764,851,2.07285546415981
"4040","Kern County",2013-11-01,1567,190,722,115,1757,837,2.09916367980884
"4041","Kern County",2013-12-01,1516,176,721,122,1692,843,2.00711743772242
"4042","Kern County",2014-01-01,1449,197,830,112,1646,942,1.74734607218684
"4043","Kern County",2014-02-01,1466,206,786,96,1672,882,1.89569160997732
"4044","Kern County",2014-03-01,1484,197,763,110,1681,873,1.92554410080183
"4045","Kern County",2014-04-01,1497,184,762,117,1681,879,1.91240045506257
"4046","Kern County",2014-05-01,1509,188,749,120,1697,869,1.95281933256617
"4047","Kern County",2014-06-01,1586,218,684,94,1804,778,2.31876606683805
"4048","Kern County",2014-07-01,1508,227,761,84,1735,845,2.05325443786982
"4049","Kern County",2014-08-01,1489,219,786,94,1708,880,1.94090909090909
"4050","Kern County",2014-09-01,1478,216,799,99,1694,898,1.88641425389755
"4051","Kern County",2014-10-01,1463,206,818,100,1669,918,1.81808278867102
"4052","Kern County",2014-11-01,1400,197,833,111,1597,944,1.69173728813559
"4053","Kern County",2014-12-01,1211,155,977,139,1366,1116,1.22401433691756
"4054","Kern County",2015-01-01,1224,158,947,139,1382,1086,1.27255985267035
"4055","Kern County",2015-02-01,1249,166,900,120,1415,1020,1.38725490196078
"4056","Kern County",2015-03-01,1235,156,844,127,1391,971,1.43254376930999
"4057","Kern County",2015-04-01,1159,156,814,112,1315,926,1.42008639308855
"4058","Kern County",2015-05-01,1203,151,798,104,1354,902,1.50110864745011
"4059","Kern County",2015-06-01,1218,154,752,125,1372,877,1.56442417331813
"4060","Kern County",2015-07-01,1241,173,804,127,1414,931,1.5187969924812
"4061","Kern County",2015-08-01,1228,181,858,121,1409,979,1.43922369765066
"4062","Kern County",2015-09-01,1238,182,838,127,1420,965,1.47150259067358
"4063","Kern County",2015-10-01,1318,171,767,134,1489,901,1.65260821309656
"4064","Kern County",2015-11-01,1344,156,789,138,1500,927,1.61812297734628
"4065","Kern County",2015-12-01,1288,147,750,124,1435,874,1.64187643020595
"4066","Kern County",2016-01-01,1247,150,710,121,1397,831,1.68110709987966
"4067","Kern County",2016-02-01,1263,151,676,58,1414,734,1.92643051771117
"4068","Kern County",2016-03-01,1271,160,665,121,1431,786,1.8206106870229
"4069","Kern County",2016-04-01,1286,170,731,120,1456,851,1.71092831962397
"4070","Kern County",2016-05-01,1307,181,741,120,1488,861,1.72822299651568
"4071","Kern County",2016-06-01,1241,144,768,126,1385,894,1.54921700223714
"4072","Kern County",2016-07-01,1382,174,711,106,1556,817,1.90452876376989
"4073","Kern County",2016-08-01,1399,183,649,90,1582,739,2.14073071718539
"4074","Kern County",2016-09-01,1365,184,585,74,1549,659,2.350531107739
"4075","Kern County",2016-10-01,1359,168,594,91,1527,685,2.22919708029197
"4076","Kern County",2016-11-01,1424,167,546,83,1591,629,2.52941176470588
"4077","Kern County",2016-12-01,1305,163,586,101,1468,687,2.13682678311499
"4078","Kern County",2017-01-01,1267,156,604,107,1423,711,2.0014064697609
"4079","Kern County",2017-02-01,1273,167,624,99,1440,723,1.99170124481328
"4080","Kern County",2017-03-01,1304,175,606,91,1479,697,2.1219512195122
"4081","Kern County",2017-04-01,1303,183,623,83,1486,706,2.10481586402266
"4082","Kern County",2017-05-01,1268,189,625,68,1457,693,2.1024531024531
"4083","Kern County",2017-06-01,1253,181,592,83,1434,675,2.12444444444444
"4084","Kern County",2017-07-01,1265,206,576,83,1471,659,2.23216995447648
"4085","Kern County",2017-08-01,1260,186,591,75,1446,666,2.17117117117117
"4086","Kern County",2017-09-01,1230,175,587,91,1405,678,2.07227138643068
"4087","Kern County",2017-10-01,1228,183,578,83,1411,661,2.13464447806354
"4088","Kern County",2017-11-01,1216,208,587,77,1424,664,2.14457831325301
"4089","Kern County",2017-12-01,1157,179,569,77,1336,646,2.06811145510836
"4090","Kern County",2018-01-01,1162,174,572,90,1336,662,2.01812688821752
"4091","Kern County",2018-02-01,1213,182,573,75,1395,648,2.15277777777778
"4092","Kern County",2018-03-01,1222,184,559,79,1406,638,2.20376175548589
"4093","Kern County",2018-04-01,1233,181,540,79,1414,619,2.2843295638126
"4094","Kern County",2018-05-01,1475,185,335,77,1660,412,4.02912621359223
"4095","Kern County",2018-06-01,1473,201,226,87,1674,313,5.3482428115016
"4096","Kern County",2018-07-01,1448,212,215,60,1660,275,6.03636363636364
"4097","Kern County",2018-08-01,1466,210,250,47,1676,297,5.64309764309764
"4098","Kern County",2018-09-01,1462,203,239,48,1665,287,5.801393728223
"4099","Kern County",2018-10-01,1481,200,249,53,1681,302,5.56622516556291
"4100","Kern County",2018-11-01,1459,186,196,61,1645,257,6.40077821011673
"4101","Kern County",2018-12-01,1413,199,318,47,1612,365,4.41643835616438
"4102","Kern County",2019-01-01,1512,208,214,34,1720,248,6.93548387096774
"4103","Kern County",2019-02-01,1476,216,192,18,1692,210,8.05714285714286
"4104","Kern County",2019-03-01,1517,220,184,16,1737,200,8.685
"4105","Kern County",2019-04-01,1537,215,181,19,1752,200,8.76
"4106","Kern County",2019-05-01,1492,200,229,27,1692,256,6.609375
"4107","Kern County",2019-06-01,1490,198,228,33,1688,261,6.46743295019157
"4108","Kern County",2019-07-01,1440,190,260,38,1630,298,5.46979865771812
"4109","Kern County",2019-08-01,1458,205,249,29,1663,278,5.98201438848921
"4110","Kern County",2019-09-01,1484,213,198,15,1697,213,7.96713615023474
"4111","Kern County",2019-10-01,1495,194,201,28,1689,229,7.37554585152838
"4112","Kern County",2019-11-01,1475,204,145,27,1679,172,9.76162790697674
"4113","Kern County",2019-12-01,1494,191,130,34,1685,164,10.2743902439024
"4114","Kern County",2020-01-01,1538,201,108,32,1739,140,12.4214285714286
"4115","Kern County",2020-02-01,1512,205,124,21,1717,145,11.8413793103448
"4116","Kern County",2020-03-01,1414,183,110,11,1597,121,13.198347107438
"4117","Kings County",1995-10-01,126,14,142,23,140,165,0.848484848484849
"4118","Kings County",1995-11-01,136,17,135,19,153,154,0.993506493506494
"4119","Kings County",1995-12-01,136,12,115,23,148,138,1.07246376811594
"4120","Kings County",1996-01-01,182,17,103,17,199,120,1.65833333333333
"4121","Kings County",1996-02-01,161,17,130,18,178,148,1.2027027027027
"4122","Kings County",1996-03-01,163,16,122,19,179,141,1.26950354609929
"4123","Kings County",1996-04-01,155,14,124,18,169,142,1.19014084507042
"4124","Kings County",1996-05-01,151,10,127,19,161,146,1.1027397260274
"4125","Kings County",1996-06-01,169,15,124,19,184,143,1.28671328671329
"4126","Kings County",1996-07-01,155,15,155,18,170,173,0.982658959537572
"4127","Kings County",1996-08-01,158,26,140,20,184,160,1.15
"4128","Kings County",1996-09-01,188,10,133,22,198,155,1.27741935483871
"4129","Kings County",1996-10-01,156,20,135,24,176,159,1.10691823899371
"4130","Kings County",1996-11-01,148,24,141,27,172,168,1.02380952380952
"4131","Kings County",1996-12-01,148,24,141,27,172,168,1.02380952380952
"4132","Kings County",1997-01-01,146,16,147,25,162,172,0.941860465116279
"4133","Kings County",1997-02-01,161,19,152,20,180,172,1.04651162790698
"4134","Kings County",1997-03-01,180,16,127,17,196,144,1.36111111111111
"4135","Kings County",1997-04-01,146,16,147,25,162,172,0.941860465116279
"4136","Kings County",1997-05-01,161,19,152,20,180,172,1.04651162790698
"4137","Kings County",1997-06-01,180,16,127,17,196,144,1.36111111111111
"4138","Kings County",1997-07-01,188,18,123,16,206,139,1.48201438848921
"4139","Kings County",1997-08-01,188,18,123,16,206,139,1.48201438848921
"4140","Kings County",1997-09-01,188,18,123,16,206,139,1.48201438848921
"4141","Kings County",1997-10-01,85,14,193,28,99,221,0.447963800904977
"4142","Kings County",1997-11-01,165,16,123,20,181,143,1.26573426573427
"4143","Kings County",1997-12-01,133,22,143,23,155,166,0.933734939759036
"4144","Kings County",1998-01-01,133,18,150,33,151,183,0.825136612021858
"4145","Kings County",1998-02-01,153,23,135,36,176,171,1.02923976608187
"4146","Kings County",1998-03-01,92,13,189,36,105,225,0.466666666666667
"4147","Kings County",1998-04-01,160,27,121,18,187,139,1.34532374100719
"4148","Kings County",1998-05-01,147,25,146,23,172,169,1.01775147928994
"4149","Kings County",1998-06-01,139,26,155,29,165,184,0.896739130434783
"4150","Kings County",1998-07-01,83,13,217,38,96,255,0.376470588235294
"4151","Kings County",1998-08-01,132,23,150,25,155,175,0.885714285714286
"4152","Kings County",1998-09-01,73,10,197,33,83,230,0.360869565217391
"4153","Kings County",1998-10-01,75,11,192,39,86,231,0.372294372294372
"4154","Kings County",1998-11-01,58,8,199,46,66,245,0.269387755102041
"4155","Kings County",1998-12-01,66,7,190,35,73,225,0.324444444444444
"4156","Kings County",1999-01-01,113,9,153,23,122,176,0.693181818181818
"4157","Kings County",1999-02-01,64,7,210,27,71,237,0.29957805907173
"4158","Kings County",1999-03-01,92,4,197,33,96,230,0.417391304347826
"4159","Kings County",1999-04-01,80,12,193,33,92,226,0.407079646017699
"4160","Kings County",1999-05-01,71,10,215,33,81,248,0.326612903225806
"4161","Kings County",1999-06-01,122,16,161,27,138,188,0.734042553191489
"4162","Kings County",1999-07-01,84,4,202,41,88,243,0.362139917695473
"4163","Kings County",1999-08-01,90,7,217,25,97,242,0.400826446280992
"4164","Kings County",1999-09-01,100,12,216,27,112,243,0.460905349794239
"4165","Kings County",1999-10-01,82,13,213,34,95,247,0.384615384615385
"4166","Kings County",1999-11-01,87,14,221,32,101,253,0.399209486166008
"4167","Kings County",1999-12-01,130,10,170,37,140,207,0.676328502415459
"4168","Kings County",2000-01-01,126,16,160,42,142,202,0.702970297029703
"4169","Kings County",2000-02-01,121,13,182,35,134,217,0.617511520737327
"4170","Kings County",2000-03-01,142,21,180,44,163,224,0.727678571428571
"4171","Kings County",2000-04-01,153,23,149,39,176,188,0.936170212765957
"4172","Kings County",2000-05-01,126,13,202,50,139,252,0.551587301587302
"4173","Kings County",2000-06-01,119,14,234,43,133,277,0.48014440433213
"4174","Kings County",2000-07-01,174,25,152,25,199,177,1.12429378531073
"4175","Kings County",2000-08-01,175,24,173,30,199,203,0.980295566502463
"4176","Kings County",2000-09-01,111,7,234,48,118,282,0.418439716312057
"4177","Kings County",2000-10-01,69,12,256,32,81,288,0.28125
"4178","Kings County",2000-11-01,76,10,233,46,86,279,0.308243727598566
"4179","Kings County",2000-12-01,63,9,219,42,72,261,0.275862068965517
"4180","Kings County",2001-01-01,124,24,120,30,148,150,0.986666666666667
"4181","Kings County",2001-02-01,129,28,125,38,157,163,0.96319018404908
"4182","Kings County",2001-03-01,111,22,147,43,133,190,0.7
"4183","Kings County",2001-04-01,127,27,122,37,154,159,0.968553459119497
"4184","Kings County",2001-05-01,99,17,176,51,116,227,0.511013215859031
"4185","Kings County",2001-06-01,119,21,146,28,140,174,0.804597701149425
"4186","Kings County",2001-07-01,108,18,152,28,126,180,0.7
"4187","Kings County",2001-08-01,120,13,144,27,133,171,0.777777777777778
"4188","Kings County",2001-09-01,142,6,121,25,148,146,1.01369863013699
"4189","Kings County",2001-10-01,114,9,138,32,123,170,0.723529411764706
"4190","Kings County",2001-11-01,92,7,162,34,99,196,0.505102040816326
"4191","Kings County",2001-12-01,154,20,133,21,174,154,1.12987012987013
"4192","Kings County",2002-01-01,85,7,184,32,92,216,0.425925925925926
"4193","Kings County",2002-02-01,85,7,184,32,92,216,0.425925925925926
"4194","Kings County",2002-03-01,74,6,208,30,80,238,0.336134453781513
"4195","Kings County",2002-04-01,117,16,147,26,133,173,0.76878612716763
"4196","Kings County",2002-05-01,129,15,151,29,144,180,0.8
"4197","Kings County",2002-06-01,94,16,188,31,110,219,0.502283105022831
"4198","Kings County",2002-07-01,93,17,168,27,110,195,0.564102564102564
"4199","Kings County",2002-08-01,107,13,140,26,120,166,0.72289156626506
"4200","Kings County",2002-09-01,104,12,147,29,116,176,0.659090909090909
"4201","Kings County",2002-10-01,117,17,147,21,134,168,0.797619047619048
"4202","Kings County",2002-11-01,122,16,134,23,138,157,0.878980891719745
"4203","Kings County",2002-12-01,123,15,122,22,138,144,0.958333333333333
"4204","Kings County",2003-01-01,137,16,108,27,153,135,1.13333333333333
"4205","Kings County",2003-02-01,121,15,147,26,136,173,0.786127167630058
"4206","Kings County",2003-03-01,96,17,156,27,113,183,0.617486338797814
"4207","Kings County",2003-04-01,79,13,166,26,92,192,0.479166666666667
"4208","Kings County",2003-05-01,103,15,145,29,118,174,0.67816091954023
"4209","Kings County",2003-06-01,91,14,168,27,105,195,0.538461538461538
"4210","Kings County",2003-07-01,96,12,150,29,108,179,0.603351955307263
"4211","Kings County",2003-08-01,123,19,130,23,142,153,0.928104575163399
"4212","Kings County",2003-09-01,121,19,149,25,140,174,0.804597701149425
"4213","Kings County",2003-10-01,109,17,141,23,126,164,0.768292682926829
"4214","Kings County",2003-11-01,127,16,122,24,143,146,0.979452054794521
"4215","Kings County",2003-12-01,138,15,123,21,153,144,1.0625
"4216","Kings County",2004-01-01,118,13,128,29,131,157,0.834394904458599
"4217","Kings County",2004-02-01,124,19,114,21,143,135,1.05925925925926
"4218","Kings County",2004-03-01,115,17,123,23,132,146,0.904109589041096
"4219","Kings County",2004-04-01,105,18,133,26,123,159,0.773584905660377
"4220","Kings County",2004-05-01,108,21,137,22,129,159,0.811320754716981
"4221","Kings County",2004-06-01,105,18,138,30,123,168,0.732142857142857
"4222","Kings County",2004-07-01,107,16,145,25,123,170,0.723529411764706
"4223","Kings County",2004-08-01,100,11,151,32,111,183,0.60655737704918
"4224","Kings County",2004-09-01,99,15,144,30,114,174,0.655172413793103
"4225","Kings County",2004-10-01,93,9,129,31,102,160,0.6375
"4226","Kings County",2004-11-01,121,15,124,25,136,149,0.912751677852349
"4227","Kings County",2004-12-01,123,16,116,25,139,141,0.985815602836879
"4228","Kings County",2005-01-01,109,17,140,27,126,167,0.754491017964072
"4229","Kings County",2005-02-01,117,19,139,24,136,163,0.834355828220859
"4230","Kings County",2005-03-01,131,20,124,24,151,148,1.02027027027027
"4231","Kings County",2005-04-01,130,15,118,28,145,146,0.993150684931507
"4232","Kings County",2005-05-01,123,15,122,25,138,147,0.938775510204082
"4233","Kings County",2005-06-01,118,19,132,27,137,159,0.861635220125786
"4234","Kings County",2005-07-01,126,27,115,23,153,138,1.10869565217391
"4235","Kings County",2005-08-01,129,22,127,32,151,159,0.949685534591195
"4236","Kings County",2005-09-01,137,21,129,33,158,162,0.975308641975309
"4237","Kings County",2005-10-01,141,19,118,27,160,145,1.10344827586207
"4238","Kings County",2005-11-01,152,13,113,35,165,148,1.11486486486486
"4239","Kings County",2005-12-01,154,18,122,25,172,147,1.17006802721088
"4240","Kings County",2006-01-01,145,17,121,29,162,150,1.08
"4241","Kings County",2006-02-01,140,12,112,32,152,144,1.05555555555556
"4242","Kings County",2006-03-01,132,16,134,30,148,164,0.902439024390244
"4243","Kings County",2006-04-01,141,17,115,28,158,143,1.1048951048951
"4244","Kings County",2006-05-01,128,20,126,28,148,154,0.961038961038961
"4245","Kings County",2006-06-01,126,18,123,27,144,150,0.96
"4246","Kings County",2006-07-01,120,19,136,26,139,162,0.858024691358025
"4247","Kings County",2006-08-01,121,19,139,25,140,164,0.853658536585366
"4248","Kings County",2006-09-01,128,15,127,30,143,157,0.910828025477707
"4249","Kings County",2006-10-01,131,17,130,29,148,159,0.930817610062893
"4250","Kings County",2006-11-01,125,11,96,20,136,116,1.17241379310345
"4251","Kings County",2006-12-01,140,17,123,23,157,146,1.07534246575342
"4252","Kings County",2007-01-01,137,14,122,31,151,153,0.986928104575163
"4253","Kings County",2007-02-01,139,14,126,31,153,157,0.974522292993631
"4254","Kings County",2007-03-01,128,17,146,30,145,176,0.823863636363636
"4255","Kings County",2007-04-01,142,13,131,39,155,170,0.911764705882353
"4256","Kings County",2007-05-01,145,16,134,29,161,163,0.987730061349693
"4257","Kings County",2007-06-01,141,17,135,30,158,165,0.957575757575758
"4258","Kings County",2007-07-01,131,24,146,37,155,183,0.846994535519126
"4259","Kings County",2007-08-01,134,28,159,44,162,203,0.798029556650246
"4260","Kings County",2007-09-01,157,31,142,43,188,185,1.01621621621622
"4261","Kings County",2007-10-01,146,28,148,39,174,187,0.93048128342246
"4262","Kings County",2007-11-01,147,22,137,43,169,180,0.938888888888889
"4263","Kings County",2007-12-01,160,26,128,37,186,165,1.12727272727273
"4264","Kings County",2008-01-01,148,24,138,38,172,176,0.977272727272727
"4265","Kings County",2008-02-01,158,25,134,36,183,170,1.07647058823529
"4266","Kings County",2008-03-01,157,23,134,37,180,171,1.05263157894737
"4267","Kings County",2008-04-01,176,24,124,35,200,159,1.25786163522013
"4268","Kings County",2008-05-01,195,21,113,35,216,148,1.45945945945946
"4269","Kings County",2008-06-01,194,21,108,38,215,146,1.47260273972603
"4270","Kings County",2008-07-01,195,28,108,29,223,137,1.62773722627737
"4271","Kings County",2008-08-01,195,27,107,30,222,137,1.62043795620438
"4272","Kings County",2008-09-01,189,26,112,29,215,141,1.52482269503546
"4273","Kings County",2008-10-01,195,24,113,30,219,143,1.53146853146853
"4274","Kings County",2008-11-01,194,33,108,27,227,135,1.68148148148148
"4275","Kings County",2008-12-01,200,33,98,27,233,125,1.864
"4276","Kings County",2009-01-01,193,28,109,30,221,139,1.58992805755396
"4277","Kings County",2009-02-01,185,30,114,27,215,141,1.52482269503546
"4278","Kings County",2009-03-01,197,28,103,31,225,134,1.67910447761194
"4279","Kings County",2009-04-01,189,32,112,27,221,139,1.58992805755396
"4280","Kings County",2009-05-01,187,34,108,27,221,135,1.63703703703704
"4281","Kings County",2009-06-01,191,31,107,28,222,135,1.64444444444444
"4282","Kings County",2009-07-01,175,26,119,34,201,153,1.31372549019608
"4283","Kings County",2009-08-01,188,23,105,37,211,142,1.48591549295775
"4284","Kings County",2009-09-01,194,17,110,36,211,146,1.44520547945205
"4285","Kings County",2009-10-01,185,19,113,36,204,149,1.36912751677852
"4286","Kings County",2009-11-01,198,16,110,29,214,139,1.53956834532374
"4287","Kings County",2009-12-01,198,21,108,24,219,132,1.65909090909091
"4288","Kings County",2010-01-01,190,22,114,31,212,145,1.46206896551724
"4289","Kings County",2010-02-01,188,30,105,27,218,132,1.65151515151515
"4290","Kings County",2010-03-01,181,24,105,28,205,133,1.54135338345865
"4291","Kings County",2010-04-01,178,27,110,31,205,141,1.45390070921986
"4292","Kings County",2010-05-01,186,22,106,36,208,142,1.46478873239437
"4293","Kings County",2010-06-01,202,27,103,33,229,136,1.68382352941176
"4294","Kings County",2010-07-01,215,23,89,30,238,119,2
"4295","Kings County",2010-08-01,211,23,94,34,234,128,1.828125
"4296","Kings County",2010-09-01,209,21,99,36,230,135,1.7037037037037
"4297","Kings County",2010-10-01,181,24,124,27,205,151,1.35761589403974
"4298","Kings County",2010-11-01,180,21,115,36,201,151,1.33112582781457
"4299","Kings County",2010-12-01,172,17,113,34,189,147,1.28571428571429
"4300","Kings County",2011-01-01,153,11,116,36,164,152,1.07894736842105
"4301","Kings County",2011-02-01,150,16,123,32,166,155,1.07096774193548
"4302","Kings County",2011-03-01,157,14,131,31,171,162,1.05555555555556
"4303","Kings County",2011-04-01,162,17,124,33,179,157,1.14012738853503
"4304","Kings County",2011-05-01,153,14,126,38,167,164,1.01829268292683
"4305","Kings County",2011-06-01,149,18,127,37,167,164,1.01829268292683
"4306","Kings County",2011-07-01,179,20,111,35,199,146,1.36301369863014
"4307","Kings County",2011-08-01,185,20,132,35,205,167,1.22754491017964
"4308","Kings County",2011-09-01,188,23,139,37,211,176,1.19886363636364
"4309","Kings County",2011-10-01,202,19,137,41,221,178,1.24157303370787
"4310","Kings County",2011-11-01,205,16,163,37,221,200,1.105
"4311","Kings County",2011-12-01,228,24,148,33,252,181,1.39226519337017
"4312","Kings County",2012-01-01,230,24,157,37,254,194,1.30927835051546
"4313","Kings County",2012-02-01,246,29,173,38,275,211,1.30331753554502
"4314","Kings County",2012-03-01,227,22,194,38,249,232,1.07327586206897
"4315","Kings County",2012-04-01,230,20,191,45,250,236,1.05932203389831
"4316","Kings County",2012-05-01,239,20,186,46,259,232,1.11637931034483
"4317","Kings County",2012-06-01,231,29,179,41,260,220,1.18181818181818
"4318","Kings County",2012-07-01,253,28,186,44,281,230,1.22173913043478
"4319","Kings County",2012-08-01,238,26,191,45,264,236,1.11864406779661
"4320","Kings County",2012-09-01,219,27,206,42,246,248,0.991935483870968
"4321","Kings County",2012-10-01,213,30,206,45,243,251,0.968127490039841
"4322","Kings County",2012-11-01,230,40,183,35,270,218,1.23853211009174
"4323","Kings County",2012-12-01,236,30,175,50,266,225,1.18222222222222
"4324","Kings County",2013-01-01,233,31,184,49,264,233,1.13304721030043
"4325","Kings County",2013-02-01,227,25,193,54,252,247,1.02024291497976
"4326","Kings County",2013-03-01,197,19,220,52,216,272,0.794117647058823
"4327","Kings County",2013-04-01,199,19,222,53,218,275,0.792727272727273
"4328","Kings County",2013-05-01,199,29,219,56,228,275,0.829090909090909
"4329","Kings County",2013-06-01,226,32,193,52,258,245,1.0530612244898
"4330","Kings County",2013-07-01,212,21,173,36,233,209,1.11483253588517
"4331","Kings County",2013-08-01,241,31,197,56,272,253,1.07509881422925
"4332","Kings County",2013-09-01,241,38,220,57,279,277,1.0072202166065
"4333","Kings County",2013-10-01,236,43,233,57,279,290,0.962068965517241
"4334","Kings County",2013-11-01,248,41,247,63,289,310,0.932258064516129
"4335","Kings County",2013-12-01,243,43,253,64,286,317,0.902208201892745
"4336","Kings County",2014-01-01,235,40,270,72,275,342,0.804093567251462
"4337","Kings County",2014-02-01,231,43,259,71,274,330,0.83030303030303
"4338","Kings County",2014-03-01,231,38,266,76,269,342,0.786549707602339
"4339","Kings County",2014-04-01,404,73,120,33,477,153,3.11764705882353
"4340","Kings County",2014-05-01,423,84,94,22,507,116,4.37068965517241
"4341","Kings County",2014-06-01,433,91,73,19,524,92,5.69565217391304
"4342","Kings County",2014-07-01,456,82,58,17,538,75,7.17333333333333
"4343","Kings County",2014-08-01,455,90,50,16,545,66,8.25757575757576
"4344","Kings County",2014-09-01,400,149,28,32,549,60,9.15
"4345","Kings County",2014-10-01,416,90,39,13,506,52,9.73076923076923
"4346","Kings County",2014-11-01,411,89,32,10,500,42,11.9047619047619
"4347","Kings County",2014-12-01,400,86,31,9,486,40,12.15
"4348","Kings County",2015-01-01,358,78,29,11,436,40,10.9
"4349","Kings County",2015-02-01,396,72,26,11,468,37,12.6486486486486
"4350","Kings County",2015-03-01,397,73,26,8,470,34,13.8235294117647
"4351","Kings County",2015-04-01,392,76,23,6,468,29,16.1379310344828
"4352","Kings County",2015-05-01,387,74,21,5,461,26,17.7307692307692
"4353","Kings County",2015-06-01,407,77,23,5,484,28,17.2857142857143
"4354","Kings County",2015-07-01,411,75,22,8,486,30,16.2
"4355","Kings County",2015-08-01,420,79,25,9,499,34,14.6764705882353
"4356","Kings County",2015-09-01,427,76,25,8,503,33,15.2424242424242
"4357","Kings County",2015-10-01,401,69,25,10,470,35,13.4285714285714
"4358","Kings County",2015-11-01,380,63,21,11,443,32,13.84375
"4359","Kings County",2015-12-01,370,60,16,5,430,21,20.4761904761905
"4360","Kings County",2016-01-01,354,62,16,2,416,18,23.1111111111111
"4361","Kings County",2016-02-01,397,58,12,2,455,14,32.5
"4362","Kings County",2016-03-01,278,41,101,23,319,124,2.57258064516129
"4363","Kings County",2016-04-01,280,49,94,21,329,115,2.86086956521739
"4364","Kings County",2016-05-01,289,41,69,54,330,123,2.68292682926829
"4365","Kings County",2016-06-01,297,45,115,27,342,142,2.40845070422535
"4366","Kings County",2016-07-01,272,42,130,26,314,156,2.01282051282051
"4367","Kings County",2016-08-01,259,44,128,27,303,155,1.95483870967742
"4368","Kings County",2016-09-01,267,50,110,26,317,136,2.33088235294118
"4369","Kings County",2016-10-01,290,40,76,35,330,111,2.97297297297297
"4370","Kings County",2016-11-01,299,40,62,33,339,95,3.56842105263158
"4371","Kings County",2016-12-01,311,42,61,23,353,84,4.20238095238095
"4372","Kings County",2017-01-01,313,42,62,18,355,80,4.4375
"4373","Kings County",2017-02-01,323,41,61,22,364,83,4.3855421686747
"4374","Kings County",2017-03-01,342,43,66,29,385,95,4.05263157894737
"4375","Kings County",2017-04-01,322,52,77,22,374,99,3.77777777777778
"4376","Kings County",2017-05-01,323,53,74,25,376,99,3.7979797979798
"4377","Kings County",2017-06-01,317,49,69,25,366,94,3.8936170212766
"4378","Kings County",2017-07-01,314,53,73,19,367,92,3.98913043478261
"4379","Kings County",2017-08-01,316,66,74,18,382,92,4.15217391304348
"4380","Kings County",2017-09-01,325,73,63,25,398,88,4.52272727272727
"4381","Kings County",2017-10-01,314,62,58,26,376,84,4.47619047619048
"4382","Kings County",2017-11-01,304,62,66,25,366,91,4.02197802197802
"4383","Kings County",2017-12-01,307,60,63,20,367,83,4.42168674698795
"4384","Kings County",2018-01-01,333,70,70,23,403,93,4.33333333333333
"4385","Kings County",2018-02-01,320,65,76,23,385,99,3.88888888888889
"4386","Kings County",2018-03-01,319,56,61,22,375,83,4.51807228915663
"4387","Kings County",2018-04-01,329,52,70,22,381,92,4.14130434782609
"4388","Kings County",2018-05-01,337,57,81,25,394,106,3.71698113207547
"4389","Kings County",2018-06-01,337,61,84,23,398,107,3.7196261682243
"4390","Kings County",2018-07-01,365,72,85,25,437,110,3.97272727272727
"4391","Kings County",2018-08-01,369,79,101,32,448,133,3.36842105263158
"4392","Kings County",2018-09-01,379,87,96,26,466,122,3.81967213114754
"4393","Kings County",2018-10-01,338,53,158,49,391,207,1.88888888888889
"4394","Kings County",2018-11-01,333,48,165,53,381,218,1.74770642201835
"4395","Kings County",2018-12-01,305,45,161,49,350,210,1.66666666666667
"4396","Kings County",2019-01-01,325,49,139,39,374,178,2.10112359550562
"4397","Kings County",2019-02-01,330,48,172,32,378,204,1.85294117647059
"4398","Kings County",2019-03-01,312,51,178,33,363,211,1.72037914691943
"4399","Kings County",2019-04-01,328,54,165,40,382,205,1.86341463414634
"4400","Kings County",2019-05-01,337,56,168,43,393,211,1.86255924170616
"4401","Kings County",2019-06-01,357,57,157,45,414,202,2.04950495049505
"4402","Kings County",2019-07-01,350,58,164,44,408,208,1.96153846153846
"4403","Kings County",2019-08-01,363,57,153,45,420,198,2.12121212121212
"4404","Kings County",2019-09-01,359,50,139,43,409,182,2.24725274725275
"4405","Kings County",2019-10-01,354,44,127,44,398,171,2.32748538011696
"4406","Kings County",2019-11-01,353,48,127,36,401,163,2.4601226993865
"4407","Kings County",2019-12-01,353,53,124,31,406,155,2.61935483870968
"4408","Kings County",2020-01-01,367,47,114,30,414,144,2.875
"4409","Kings County",2020-02-01,358,54,127,37,412,164,2.51219512195122
"4410","Kings County",2020-03-01,352,52,131,29,404,160,2.525
"4411","Lake County",1995-10-01,64,16,89,4,80,93,0.860215053763441
"4412","Lake County",1995-11-01,65,17,89,4,82,93,0.881720430107527
"4413","Lake County",1995-12-01,58,21,86,2,79,88,0.897727272727273
"4414","Lake County",1996-01-01,63,15,83,4,78,87,0.896551724137931
"4415","Lake County",1996-02-01,64,26,83,3,90,86,1.04651162790698
"4416","Lake County",1996-03-01,68,22,83,4,90,87,1.03448275862069
"4417","Lake County",1996-04-01,67,25,83,5,92,88,1.04545454545455
"4418","Lake County",1996-05-01,68,9,101,15,77,116,0.663793103448276
"4419","Lake County",1996-06-01,66,11,90,16,77,106,0.726415094339623
"4420","Lake County",1996-07-01,49,20,59,32,69,91,0.758241758241758
"4421","Lake County",1996-08-01,69,9,74,18,78,92,0.847826086956522
"4422","Lake County",1996-09-01,70,16,70,23,86,93,0.924731182795699
"4423","Lake County",1996-10-01,70,14,64,21,84,85,0.988235294117647
"4424","Lake County",1996-11-01,73,11,55,22,84,77,1.09090909090909
"4425","Lake County",1996-12-01,81,8,58,24,89,82,1.08536585365854
"4426","Lake County",1997-01-01,78,5,70,28,83,98,0.846938775510204
"4427","Lake County",1997-02-01,104,10,78,18,114,96,1.1875
"4428","Lake County",1997-03-01,106,8,83,16,114,99,1.15151515151515
"4429","Lake County",1997-04-01,100,2,91,11,102,102,1
"4430","Lake County",1997-05-01,84,0,83,9,84,92,0.91304347826087
"4431","Lake County",1997-06-01,65,11,79,17,76,96,0.791666666666667
"4432","Lake County",1997-07-01,74,10,75,18,84,93,0.903225806451613
"4433","Lake County",1997-08-01,77,9,65,24,86,89,0.966292134831461
"4434","Lake County",1997-09-01,77,11,63,24,88,87,1.01149425287356
"4435","Lake County",1997-10-01,76,7,71,19,83,90,0.922222222222222
"4436","Lake County",1997-11-01,80,9,74,15,89,89,1
"4437","Lake County",1997-12-01,83,9,76,15,92,91,1.01098901098901
"4438","Lake County",1998-01-01,78,10,89,18,88,107,0.822429906542056
"4439","Lake County",1998-02-01,76,7,95,17,83,112,0.741071428571429
"4440","Lake County",1998-03-01,85,10,91,14,95,105,0.904761904761905
"4441","Lake County",1998-04-01,79,8,83,18,87,101,0.861386138613861
"4442","Lake County",1998-05-01,89,10,82,22,99,104,0.951923076923077
"4443","Lake County",1998-06-01,89,11,77,23,100,100,1
"4444","Lake County",1998-07-01,86,9,76,24,95,100,0.95
"4445","Lake County",1998-08-01,80,10,76,27,90,103,0.87378640776699
"4446","Lake County",1998-09-01,79,8,78,30,87,108,0.805555555555556
"4447","Lake County",1998-10-01,78,10,84,27,88,111,0.792792792792793
"4448","Lake County",1998-11-01,78,8,80,21,86,101,0.851485148514851
"4449","Lake County",1998-12-01,71,6,79,17,77,96,0.802083333333333
"4450","Lake County",1999-01-01,80,9,78,16,89,94,0.946808510638298
"4451","Lake County",1999-02-01,70,10,82,20,80,102,0.784313725490196
"4452","Lake County",1999-03-01,80,9,72,18,89,90,0.988888888888889
"4453","Lake County",1999-04-01,80,9,78,16,89,94,0.946808510638298
"4454","Lake County",1999-05-01,70,10,82,20,80,102,0.784313725490196
"4455","Lake County",1999-06-01,80,9,72,18,89,90,0.988888888888889
"4456","Lake County",1999-07-01,104,19,70,11,123,81,1.51851851851852
"4457","Lake County",1999-08-01,78,8,69,18,86,87,0.988505747126437
"4458","Lake County",1999-09-01,83,6,71,23,89,94,0.946808510638298
"4459","Lake County",1999-10-01,93,8,81,22,101,103,0.980582524271845
"4460","Lake County",1999-11-01,92,4,86,23,96,109,0.880733944954128
"4461","Lake County",1999-12-01,108,11,69,20,119,89,1.33707865168539
"4462","Lake County",2000-01-01,108,11,69,20,119,89,1.33707865168539
"4463","Lake County",2000-02-01,114,16,69,15,130,84,1.54761904761905
"4464","Lake County",2000-03-01,123,22,68,17,145,85,1.70588235294118
"4465","Lake County",2000-04-01,93,19,112,20,112,132,0.848484848484849
"4466","Lake County",2000-05-01,83,23,99,17,106,116,0.913793103448276
"4467","Lake County",2000-06-01,75,20,110,14,95,124,0.766129032258065
"4468","Lake County",2000-07-01,74,20,104,17,94,121,0.776859504132231
"4469","Lake County",2000-08-01,73,23,101,18,96,119,0.80672268907563
"4470","Lake County",2000-09-01,78,21,118,22,99,140,0.707142857142857
"4471","Lake County",2000-10-01,91,30,96,20,121,116,1.04310344827586
"4472","Lake County",2000-11-01,75,27,93,14,102,107,0.953271028037383
"4473","Lake County",2000-12-01,64,24,81,21,88,102,0.862745098039216
"4474","Lake County",2001-01-01,71,30,85,12,101,97,1.04123711340206
"4475","Lake County",2001-02-01,74,29,93,20,103,113,0.911504424778761
"4476","Lake County",2001-03-01,70,27,105,16,97,121,0.801652892561983
"4477","Lake County",2001-04-01,67,26,103,25,93,128,0.7265625
"4478","Lake County",2001-05-01,72,34,100,12,106,112,0.946428571428571
"4479","Lake County",2001-06-01,68,30,107,21,98,128,0.765625
"4480","Lake County",2001-07-01,61,23,105,24,84,129,0.651162790697674
"4481","Lake County",2001-08-01,64,21,93,15,85,108,0.787037037037037
"4482","Lake County",2001-09-01,51,15,88,13,66,101,0.653465346534653
"4483","Lake County",2001-10-01,61,12,99,16,73,115,0.634782608695652
"4484","Lake County",2001-11-01,56,10,100,16,66,116,0.568965517241379
"4485","Lake County",2001-12-01,99,14,56,13,113,69,1.63768115942029
"4486","Lake County",2002-01-01,97,19,60,14,116,74,1.56756756756757
"4487","Lake County",2002-02-01,118,19,66,12,137,78,1.75641025641026
"4488","Lake County",2002-03-01,99,23,72,15,122,87,1.40229885057471
"4489","Lake County",2002-04-01,98,22,71,17,120,88,1.36363636363636
"4490","Lake County",2002-05-01,105,18,63,10,123,73,1.68493150684932
"4491","Lake County",2002-06-01,108,16,57,11,124,68,1.82352941176471
"4492","Lake County",2002-07-01,110,16,50,14,126,64,1.96875
"4493","Lake County",2002-08-01,123,14,44,12,137,56,2.44642857142857
"4494","Lake County",2002-09-01,123,18,43,12,141,55,2.56363636363636
"4495","Lake County",2002-10-01,127,15,37,12,142,49,2.89795918367347
"4496","Lake County",2002-11-01,114,18,60,12,132,72,1.83333333333333
"4497","Lake County",2002-12-01,103,13,59,10,116,69,1.68115942028985
"4498","Lake County",2003-01-01,105,16,59,16,121,75,1.61333333333333
"4499","Lake County",2003-02-01,109,17,53,17,126,70,1.8
"4500","Lake County",2003-03-01,112,20,57,13,132,70,1.88571428571429
"4501","Lake County",2003-04-01,111,23,51,15,134,66,2.03030303030303
"4502","Lake County",2003-05-01,121,22,50,15,143,65,2.2
"4503","Lake County",2003-06-01,131,22,41,10,153,51,3
"4504","Lake County",2003-07-01,135,23,38,13,158,51,3.09803921568627
"4505","Lake County",2003-08-01,137,18,33,12,155,45,3.44444444444444
"4506","Lake County",2003-09-01,145,20,40,11,165,51,3.23529411764706
"4507","Lake County",2003-10-01,151,20,42,12,171,54,3.16666666666667
"4508","Lake County",2003-11-01,153,21,41,12,174,53,3.28301886792453
"4509","Lake County",2003-12-01,148,8,48,30,156,78,2
"4510","Lake County",2004-01-01,154,9,66,36,163,102,1.59803921568627
"4511","Lake County",2004-02-01,134,14,86,37,148,123,1.20325203252033
"4512","Lake County",2004-03-01,154,3,56,44,157,100,1.57
"4513","Lake County",2004-04-01,114,5,79,40,119,119,1
"4514","Lake County",2004-05-01,140,7,76,39,147,115,1.27826086956522
"4515","Lake County",2004-06-01,123,11,85,40,134,125,1.072
"4516","Lake County",2004-07-01,95,12,92,32,107,124,0.862903225806452
"4517","Lake County",2004-08-01,155,5,61,40,160,101,1.58415841584158
"4518","Lake County",2004-09-01,130,8,97,32,138,129,1.06976744186047
"4519","Lake County",2004-10-01,161,2,40,42,163,82,1.98780487804878
"4520","Lake County",2004-11-01,146,5,53,39,151,92,1.64130434782609
"4521","Lake County",2004-12-01,122,9,70,43,131,113,1.15929203539823
"4522","Lake County",2005-01-01,124,5,56,36,129,92,1.40217391304348
"4523","Lake County",2005-02-01,125,12,85,36,137,121,1.13223140495868
"4524","Lake County",2005-03-01,151,6,64,42,157,106,1.4811320754717
"4525","Lake County",2005-04-01,163,8,58,39,171,97,1.76288659793814
"4526","Lake County",2005-05-01,116,13,95,38,129,133,0.969924812030075
"4527","Lake County",2005-06-01,143,29,64,22,172,86,2
"4528","Lake County",2005-07-01,140,24,71,25,164,96,1.70833333333333
"4529","Lake County",2005-08-01,145,25,77,24,170,101,1.68316831683168
"4530","Lake County",2005-09-01,152,23,74,18,175,92,1.90217391304348
"4531","Lake County",2005-10-01,147,23,87,20,170,107,1.58878504672897
"4532","Lake County",2005-11-01,133,23,98,19,156,117,1.33333333333333
"4533","Lake County",2005-12-01,131,25,87,16,156,103,1.51456310679612
"4534","Lake County",2006-01-01,145,25,89,16,170,105,1.61904761904762
"4535","Lake County",2006-02-01,156,26,87,18,182,105,1.73333333333333
"4536","Lake County",2006-03-01,152,31,81,19,183,100,1.83
"4537","Lake County",2006-04-01,152,36,85,24,188,109,1.72477064220183
"4538","Lake County",2006-05-01,148,39,97,26,187,123,1.52032520325203
"4539","Lake County",2006-06-01,137,35,88,30,172,118,1.45762711864407
"4540","Lake County",2006-07-01,137,29,93,25,166,118,1.40677966101695
"4541","Lake County",2006-08-01,136,27,96,21,163,117,1.39316239316239
"4542","Lake County",2006-09-01,153,28,107,19,181,126,1.43650793650794
"4543","Lake County",2006-10-01,147,29,99,24,176,123,1.43089430894309
"4544","Lake County",2006-11-01,140,26,107,23,166,130,1.27692307692308
"4545","Lake County",2006-12-01,126,24,96,20,150,116,1.29310344827586
"4546","Lake County",2007-01-01,140,25,90,25,165,115,1.43478260869565
"4547","Lake County",2007-02-01,129,24,85,27,153,112,1.36607142857143
"4548","Lake County",2007-03-01,149,20,77,25,169,102,1.65686274509804
"4549","Lake County",2007-04-01,153,21,86,28,174,114,1.52631578947368
"4550","Lake County",2007-05-01,153,20,86,29,173,115,1.50434782608696
"4551","Lake County",2007-06-01,148,19,82,21,167,103,1.62135922330097
"4552","Lake County",2007-07-01,151,18,75,24,169,99,1.70707070707071
"4553","Lake County",2007-08-01,144,16,73,25,160,98,1.63265306122449
"4554","Lake County",2007-09-01,130,22,69,22,152,91,1.67032967032967
"4555","Lake County",2007-10-01,128,21,68,24,149,92,1.6195652173913
"4556","Lake County",2007-11-01,129,20,76,22,149,98,1.52040816326531
"4557","Lake County",2007-12-01,117,13,74,19,130,93,1.39784946236559
"4558","Lake County",2008-01-01,120,16,78,23,136,101,1.34653465346535
"4559","Lake County",2008-02-01,117,17,79,24,134,103,1.30097087378641
"4560","Lake County",2008-03-01,115,18,85,21,133,106,1.25471698113208
"4561","Lake County",2008-04-01,121,23,64,17,144,81,1.77777777777778
"4562","Lake County",2008-05-01,122,26,66,16,148,82,1.80487804878049
"4563","Lake County",2008-06-01,125,26,71,18,151,89,1.69662921348315
"4564","Lake County",2008-07-01,114,21,72,22,135,94,1.43617021276596
"4565","Lake County",2008-08-01,121,17,65,19,138,84,1.64285714285714
"4566","Lake County",2008-09-01,127,21,59,19,148,78,1.8974358974359
"4567","Lake County",2008-10-01,131,18,72,23,149,95,1.56842105263158
"4568","Lake County",2008-11-01,114,15,79,20,129,99,1.3030303030303
"4569","Lake County",2008-12-01,112,16,62,13,128,75,1.70666666666667
"4570","Lake County",2009-01-01,116,20,65,12,136,77,1.76623376623377
"4571","Lake County",2009-02-01,110,23,72,15,133,87,1.52873563218391
"4572","Lake County",2009-03-01,112,18,78,14,130,92,1.41304347826087
"4573","Lake County",2009-04-01,119,21,76,15,140,91,1.53846153846154
"4574","Lake County",2009-05-01,120,21,74,12,141,86,1.63953488372093
"4575","Lake County",2009-06-01,114,19,73,17,133,90,1.47777777777778
"4576","Lake County",2009-07-01,126,19,71,18,145,89,1.62921348314607
"4577","Lake County",2009-08-01,131,22,81,18,153,99,1.54545454545455
"4578","Lake County",2009-09-01,138,21,82,25,159,107,1.48598130841122
"4579","Lake County",2009-10-01,128,15,78,25,143,103,1.38834951456311
"4580","Lake County",2009-11-01,110,14,68,18,124,86,1.44186046511628
"4581","Lake County",2009-12-01,117,20,57,13,137,70,1.95714285714286
"4582","Lake County",2010-01-01,122,25,57,13,147,70,2.1
"4583","Lake County",2010-02-01,126,21,40,11,147,51,2.88235294117647
"4584","Lake County",2010-03-01,142,17,41,14,159,55,2.89090909090909
"4585","Lake County",2010-04-01,143,20,53,17,163,70,2.32857142857143
"4586","Lake County",2010-05-01,131,17,49,21,148,70,2.11428571428571
"4587","Lake County",2010-06-01,128,17,57,17,145,74,1.95945945945946
"4588","Lake County",2010-07-01,139,21,52,20,160,72,2.22222222222222
"4589","Lake County",2010-08-01,141,18,49,14,159,63,2.52380952380952
"4590","Lake County",2010-09-01,136,18,57,13,154,70,2.2
"4591","Lake County",2010-10-01,121,13,52,10,134,62,2.16129032258065
"4592","Lake County",2010-11-01,137,13,52,8,150,60,2.5
"4593","Lake County",2010-12-01,135,14,42,9,149,51,2.92156862745098
"4594","Lake County",2011-01-01,130,15,58,12,145,70,2.07142857142857
"4595","Lake County",2011-02-01,121,13,58,12,134,70,1.91428571428571
"4596","Lake County",2011-03-01,124,12,56,16,136,72,1.88888888888889
"4597","Lake County",2011-04-01,124,13,63,14,137,77,1.77922077922078
"4598","Lake County",2011-05-01,119,14,72,19,133,91,1.46153846153846
"4599","Lake County",2011-06-01,116,18,81,21,134,102,1.31372549019608
"4600","Lake County",2011-07-01,114,17,74,26,131,100,1.31
"4601","Lake County",2011-08-01,116,17,73,20,133,93,1.43010752688172
"4602","Lake County",2011-09-01,133,20,86,24,153,110,1.39090909090909
"4603","Lake County",2011-10-01,140,25,83,22,165,105,1.57142857142857
"4604","Lake County",2011-11-01,144,23,80,22,167,102,1.63725490196078
"4605","Lake County",2011-12-01,141,22,82,19,163,101,1.61386138613861
"4606","Lake County",2012-01-01,144,15,101,33,159,134,1.1865671641791
"4607","Lake County",2012-02-01,146,12,107,38,158,145,1.08965517241379
"4608","Lake County",2012-03-01,135,14,122,30,149,152,0.980263157894737
"4609","Lake County",2012-04-01,128,18,123,29,146,152,0.960526315789474
"4610","Lake County",2012-05-01,122,17,116,31,139,147,0.945578231292517
"4611","Lake County",2012-06-01,138,16,86,28,154,114,1.35087719298246
"4612","Lake County",2012-07-01,182,27,54,21,209,75,2.78666666666667
"4613","Lake County",2012-08-01,160,28,77,27,188,104,1.80769230769231
"4614","Lake County",2012-09-01,159,23,90,33,182,123,1.47967479674797
"4615","Lake County",2012-10-01,159,19,106,34,178,140,1.27142857142857
"4616","Lake County",2012-11-01,161,17,104,30,178,134,1.32835820895522
"4617","Lake County",2012-12-01,148,15,107,23,163,130,1.25384615384615
"4618","Lake County",2013-01-01,148,18,116,26,166,142,1.16901408450704
"4619","Lake County",2013-02-01,146,19,116,22,165,138,1.19565217391304
"4620","Lake County",2013-03-01,148,19,111,23,167,134,1.24626865671642
"4621","Lake County",2013-04-01,155,21,108,21,176,129,1.36434108527132
"4622","Lake County",2013-05-01,164,25,112,18,189,130,1.45384615384615
"4623","Lake County",2013-06-01,158,31,104,19,189,123,1.53658536585366
"4624","Lake County",2013-07-01,151,30,111,21,181,132,1.37121212121212
"4625","Lake County",2013-08-01,151,31,113,26,182,139,1.30935251798561
"4626","Lake County",2013-09-01,147,25,116,25,172,141,1.21985815602837
"4627","Lake County",2013-10-01,150,28,116,27,178,143,1.24475524475524
"4628","Lake County",2013-11-01,152,21,126,31,173,157,1.10191082802548
"4629","Lake County",2013-12-01,138,22,128,29,160,157,1.01910828025478
"4630","Lake County",2014-01-01,155,21,121,25,176,146,1.20547945205479
"4631","Lake County",2014-02-01,152,28,135,25,180,160,1.125
"4632","Lake County",2014-03-01,150,30,145,30,180,175,1.02857142857143
"4633","Lake County",2014-04-01,154,30,147,29,184,176,1.04545454545455
"4634","Lake County",2014-05-01,153,27,153,32,180,185,0.972972972972973
"4635","Lake County",2014-06-01,149,26,154,31,175,185,0.945945945945946
"4636","Lake County",2014-07-01,155,29,153,32,184,185,0.994594594594595
"4637","Lake County",2014-08-01,158,25,149,34,183,183,1
"4638","Lake County",2014-09-01,164,28,145,31,192,176,1.09090909090909
"4639","Lake County",2014-10-01,147,27,146,34,174,180,0.966666666666667
"4640","Lake County",2014-11-01,114,17,136,26,131,162,0.808641975308642
"4641","Lake County",2014-12-01,107,18,124,23,125,147,0.850340136054422
"4642","Lake County",2015-01-01,111,20,108,25,131,133,0.984962406015038
"4643","Lake County",2015-02-01,115,16,95,29,131,124,1.05645161290323
"4644","Lake County",2015-03-01,117,16,95,32,133,127,1.04724409448819
"4645","Lake County",2015-04-01,119,14,95,30,133,125,1.064
"4646","Lake County",2015-05-01,134,20,88,29,154,117,1.31623931623932
"4647","Lake County",2015-06-01,146,23,92,31,169,123,1.3739837398374
"4648","Lake County",2015-07-01,143,25,100,27,168,127,1.32283464566929
"4649","Lake County",2015-08-01,134,27,108,26,161,134,1.20149253731343
"4650","Lake County",2015-09-01,142,25,107,23,167,130,1.28461538461538
"4651","Lake County",2015-10-01,149,23,102,23,172,125,1.376
"4652","Lake County",2015-11-01,131,21,107,24,152,131,1.16030534351145
"4653","Lake County",2015-12-01,125,18,99,21,143,120,1.19166666666667
"4654","Lake County",2016-01-01,127,22,91,22,149,113,1.31858407079646
"4655","Lake County",2016-02-01,125,18,94,23,143,117,1.22222222222222
"4656","Lake County",2016-03-01,108,16,105,21,124,126,0.984126984126984
"4657","Lake County",2016-04-01,123,14,96,18,137,114,1.20175438596491
"4658","Lake County",2016-05-01,139,15,97,20,154,117,1.31623931623932
"4659","Lake County",2016-06-01,148,18,101,21,166,122,1.36065573770492
"4660","Lake County",2016-07-01,155,24,94,26,179,120,1.49166666666667
"4661","Lake County",2016-08-01,159,24,103,21,183,124,1.4758064516129
"4662","Lake County",2016-09-01,158,22,94,25,180,119,1.51260504201681
"4663","Lake County",2016-10-01,155,29,84,21,184,105,1.75238095238095
"4664","Lake County",2016-11-01,156,29,80,19,185,99,1.86868686868687
"4665","Lake County",2016-12-01,154,22,78,21,176,99,1.77777777777778
"4666","Lake County",2017-01-01,159,23,84,21,182,105,1.73333333333333
"4667","Lake County",2017-02-01,163,28,80,20,191,100,1.91
"4668","Lake County",2017-03-01,158,25,91,19,183,110,1.66363636363636
"4669","Lake County",2017-04-01,159,24,84,19,183,103,1.77669902912621
"4670","Lake County",2017-05-01,158,23,94,21,181,115,1.57391304347826
"4671","Lake County",2017-06-01,160,27,88,20,187,108,1.73148148148148
"4672","Lake County",2017-07-01,159,34,90,19,193,109,1.77064220183486
"4673","Lake County",2017-08-01,147,32,94,24,179,118,1.51694915254237
"4674","Lake County",2017-09-01,138,26,94,29,164,123,1.33333333333333
"4675","Lake County",2017-10-01,140,25,92,29,165,121,1.36363636363636
"4676","Lake County",2017-11-01,164,25,89,28,189,117,1.61538461538462
"4677","Lake County",2017-12-01,165,23,81,29,188,110,1.70909090909091
"4678","Lake County",2018-01-01,172,26,86,27,198,113,1.75221238938053
"4679","Lake County",2018-02-01,175,33,92,25,208,117,1.77777777777778
"4680","Lake County",2018-03-01,165,25,99,26,190,125,1.52
"4681","Lake County",2018-04-01,150,28,96,28,178,124,1.43548387096774
"4682","Lake County",2018-05-01,150,26,101,30,176,131,1.34351145038168
"4683","Lake County",2018-06-01,162,30,103,33,192,136,1.41176470588235
"4684","Lake County",2018-07-01,165,30,102,28,195,130,1.5
"4685","Lake County",2018-08-01,155,25,93,24,180,117,1.53846153846154
"4686","Lake County",2018-09-01,130,22,98,22,152,120,1.26666666666667
"4687","Lake County",2018-10-01,107,22,111,27,129,138,0.934782608695652
"4688","Lake County",2018-11-01,120,22,106,27,142,133,1.06766917293233
"4689","Lake County",2018-12-01,126,18,114,27,144,141,1.02127659574468
"4690","Lake County",2019-01-01,121,19,122,32,140,154,0.909090909090909
"4691","Lake County",2019-02-01,122,15,107,31,137,138,0.992753623188406
"4692","Lake County",2019-03-01,111,13,107,25,124,132,0.939393939393939
"4693","Lake County",2019-04-01,130,19,101,22,149,123,1.21138211382114
"4694","Lake County",2019-05-01,131,25,90,22,156,112,1.39285714285714
"4695","Lake County",2019-06-01,134,25,97,17,159,114,1.39473684210526
"4696","Lake County",2019-07-01,144,28,87,22,172,109,1.57798165137615
"4697","Lake County",2019-08-01,161,26,89,19,187,108,1.73148148148148
"4698","Lake County",2019-09-01,154,29,94,19,183,113,1.61946902654867
"4699","Lake County",2019-10-01,141,28,96,22,169,118,1.43220338983051
"4700","Lake County",2019-11-01,127,25,91,22,152,113,1.34513274336283
"4701","Lake County",2019-12-01,120,25,84,20,145,104,1.39423076923077
"4702","Lake County",2020-01-01,108,21,88,20,129,108,1.19444444444444
"4703","Lake County",2020-02-01,121,27,92,21,148,113,1.30973451327434
"4704","Lake County",2020-03-01,109,25,87,22,134,109,1.22935779816514
"4705","Lassen County",1995-10-01,45,6,43,14,51,57,0.894736842105263
"4706","Lassen County",1995-11-01,44,7,44,12,51,56,0.910714285714286
"4707","Lassen County",1995-12-01,43,8,45,10,51,55,0.927272727272727
"4708","Lassen County",1996-01-01,44,7,39,9,51,48,1.0625
"4709","Lassen County",1996-02-01,43,8,47,9,51,56,0.910714285714286
"4710","Lassen County",1996-03-01,31,8,54,9,39,63,0.619047619047619
"4711","Lassen County",1996-04-01,26,8,47,9,34,56,0.607142857142857
"4712","Lassen County",1996-05-01,24,7,49,9,31,58,0.53448275862069
"4713","Lassen County",1996-06-01,24,6,46,9,30,55,0.545454545454545
"4714","Lassen County",1996-07-01,26,8,47,9,34,56,0.607142857142857
"4715","Lassen County",1996-08-01,24,7,49,9,31,58,0.53448275862069
"4716","Lassen County",1996-09-01,24,6,46,9,30,55,0.545454545454545
"4717","Lassen County",1996-10-01,33,8,47,8,41,55,0.745454545454545
"4718","Lassen County",1996-11-01,30,4,47,9,34,56,0.607142857142857
"4719","Lassen County",1996-12-01,29,5,49,8,34,57,0.596491228070175
"4720","Lassen County",1997-01-01,27,2,42,12,29,54,0.537037037037037
"4721","Lassen County",1997-02-01,27,3,38,12,30,50,0.6
"4722","Lassen County",1997-03-01,29,2,33,12,31,45,0.688888888888889
"4723","Lassen County",1997-04-01,26,3,32,7,29,39,0.743589743589744
"4724","Lassen County",1997-05-01,24,5,42,9,29,51,0.568627450980392
"4725","Lassen County",1997-06-01,27,7,39,15,34,54,0.62962962962963
"4726","Lassen County",1997-07-01,27,7,39,15,34,54,0.62962962962963
"4727","Lassen County",1997-08-01,26,4,38,18,30,56,0.535714285714286
"4728","Lassen County",1997-09-01,28,4,32,18,32,50,0.64
"4729","Lassen County",1997-10-01,35,7,30,21,42,51,0.823529411764706
"4730","Lassen County",1997-11-01,35,7,29,20,42,49,0.857142857142857
"4731","Lassen County",1997-12-01,34,7,26,19,41,45,0.911111111111111
"4732","Lassen County",1998-01-01,44,8,32,19,52,51,1.01960784313725
"4733","Lassen County",1998-02-01,53,10,31,17,63,48,1.3125
"4734","Lassen County",1998-03-01,47,12,36,14,59,50,1.18
"4735","Lassen County",1998-04-01,47,12,43,15,59,58,1.01724137931034
"4736","Lassen County",1998-05-01,47,10,42,17,57,59,0.966101694915254
"4737","Lassen County",1998-06-01,50,8,43,18,58,61,0.950819672131147
"4738","Lassen County",1998-07-01,51,7,44,15,58,59,0.983050847457627
"4739","Lassen County",1998-08-01,53,11,46,17,64,63,1.01587301587302
"4740","Lassen County",1998-09-01,55,12,49,17,67,66,1.01515151515152
"4741","Lassen County",1998-10-01,55,11,45,14,66,59,1.11864406779661
"4742","Lassen County",1998-11-01,53,14,46,13,67,59,1.13559322033898
"4743","Lassen County",1998-12-01,51,13,41,16,64,57,1.12280701754386
"4744","Lassen County",1999-01-01,42,10,45,19,52,64,0.8125
"4745","Lassen County",1999-02-01,44,9,47,14,53,61,0.868852459016393
"4746","Lassen County",1999-03-01,53,10,51,14,63,65,0.969230769230769
"4747","Lassen County",1999-04-01,44,9,55,15,53,70,0.757142857142857
"4748","Lassen County",1999-05-01,34,8,71,14,42,85,0.494117647058824
"4749","Lassen County",1999-06-01,38,14,64,14,52,78,0.666666666666667
"4750","Lassen County",1999-07-01,40,14,59,15,54,74,0.72972972972973
"4751","Lassen County",1999-08-01,35,8,51,19,43,70,0.614285714285714
"4752","Lassen County",1999-09-01,42,7,48,20,49,68,0.720588235294118
"4753","Lassen County",1999-10-01,47,8,45,17,55,62,0.887096774193548
"4754","Lassen County",1999-11-01,50,10,44,13,60,57,1.05263157894737
"4755","Lassen County",1999-12-01,52,11,40,11,63,51,1.23529411764706
"4756","Lassen County",2000-01-01,56,9,45,16,65,61,1.0655737704918
"4757","Lassen County",2000-02-01,50,4,49,17,54,66,0.818181818181818
"4758","Lassen County",2000-03-01,49,5,46,16,54,62,0.870967741935484
"4759","Lassen County",2000-04-01,49,4,42,17,53,59,0.898305084745763
"4760","Lassen County",2000-05-01,48,4,41,15,52,56,0.928571428571429
"4761","Lassen County",2000-06-01,48,5,38,18,53,56,0.946428571428571
"4762","Lassen County",2000-07-01,43,4,30,17,47,47,1
"4763","Lassen County",2000-08-01,43,6,28,13,49,41,1.19512195121951
"4764","Lassen County",2000-09-01,50,9,30,13,59,43,1.37209302325581
"4765","Lassen County",2000-10-01,58,17,33,14,75,47,1.59574468085106
"4766","Lassen County",2000-11-01,55,13,41,17,68,58,1.17241379310345
"4767","Lassen County",2000-12-01,52,9,41,21,61,62,0.983870967741935
"4768","Lassen County",2001-01-01,48,16,53,7,64,60,1.06666666666667
"4769","Lassen County",2001-02-01,51,15,52,10,66,62,1.06451612903226
"4770","Lassen County",2001-03-01,51,13,60,7,64,67,0.955223880597015
"4771","Lassen County",2001-04-01,44,9,58,12,53,70,0.757142857142857
"4772","Lassen County",2001-05-01,31,8,58,14,39,72,0.541666666666667
"4773","Lassen County",2001-06-01,32,13,59,10,45,69,0.652173913043478
"4774","Lassen County",2001-07-01,31,16,49,9,47,58,0.810344827586207
"4775","Lassen County",2001-08-01,43,19,41,8,62,49,1.26530612244898
"4776","Lassen County",2001-09-01,44,15,43,11,59,54,1.09259259259259
"4777","Lassen County",2001-10-01,44,14,36,10,58,46,1.26086956521739
"4778","Lassen County",2001-11-01,44,17,32,8,61,40,1.525
"4779","Lassen County",2001-12-01,39,12,39,6,51,45,1.13333333333333
"4780","Lassen County",2002-01-01,45,11,52,11,56,63,0.888888888888889
"4781","Lassen County",2002-02-01,45,11,52,11,56,63,0.888888888888889
"4782","Lassen County",2002-03-01,44,11,52,15,55,67,0.82089552238806
"4783","Lassen County",2002-04-01,48,10,45,10,58,55,1.05454545454545
"4784","Lassen County",2002-05-01,48,13,43,13,61,56,1.08928571428571
"4785","Lassen County",2002-06-01,48,11,37,9,59,46,1.28260869565217
"4786","Lassen County",2002-07-01,48,10,53,16,58,69,0.840579710144927
"4787","Lassen County",2002-08-01,49,11,50,19,60,69,0.869565217391304
"4788","Lassen County",2002-09-01,48,13,48,20,61,68,0.897058823529412
"4789","Lassen County",2002-10-01,46,11,49,17,57,66,0.863636363636364
"4790","Lassen County",2002-11-01,45,6,31,18,51,49,1.04081632653061
"4791","Lassen County",2002-12-01,36,5,51,15,41,66,0.621212121212121
"4792","Lassen County",2003-01-01,33,8,54,14,41,68,0.602941176470588
"4793","Lassen County",2003-02-01,45,8,52,15,53,67,0.791044776119403
"4794","Lassen County",2003-03-01,50,14,47,15,64,62,1.03225806451613
"4795","Lassen County",2003-04-01,44,15,53,15,59,68,0.867647058823529
"4796","Lassen County",2003-05-01,44,12,40,17,56,57,0.982456140350877
"4797","Lassen County",2003-06-01,50,10,41,20,60,61,0.983606557377049
"4798","Lassen County",2003-07-01,50,14,36,21,64,57,1.12280701754386
"4799","Lassen County",2003-08-01,51,16,32,22,67,54,1.24074074074074
"4800","Lassen County",2003-09-01,45,6,67,12,51,79,0.645569620253165
"4801","Lassen County",2003-10-01,38,8,64,10,46,74,0.621621621621622
"4802","Lassen County",2003-11-01,42,9,43,10,51,53,0.962264150943396
"4803","Lassen County",2003-12-01,40,21,32,8,61,40,1.525
"4804","Lassen County",2004-01-01,44,12,39,5,56,44,1.27272727272727
"4805","Lassen County",2004-02-01,35,11,35,5,46,40,1.15
"4806","Lassen County",2004-03-01,38,9,35,9,47,44,1.06818181818182
"4807","Lassen County",2004-04-01,27,9,39,8,36,47,0.765957446808511
"4808","Lassen County",2004-05-01,40,11,33,10,51,43,1.18604651162791
"4809","Lassen County",2004-06-01,45,11,31,8,56,39,1.43589743589744
"4810","Lassen County",2004-07-01,45,11,30,6,56,36,1.55555555555556
"4811","Lassen County",2004-08-01,41,14,35,8,55,43,1.27906976744186
"4812","Lassen County",2004-09-01,29,11,35,6,40,41,0.975609756097561
"4813","Lassen County",2004-10-01,32,8,30,4,40,34,1.17647058823529
"4814","Lassen County",2004-11-01,28,8,27,4,36,31,1.16129032258065
"4815","Lassen County",2004-12-01,26,6,23,7,32,30,1.06666666666667
"4816","Lassen County",2005-01-01,28,7,30,7,35,37,0.945945945945946
"4817","Lassen County",2005-02-01,40,8,25,8,48,33,1.45454545454545
"4818","Lassen County",2005-03-01,43,11,25,9,54,34,1.58823529411765
"4819","Lassen County",2005-04-01,27,9,39,8,36,47,0.765957446808511
"4820","Lassen County",2005-05-01,37,5,53,10,42,63,0.666666666666667
"4821","Lassen County",2005-06-01,33,7,35,13,40,48,0.833333333333333
"4822","Lassen County",2005-07-01,29,5,32,12,34,44,0.772727272727273
"4823","Lassen County",2005-08-01,29,7,32,6,36,38,0.947368421052632
"4824","Lassen County",2005-09-01,28,10,29,6,38,35,1.08571428571429
"4825","Lassen County",2005-10-01,29,7,31,7,36,38,0.947368421052632
"4826","Lassen County",2005-11-01,41,6,31,6,47,37,1.27027027027027
"4827","Lassen County",2005-12-01,34,7,24,6,41,30,1.36666666666667
"4828","Lassen County",2006-01-01,48,8,27,8,56,35,1.6
"4829","Lassen County",2006-02-01,41,6,30,10,47,40,1.175
"4830","Lassen County",2006-03-01,42,6,31,11,48,42,1.14285714285714
"4831","Lassen County",2006-04-01,42,9,40,7,51,47,1.08510638297872
"4832","Lassen County",2006-05-01,47,8,36,6,55,42,1.30952380952381
"4833","Lassen County",2006-06-01,46,7,31,10,53,41,1.29268292682927
"4834","Lassen County",2006-07-01,40,4,33,3,44,36,1.22222222222222
"4835","Lassen County",2006-08-01,44,9,37,7,53,44,1.20454545454545
"4836","Lassen County",2006-09-01,40,8,29,9,48,38,1.26315789473684
"4837","Lassen County",2006-10-01,46,9,27,10,55,37,1.48648648648649
"4838","Lassen County",2006-11-01,43,8,26,14,51,40,1.275
"4839","Lassen County",2006-12-01,40,3,24,14,43,38,1.13157894736842
"4840","Lassen County",2007-01-01,46,10,29,6,56,35,1.6
"4841","Lassen County",2007-02-01,50,10,30,6,60,36,1.66666666666667
"4842","Lassen County",2007-03-01,50,10,32,12,60,44,1.36363636363636
"4843","Lassen County",2007-04-01,34,17,50,19,51,69,0.739130434782609
"4844","Lassen County",2007-05-01,41,12,36,18,53,54,0.981481481481482
"4845","Lassen County",2007-06-01,36,22,42,13,58,55,1.05454545454545
"4846","Lassen County",2007-07-01,41,13,36,20,54,56,0.964285714285714
"4847","Lassen County",2007-08-01,39,12,37,14,51,51,1
"4848","Lassen County",2007-09-01,35,7,38,14,42,52,0.807692307692308
"4849","Lassen County",2007-10-01,37,8,37,16,45,53,0.849056603773585
"4850","Lassen County",2007-11-01,34,9,36,15,43,51,0.843137254901961
"4851","Lassen County",2007-12-01,41,8,26,9,49,35,1.4
"4852","Lassen County",2008-01-01,30,10,38,9,40,47,0.851063829787234
"4853","Lassen County",2008-02-01,20,3,61,8,23,69,0.333333333333333
"4854","Lassen County",2008-03-01,38,8,32,12,46,44,1.04545454545455
"4855","Lassen County",2008-04-01,35,6,28,12,41,40,1.025
"4856","Lassen County",2008-05-01,32,9,33,12,41,45,0.911111111111111
"4857","Lassen County",2008-06-01,33,10,34,12,43,46,0.934782608695652
"4858","Lassen County",2008-07-01,36,13,42,17,49,59,0.830508474576271
"4859","Lassen County",2008-08-01,35,8,32,12,43,44,0.977272727272727
"4860","Lassen County",2008-09-01,39,7,24,8,46,32,1.4375
"4861","Lassen County",2008-10-01,40,8,24,9,48,33,1.45454545454545
"4862","Lassen County",2008-11-01,38,10,28,9,48,37,1.2972972972973
"4863","Lassen County",2008-12-01,37,7,22,10,44,32,1.375
"4864","Lassen County",2009-01-01,36,7,24,11,43,35,1.22857142857143
"4865","Lassen County",2009-02-01,23,16,40,8,39,48,0.8125
"4866","Lassen County",2009-03-01,44,12,29,14,56,43,1.30232558139535
"4867","Lassen County",2009-04-01,51,11,23,14,62,37,1.67567567567568
"4868","Lassen County",2009-05-01,36,11,25,14,47,39,1.20512820512821
"4869","Lassen County",2009-06-01,38,10,22,9,48,31,1.54838709677419
"4870","Lassen County",2009-07-01,21,7,32,8,28,40,0.7
"4871","Lassen County",2009-08-01,33,7,21,11,40,32,1.25
"4872","Lassen County",2009-09-01,41,6,18,10,47,28,1.67857142857143
"4873","Lassen County",2009-10-01,26,10,39,8,36,47,0.765957446808511
"4874","Lassen County",2009-11-01,40,7,22,9,47,31,1.51612903225806
"4875","Lassen County",2009-12-01,25,7,26,7,32,33,0.96969696969697
"4876","Lassen County",2010-01-01,35,8,20,8,43,28,1.53571428571429
"4877","Lassen County",2010-02-01,22,6,29,9,28,38,0.736842105263158
"4878","Lassen County",2010-03-01,27,6,16,3,33,19,1.73684210526316
"4879","Lassen County",2010-04-01,18,4,36,6,22,42,0.523809523809524
"4880","Lassen County",2010-05-01,31,5,18,6,36,24,1.5
"4881","Lassen County",2010-06-01,27,6,20,7,33,27,1.22222222222222
"4882","Lassen County",2010-07-01,29,8,26,7,37,33,1.12121212121212
"4883","Lassen County",2010-08-01,35,11,16,5,46,21,2.19047619047619
"4884","Lassen County",2010-09-01,35,11,16,7,46,23,2
"4885","Lassen County",2010-10-01,39,5,17,3,44,20,2.2
"4886","Lassen County",2010-11-01,40,6,23,4,46,27,1.7037037037037
"4887","Lassen County",2010-12-01,43,5,16,3,48,19,2.52631578947368
"4888","Lassen County",2011-01-01,40,10,25,7,50,32,1.5625
"4889","Lassen County",2011-02-01,40,10,34,12,50,46,1.08695652173913
"4890","Lassen County",2011-03-01,42,11,25,8,53,33,1.60606060606061
"4891","Lassen County",2011-04-01,30,12,25,8,42,33,1.27272727272727
"4892","Lassen County",2011-05-01,32,15,21,5,47,26,1.80769230769231
"4893","Lassen County",2011-06-01,46,14,19,7,60,26,2.30769230769231
"4894","Lassen County",2011-07-01,43,12,27,6,55,33,1.66666666666667
"4895","Lassen County",2011-08-01,45,12,22,7,57,29,1.96551724137931
"4896","Lassen County",2011-09-01,43,11,18,5,54,23,2.34782608695652
"4897","Lassen County",2011-10-01,36,8,20,6,44,26,1.69230769230769
"4898","Lassen County",2011-11-01,34,12,28,5,46,33,1.39393939393939
"4899","Lassen County",2011-12-01,35,10,26,3,45,29,1.55172413793103
"4900","Lassen County",2012-01-01,37,15,30,5,52,35,1.48571428571429
"4901","Lassen County",2012-02-01,38,14,39,9,52,48,1.08333333333333
"4902","Lassen County",2012-03-01,29,14,50,15,43,65,0.661538461538462
"4903","Lassen County",2012-04-01,47,10,36,10,57,46,1.23913043478261
"4904","Lassen County",2012-05-01,38,9,44,13,47,57,0.824561403508772
"4905","Lassen County",2012-06-01,32,8,52,16,40,68,0.588235294117647
"4906","Lassen County",2012-07-01,27,10,54,13,37,67,0.552238805970149
"4907","Lassen County",2012-08-01,36,14,54,11,50,65,0.769230769230769
"4908","Lassen County",2012-09-01,40,18,59,8,58,67,0.865671641791045
"4909","Lassen County",2012-10-01,43,14,63,9,57,72,0.791666666666667
"4910","Lassen County",2012-11-01,45,16,55,10,61,65,0.938461538461538
"4911","Lassen County",2012-12-01,42,11,58,11,53,69,0.768115942028985
"4912","Lassen County",2013-01-01,45,11,65,13,56,78,0.717948717948718
"4913","Lassen County",2013-02-01,43,11,66,15,54,81,0.666666666666667
"4914","Lassen County",2013-03-01,38,11,56,18,49,74,0.662162162162162
"4915","Lassen County",2013-04-01,31,8,50,17,39,67,0.582089552238806
"4916","Lassen County",2013-05-01,33,10,52,16,43,68,0.632352941176471
"4917","Lassen County",2013-06-01,37,13,59,20,50,79,0.632911392405063
"4918","Lassen County",2013-07-01,35,11,60,17,46,77,0.597402597402597
"4919","Lassen County",2013-08-01,36,10,60,18,46,78,0.58974358974359
"4920","Lassen County",2013-09-01,34,8,61,18,42,79,0.531645569620253
"4921","Lassen County",2013-10-01,44,11,72,13,55,85,0.647058823529412
"4922","Lassen County",2013-11-01,41,12,73,14,53,87,0.609195402298851
"4923","Lassen County",2013-12-01,32,9,69,15,41,84,0.488095238095238
"4924","Lassen County",2014-01-01,34,10,73,14,44,87,0.505747126436782
"4925","Lassen County",2014-02-01,37,6,62,14,43,76,0.565789473684211
"4926","Lassen County",2014-03-01,41,11,59,11,52,70,0.742857142857143
"4927","Lassen County",2014-04-01,41,13,52,13,54,65,0.830769230769231
"4928","Lassen County",2014-05-01,48,11,53,13,59,66,0.893939393939394
"4929","Lassen County",2014-06-01,41,8,57,15,49,72,0.680555555555556
"4930","Lassen County",2014-07-01,28,8,61,14,36,75,0.48
"4931","Lassen County",2014-08-01,36,9,53,13,45,66,0.681818181818182
"4932","Lassen County",2014-09-01,27,12,62,13,39,75,0.52
"4933","Lassen County",2014-10-01,28,15,57,14,43,71,0.605633802816901
"4934","Lassen County",2014-11-01,28,14,50,14,42,64,0.65625
"4935","Lassen County",2014-12-01,26,10,34,15,36,49,0.73469387755102
"4936","Lassen County",2015-01-01,32,12,29,15,44,44,1
"4937","Lassen County",2015-02-01,39,14,24,15,53,39,1.35897435897436
"4938","Lassen County",2015-03-01,38,13,40,14,51,54,0.944444444444444
"4939","Lassen County",2015-04-01,37,14,41,13,51,54,0.944444444444444
"4940","Lassen County",2015-05-01,38,8,35,16,46,51,0.901960784313726
"4941","Lassen County",2015-06-01,37,6,27,14,43,41,1.04878048780488
"4942","Lassen County",2015-07-01,42,8,26,12,50,38,1.31578947368421
"4943","Lassen County",2015-08-01,42,10,28,10,52,38,1.36842105263158
"4944","Lassen County",2015-09-01,40,10,33,9,50,42,1.19047619047619
"4945","Lassen County",2015-10-01,42,11,35,10,53,45,1.17777777777778
"4946","Lassen County",2015-11-01,33,6,37,12,39,49,0.795918367346939
"4947","Lassen County",2015-12-01,39,7,43,14,46,57,0.807017543859649
"4948","Lassen County",2016-01-01,48,7,35,14,55,49,1.12244897959184
"4949","Lassen County",2016-02-01,56,9,36,16,65,52,1.25
"4950","Lassen County",2016-03-01,54,7,46,13,61,59,1.03389830508475
"4951","Lassen County",2016-04-01,47,8,54,14,55,68,0.808823529411765
"4952","Lassen County",2016-05-01,47,6,46,12,53,58,0.913793103448276
"4953","Lassen County",2016-06-01,45,9,46,11,54,57,0.947368421052632
"4954","Lassen County",2016-07-01,42,6,44,14,48,58,0.827586206896552
"4955","Lassen County",2016-08-01,44,5,32,13,49,45,1.08888888888889
"4956","Lassen County",2016-09-01,41,4,23,9,45,32,1.40625
"4957","Lassen County",2016-10-01,43,4,26,5,47,31,1.51612903225806
"4958","Lassen County",2016-11-01,47,6,29,6,53,35,1.51428571428571
"4959","Lassen County",2016-12-01,43,5,29,6,48,35,1.37142857142857
"4960","Lassen County",2017-01-01,44,5,26,9,49,35,1.4
"4961","Lassen County",2017-02-01,46,8,27,8,54,35,1.54285714285714
"4962","Lassen County",2017-03-01,44,5,28,8,49,36,1.36111111111111
"4963","Lassen County",2017-04-01,46,4,23,5,50,28,1.78571428571429
"4964","Lassen County",2017-05-01,47,7,20,4,54,24,2.25
"4965","Lassen County",2017-06-01,36,7,18,4,43,22,1.95454545454545
"4966","Lassen County",2017-07-01,47,5,20,4,52,24,2.16666666666667
"4967","Lassen County",2017-08-01,50,6,24,5,56,29,1.93103448275862
"4968","Lassen County",2017-09-01,49,7,18,7,56,25,2.24
"4969","Lassen County",2017-10-01,49,9,17,5,58,22,2.63636363636364
"4970","Lassen County",2017-11-01,49,9,18,5,58,23,2.52173913043478
"4971","Lassen County",2017-12-01,52,9,31,7,61,38,1.60526315789474
"4972","Lassen County",2018-01-01,57,12,34,6,69,40,1.725
"4973","Lassen County",2018-02-01,54,11,38,6,65,44,1.47727272727273
"4974","Lassen County",2018-03-01,54,9,39,7,63,46,1.3695652173913
"4975","Lassen County",2018-04-01,60,10,43,7,70,50,1.4
"4976","Lassen County",2018-05-01,51,8,46,6,59,52,1.13461538461538
"4977","Lassen County",2018-06-01,54,13,43,6,67,49,1.36734693877551
"4978","Lassen County",2018-07-01,52,22,40,5,74,45,1.64444444444444
"4979","Lassen County",2018-08-01,49,15,44,9,64,53,1.20754716981132
"4980","Lassen County",2018-09-01,45,13,51,12,58,63,0.920634920634921
"4981","Lassen County",2018-10-01,57,17,45,11,74,56,1.32142857142857
"4982","Lassen County",2018-11-01,50,15,58,12,65,70,0.928571428571429
"4983","Lassen County",2018-12-01,35,14,63,12,49,75,0.653333333333333
"4984","Lassen County",2019-01-01,34,14,50,12,48,62,0.774193548387097
"4985","Lassen County",2019-02-01,44,9,55,17,53,72,0.736111111111111
"4986","Lassen County",2019-03-01,41,10,54,16,51,70,0.728571428571429
"4987","Lassen County",2019-04-01,39,10,42,14,49,56,0.875
"4988","Lassen County",2019-05-01,33,14,36,15,47,51,0.92156862745098
"4989","Lassen County",2019-06-01,32,11,33,18,43,51,0.843137254901961
"4990","Lassen County",2019-07-01,35,12,40,21,47,61,0.770491803278688
"4991","Lassen County",2019-08-01,38,10,42,18,48,60,0.8
"4992","Lassen County",2019-09-01,35,8,40,21,43,61,0.704918032786885
"4993","Lassen County",2019-10-01,30,7,41,17,37,58,0.637931034482759
"4994","Lassen County",2019-11-01,31,9,39,18,40,57,0.701754385964912
"4995","Lassen County",2019-12-01,35,9,35,15,44,50,0.88
"4996","Lassen County",2020-01-01,47,11,27,12,58,39,1.48717948717949
"4997","Lassen County",2020-02-01,47,6,33,15,53,48,1.10416666666667
"4998","Lassen County",2020-03-01,51,4,34,11,55,45,1.22222222222222
"4999","Los Angeles County",1995-10-01,10973,1399,4848,771,12372,5619,2.20181526962093
"5000","Los Angeles County",1995-11-01,10912,1358,4762,814,12270,5576,2.20050215208034
"5001","Los Angeles County",1995-12-01,10769,1318,4821,820,12087,5641,2.14270519411452
"5002","Los Angeles County",1996-01-01,10808,1381,4903,735,12189,5638,2.1619368570415
"5003","Los Angeles County",1996-02-01,10982,1492,4740,660,12474,5400,2.31
"5004","Los Angeles County",1996-03-01,11198,1441,4830,689,12639,5519,2.29008878420004
"5005","Los Angeles County",1996-04-01,11172,1460,4823,669,12632,5492,2.30007283321194
"5006","Los Angeles County",1996-05-01,10719,1451,5282,619,12170,5901,2.06236231147263
"5007","Los Angeles County",1996-06-01,10628,1485,5716,554,12113,6270,1.93189792663477
"5008","Los Angeles County",1996-07-01,10651,1504,6149,592,12155,6741,1.80314493398606
"5009","Los Angeles County",1996-08-01,10412,1507,5954.4,531,11919,6485.4,1.8378203349061
"5010","Los Angeles County",1996-09-01,10685,1609,6354,464,12294,6818,1.80316808448225
"5011","Los Angeles County",1996-10-01,10806,1289,6188,941,12095,7129,1.69659138729135
"5012","Los Angeles County",1996-11-01,10890,1243,6150,835,12133,6985,1.73700787401575
"5013","Los Angeles County",1996-12-01,10951,1176,6463,847,12127,7310,1.65896032831737
"5014","Los Angeles County",1997-01-01,10908,1175,7615,812,12083,8427,1.43384359795894
"5015","Los Angeles County",1997-02-01,10280,1246,7849,819,11526,8668,1.32971850484541
"5016","Los Angeles County",1997-03-01,10986,1294,8029,913,12280,8942,1.37329456497428
"5017","Los Angeles County",1997-04-01,10374,1235,7959,820,11609,8779,1.32236017769678
"5018","Los Angeles County",1997-05-01,10115,1231,8433,853,11346,9286,1.22183932802068
"5019","Los Angeles County",1997-06-01,10249,1302,9391,917,11551,10308,1.12058595265813
"5020","Los Angeles County",1997-07-01,10455,1240,8686,1035,11695,9721,1.20306552823784
"5021","Los Angeles County",1997-08-01,10222,2031,7318,1013,12253,8331,1.47077181610851
"5022","Los Angeles County",1997-09-01,10460,2111,7419,1006,12571,8425,1.49210682492582
"5023","Los Angeles County",1997-10-01,10448,1181,8355,1020,11629,9375,1.24042666666667
"5024","Los Angeles County",1997-11-01,10403,1144,8219,1136,11547,9355,1.23431320149653
"5025","Los Angeles County",1997-12-01,10230,1116,8315,1191,11346,9506,1.19356196086682
"5026","Los Angeles County",1998-01-01,9013,1700,9311,1244,10713,10555,1.01496920890573
"5027","Los Angeles County",1998-02-01,10115,2121,8182,1219,12236,9401,1.30156366344006
"5028","Los Angeles County",1998-03-01,10173,1250,9363,1342,11423,10705,1.06707146193368
"5029","Los Angeles County",1998-04-01,10097,1235,9063,1441,11332,10504,1.07882711348058
"5030","Los Angeles County",1998-05-01,10100,1197,9011,1455,11297,10466,1.07939996178101
"5031","Los Angeles County",1998-06-01,9987,1198,9099,1372,11185,10471,1.06818832967243
"5032","Los Angeles County",1998-07-01,10727,1195,8336,1336,11922,9672,1.23263027295285
"5033","Los Angeles County",1998-08-01,11053,1215,8094,1274,12268,9368,1.30956447480786
"5034","Los Angeles County",1998-09-01,11308,1193,7869,1266,12501,9135,1.36847290640394
"5035","Los Angeles County",1998-10-01,10678,1195,8282,1317,11873,9599,1.23689967704969
"5036","Los Angeles County",1998-11-01,10677,1210,7751,1276,11887,9027,1.31682729589011
"5037","Los Angeles County",1998-12-01,10233,1179,7556,1206,11412,8762,1.3024423647569
"5038","Los Angeles County",1999-01-01,10226,1198,7835,1204,11424,9039,1.26385662130767
"5039","Los Angeles County",1999-02-01,10462,1163,7867,1315,11625,9182,1.26606403833587
"5040","Los Angeles County",1999-03-01,10206,1181,8008,1299,11387,9307,1.22348769743204
"5041","Los Angeles County",1999-04-01,9458,1206,8412,1264,10664,9676,1.10210830921869
"5042","Los Angeles County",1999-05-01,10110,1242,7754,1269,11352,9023,1.25811814252466
"5043","Los Angeles County",1999-06-01,10264,1189,7680,1206,11453,8886,1.2888813864506
"5044","Los Angeles County",1999-07-01,10440,1233,7799,1152,11673,8951,1.30410010054742
"5045","Los Angeles County",1999-08-01,10430,1266,7907,1203,11696,9110,1.28386388583974
"5046","Los Angeles County",1999-09-01,10595,1234,7849,1196,11829,9045,1.3077943615257
"5047","Los Angeles County",1999-10-01,10445,1236,7818,1187,11681,9005,1.29716823986674
"5048","Los Angeles County",1999-11-01,10076,1269,7467,1155,11345,8622,1.31581999536071
"5049","Los Angeles County",1999-12-01,9858,1190,7011,1081,11048,8092,1.36529906080079
"5050","Los Angeles County",2000-01-01,9693,1136,7313,1081,10829,8394,1.29008815820824
"5051","Los Angeles County",2000-02-01,10483,1187,6733,1087,11670,7820,1.4923273657289
"5052","Los Angeles County",2000-03-01,9876,1159,7348,1064,11035,8412,1.31181645268664
"5053","Los Angeles County",2000-04-01,9834,1147,7477,1073,10981,8550,1.28432748538012
"5054","Los Angeles County",2000-05-01,9551,1120,7550,1032,10671,8582,1.24341645304125
"5055","Los Angeles County",2000-06-01,9655,1189,7369,1020,10844,8389,1.29264513052807
"5056","Los Angeles County",2000-07-01,9839,1185,7244,1025,11024,8269,1.3331720885234
"5057","Los Angeles County",2000-08-01,9792,1159,7389,1079,10951,8468,1.29322153991497
"5058","Los Angeles County",2000-09-01,10130,1208,7106,1091,11338,8197,1.38318897157497
"5059","Los Angeles County",2000-10-01,10294,1287,7647,1090,11581,8737,1.32551218953874
"5060","Los Angeles County",2000-11-01,10184,1201,7439,1110,11385,8549,1.33173470581355
"5061","Los Angeles County",2000-12-01,9973,1186,7007,1058,11159,8065,1.38363298202108
"5062","Los Angeles County",2001-01-01,9924,1184,6942,1042,11108,7984,1.39128256513026
"5063","Los Angeles County",2001-02-01,10026,1148,7242,1129,11174,8371,1.33484649384781
"5064","Los Angeles County",2001-03-01,9795,1199,7486,1154,10994,8640,1.2724537037037
"5065","Los Angeles County",2001-04-01,9704,1235,7273,1133,10939,8406,1.30133238163217
"5066","Los Angeles County",2001-05-01,9913,1257,7211,1083,11170,8294,1.34675669158428
"5067","Los Angeles County",2001-06-01,9925,1203,7160,1086,11128,8246,1.34950278923114
"5068","Los Angeles County",2001-07-01,9890,1260,7038,1011,11150,8049,1.38526525034166
"5069","Los Angeles County",2001-08-01,9912,1288,7289,975,11200,8264,1.35527589545015
"5070","Los Angeles County",2001-09-01,9995,1276,7175,937,11271,8112,1.38942307692308
"5071","Los Angeles County",2001-10-01,9813,1215,7021,995,11028,8016,1.37574850299401
"5072","Los Angeles County",2001-11-01,9686,1206,7071,926,10892,7997,1.36201075403276
"5073","Los Angeles County",2001-12-01,9512,1188,6877,911,10700,7788,1.37390857729841
"5074","Los Angeles County",2002-01-01,9597,1231,6667,930,10828,7597,1.42529946031328
"5075","Los Angeles County",2002-02-01,9755,1244,6824,982,10999,7806,1.4090443248783
"5076","Los Angeles County",2002-03-01,10010,1304,6933,974,11314,7907,1.43088402681169
"5077","Los Angeles County",2002-04-01,10157,1312,7168,998,11469,8166,1.40448199853049
"5078","Los Angeles County",2002-05-01,10168,1311,7475,1011,11479,8486,1.35269856233797
"5079","Los Angeles County",2002-06-01,10244,1293,7535,970,11537,8505,1.3564961787184
"5080","Los Angeles County",2002-07-01,10338,1259,6947,891,11597,7838,1.47958662924215
"5081","Los Angeles County",2002-08-01,10285,1285,6532,889,11570,7421,1.5590890715537
"5082","Los Angeles County",2002-09-01,10215,1273,6693,915,11488,7608,1.50998948475289
"5083","Los Angeles County",2002-10-01,10084,1294,6925,924,11378,7849,1.44961141546694
"5084","Los Angeles County",2002-11-01,10251,1358,6991,1040,11609,8031,1.44552359606525
"5085","Los Angeles County",2002-12-01,10236,1317,6472,911,11553,7383,1.56481105241772
"5086","Los Angeles County",2003-01-01,10239,1369,6915,957,11608,7872,1.47459349593496
"5087","Los Angeles County",2003-02-01,10448,1380,5869,900,11828,6769,1.74737775151426
"5088","Los Angeles County",2003-03-01,9864,1289,4776,615,11153,5391,2.06881840103877
"5089","Los Angeles County",2003-04-01,10697,1271,4912,684,11968,5596,2.13867047891351
"5090","Los Angeles County",2003-05-01,10975,1361,4389,597,12336,4986,2.47412755716005
"5091","Los Angeles County",2003-06-01,10833,1433,3966,490,12266,4456,2.75269299820467
"5092","Los Angeles County",2003-07-01,10702,1500,4137,478,12202,4615,2.64398699891658
"5093","Los Angeles County",2003-08-01,10640,1529,4019,530,12169,4549,2.67509342712684
"5094","Los Angeles County",2003-09-01,10525,1514,4185,538,12039,4723,2.54901545627779
"5095","Los Angeles County",2003-10-01,10597,1446,4506,490,12043,4996,2.41052842273819
"5096","Los Angeles County",2003-11-01,10489,1435,4378,471,11924,4849,2.45906372447927
"5097","Los Angeles County",2003-12-01,10386,1407,4243,531,11793,4774,2.47025555090071
"5098","Los Angeles County",2004-01-01,9911,1450,4315,473,11361,4788,2.37280701754386
"5099","Los Angeles County",2004-02-01,10254,1482,4501,456,11736,4957,2.3675610248134
"5100","Los Angeles County",2004-03-01,10282,1476,4658,446,11758,5104,2.30368338557994
"5101","Los Angeles County",2004-04-01,10490,1421,4540,445,11911,4985,2.38936810431294
"5102","Los Angeles County",2004-05-01,10861,1378,4184,417,12239,4601,2.66007389697892
"5103","Los Angeles County",2004-06-01,11083,1453,4181,395,12536,4576,2.73951048951049
"5104","Los Angeles County",2004-07-01,11545,1480,3729,374,13025,4103,3.17450645868876
"5105","Los Angeles County",2004-08-01,11706,1567,3592,286,13273,3878,3.42264053635895
"5106","Los Angeles County",2004-09-01,11529,1531,3773,260,13060,4033,3.23828415571535
"5107","Los Angeles County",2004-10-01,11433,1377,3685,347,12810,4032,3.17708333333333
"5108","Los Angeles County",2004-11-01,11318,1434,3761,331,12752,4092,3.11632453567937
"5109","Los Angeles County",2004-12-01,11106,1424,3477,315,12530,3792,3.30432489451477
"5110","Los Angeles County",2005-01-01,10976,1331,4108,384,12307,4492,2.73975957257346
"5111","Los Angeles County",2005-02-01,11828,1435,3895,330,13263,4225,3.13917159763314
"5112","Los Angeles County",2005-03-01,11079,1486,3920,366,12565,4286,2.93163789080728
"5113","Los Angeles County",2005-04-01,11151,1542,4020,397,12693,4417,2.87366991170478
"5114","Los Angeles County",2005-05-01,11319,1570,4037,398,12889,4435,2.90620067643743
"5115","Los Angeles County",2005-06-01,11409,1664,4165,389,13073,4554,2.87066315327185
"5116","Los Angeles County",2005-07-01,11977,1653,4420,383,13630,4803,2.83780970226942
"5117","Los Angeles County",2005-08-01,12149,1629,4400,405,13778,4805,2.86742976066597
"5118","Los Angeles County",2005-09-01,12202,1639,4645,393,13841,5038,2.7473203652243
"5119","Los Angeles County",2005-10-01,12347,1675,4549,406,14022,4955,2.82986881937437
"5120","Los Angeles County",2005-11-01,12301,1687,4474,418,13988,4892,2.85936222403925
"5121","Los Angeles County",2005-12-01,12087,1613,4082,447,13700,4529,3.02495032015898
"5122","Los Angeles County",2006-01-01,11838,1565,4217,553,13403,4770,2.80985324947589
"5123","Los Angeles County",2006-02-01,11644,1587,4052,527,13231,4579,2.88949552303997
"5124","Los Angeles County",2006-03-01,11869,1472,4109,227,13341,4336,3.07679889298893
"5125","Los Angeles County",2006-04-01,11438,1536,3924,625,12974,4549,2.8520553967905
"5126","Los Angeles County",2006-05-01,11547,1639,4271,582,13186,4853,2.71708221718525
"5127","Los Angeles County",2006-06-01,11263,1487,4027,692,12750,4719,2.70184361093452
"5128","Los Angeles County",2006-07-01,11519,1447,4573,714,12966,5287,2.45243048988084
"5129","Los Angeles County",2006-08-01,11846,1558,4513,688,13404,5201,2.57719669294366
"5130","Los Angeles County",2006-09-01,11334,1540,4062,707,12874,4769,2.69951771859929
"5131","Los Angeles County",2006-10-01,12086,1501,4089,727,13587,4816,2.82122093023256
"5132","Los Angeles County",2006-11-01,12139,1574,4256,669,13713,4925,2.7843654822335
"5133","Los Angeles County",2006-12-01,12444,1504,3661,675,13948,4336,3.21678966789668
"5134","Los Angeles County",2007-01-01,11584,1566,4282,653,13150,4935,2.66464032421479
"5135","Los Angeles County",2007-02-01,11497,1469,4579,712,12966,5291,2.45057645057645
"5136","Los Angeles County",2007-03-01,11581,1430,4547,691,13011,5238,2.48396334478809
"5137","Los Angeles County",2007-04-01,11776,1444,4546,745,13220,5291,2.4985824985825
"5138","Los Angeles County",2007-05-01,11556,1481,4671,735,13037,5406,2.41157972623011
"5139","Los Angeles County",2007-06-01,11515,1488,4977,754,13003,5731,2.26888850113418
"5140","Los Angeles County",2007-07-01,12068,1445,4508,740,13513,5248,2.57488567073171
"5141","Los Angeles County",2007-08-01,11798,1528,4694,676,13326,5370,2.48156424581006
"5142","Los Angeles County",2007-09-01,11849,1600,4895,693,13449,5588,2.40676449534717
"5143","Los Angeles County",2007-10-01,11696,1549,5464,786,13245,6250,2.1192
"5144","Los Angeles County",2007-11-01,12090,1532,5135,653,13622,5788,2.35348997926745
"5145","Los Angeles County",2007-12-01,11821,1411,5087,660,13232,5747,2.30241865321037
"5146","Los Angeles County",2008-01-01,11910,1476,5131,691,13386,5822,2.29920989350739
"5147","Los Angeles County",2008-02-01,11793,1542,5203,680,13335,5883,2.26670066292708
"5148","Los Angeles County",2008-03-01,12368,1547,4975,681,13915,5656,2.46021923620934
"5149","Los Angeles County",2008-04-01,11741,1540,5231,698,13281,5929,2.24000674650025
"5150","Los Angeles County",2008-05-01,11916,1637,4706,616,13553,5322,2.54659902292371
"5151","Los Angeles County",2008-06-01,11904,1603,5231,596,13507,5827,2.31800240260855
"5152","Los Angeles County",2008-07-01,11787,1675,5322,585,13462,5907,2.27899102759438
"5153","Los Angeles County",2008-08-01,11903,1555,5235,645,13458,5880,2.28877551020408
"5154","Los Angeles County",2008-09-01,10505,1603,4829,579,12108,5408,2.23890532544379
"5155","Los Angeles County",2008-10-01,11760,1510,5264,584,13270,5848,2.26915184678523
"5156","Los Angeles County",2008-11-01,11384,1402,5047,583,12786,5630,2.27104795737123
"5157","Los Angeles County",2008-12-01,11051,1276,5126,550,12327,5676,2.17177589852008
"5158","Los Angeles County",2009-01-01,11242,1282,5033,544,12524,5577,2.24565178411332
"5159","Los Angeles County",2009-02-01,10841,1328,5316,520,12169,5836,2.0851610692255
"5160","Los Angeles County",2009-03-01,10542,1284,6225,611,11826,6836,1.72995904037449
"5161","Los Angeles County",2009-04-01,10604,1290,6944,648,11894,7592,1.56664910432034
"5162","Los Angeles County",2009-05-01,10830,1324,6677,564,12154,7241,1.67849744510427
"5163","Los Angeles County",2009-06-01,10316,1288,6996,587,11604,7583,1.53026506659633
"5164","Los Angeles County",2009-07-01,10274,1289,6831,603,11563,7434,1.55542103847189
"5165","Los Angeles County",2009-08-01,10357,1355,6679,607,11712,7286,1.60746637386769
"5166","Los Angeles County",2009-09-01,11031,1367,5823,642,12398,6465,1.91771075019335
"5167","Los Angeles County",2009-10-01,10536,1302,5601,742,11838,6343,1.86630931735772
"5168","Los Angeles County",2009-11-01,11056,1367,5177,634,12423,5811,2.13784202374806
"5169","Los Angeles County",2009-12-01,10847,1260,5104,643,12107,5747,2.10666434661563
"5170","Los Angeles County",2010-01-01,10263,1248,4971,654,11511,5625,2.0464
"5171","Los Angeles County",2010-02-01,9685,1198,5191,672,10883,5863,1.85621695377793
"5172","Los Angeles County",2010-03-01,9341,1216,5141,694,10557,5835,1.80925449871465
"5173","Los Angeles County",2010-04-01,9984,1126,5155,768,11110,5923,1.87573864595644
"5174","Los Angeles County",2010-05-01,10215,1577,4546,409,11792,4955,2.37981836528759
"5175","Los Angeles County",2010-06-01,10130,1122,4603,831,11252,5434,2.07066617592933
"5176","Los Angeles County",2010-07-01,9871,1148,4659,805,11019,5464,2.01665446559297
"5177","Los Angeles County",2010-08-01,10137,1220,3950,794,11357,4744,2.39397133220911
"5178","Los Angeles County",2010-09-01,7816,1152,6286,687,8968,6973,1.28610354223433
"5179","Los Angeles County",2010-10-01,9454,1075,4063,613,10529,4676,2.25171086398631
"5180","Los Angeles County",2010-11-01,9834,1171,3880,552,11005,4432,2.48307761732852
"5181","Los Angeles County",2010-12-01,9685,1027,3801,606,10712,4407,2.4306784660767
"5182","Los Angeles County",2011-01-01,9698,1018,3610,540,10716,4150,2.5821686746988
"5183","Los Angeles County",2011-02-01,10003,1082,3436,567,11085,4003,2.76917312015988
"5184","Los Angeles County",2011-03-01,9228,1061,3270,541,10289,3811,2.69981632117554
"5185","Los Angeles County",2011-04-01,8883,1034,3124,536,9917,3660,2.70956284153005
"5186","Los Angeles County",2011-05-01,8788,1086,3133,507,9874,3640,2.71263736263736
"5187","Los Angeles County",2011-06-01,8933,1093,3271,558,10026,3829,2.61843823452599
"5188","Los Angeles County",2011-07-01,8863,1124,3752,531,9987,4283,2.33177679196825
"5189","Los Angeles County",2011-08-01,9446,1085,3725,608,10531,4333,2.43041772444034
"5190","Los Angeles County",2011-09-01,9518,1102,3572,934,10620,4506,2.35685752330226
"5191","Los Angeles County",2011-10-01,9289,966,4339,673,10255,5012,2.04608938547486
"5192","Los Angeles County",2011-11-01,8527,971,4599,764,9498,5363,1.77102368077569
"5193","Los Angeles County",2011-12-01,8596,947,5075,866,9543,5941,1.60629523649217
"5194","Los Angeles County",2012-01-01,8644,916,5279,956,9560,6235,1.53327987169206
"5195","Los Angeles County",2012-02-01,8557,1066,5756,956,9623,6712,1.43370083432658
"5196","Los Angeles County",2012-03-01,8596,947,5075,866,9543,5941,1.60629523649217
"5197","Los Angeles County",2012-04-01,8956,1032,5751,1238,9988,6989,1.42910287594792
"5198","Los Angeles County",2012-05-01,7855,1051,7102,1283,8906,8385,1.06213476446035
"5199","Los Angeles County",2012-06-01,8538,1110,6801,1267,9648,8068,1.19583539910759
"5200","Los Angeles County",2012-07-01,8117,1253,6067,1185,9370,7252,1.29205736348593
"5201","Los Angeles County",2012-08-01,8204,1218,6714,1348,9422,8062,1.16869263210122
"5202","Los Angeles County",2012-09-01,8942,1235,7311,1378,10177,8689,1.17125100702037
"5203","Los Angeles County",2012-10-01,8504,1152,7716,1412,9656,9128,1.0578439964943
"5204","Los Angeles County",2012-11-01,9604,1516,6591,933,11120,7524,1.47793726741095
"5205","Los Angeles County",2012-12-01,8709,1140,7014,1291,9849,8305,1.18591210114389
"5206","Los Angeles County",2013-01-01,8540,1174,7059,1258,9714,8317,1.16796921967055
"5207","Los Angeles County",2013-02-01,8600,1180,7277,1285,9780,8562,1.14225648213034
"5208","Los Angeles County",2013-03-01,8889,1203,6884,1270,10092,8154,1.23767476085357
"5209","Los Angeles County",2013-04-01,9111,1218,6706,1231,10329,7937,1.30137331485448
"5210","Los Angeles County",2013-05-01,8986,1213,6741,1235,10199,7976,1.2787111334002
"5211","Los Angeles County",2013-06-01,9185,1229,6656,1263,10414,7919,1.31506503346382
"5212","Los Angeles County",2013-07-01,8784,1259,6871,1231,10043,8102,1.23957047642557
"5213","Los Angeles County",2013-08-01,8787,1218,6961,1291,10005,8252,1.21243334949103
"5214","Los Angeles County",2013-09-01,8835,1228,7207,1304,10063,8511,1.18235225002937
"5215","Los Angeles County",2013-10-01,8832,1189,7205,1328,10021,8533,1.17438181178952
"5216","Los Angeles County",2013-11-01,8623,1165,7312,1406,9788,8718,1.12273457214958
"5217","Los Angeles County",2013-12-01,8838,1200,7082,1366,10038,8448,1.18821022727273
"5218","Los Angeles County",2014-01-01,8686,1191,7262,1340,9877,8602,1.14822134387352
"5219","Los Angeles County",2014-02-01,8687,1161,7420,1405,9848,8825,1.11592067988669
"5220","Los Angeles County",2014-03-01,8771,1167,7352,1393,9938,8745,1.13642081189251
"5221","Los Angeles County",2014-04-01,8552,1173,7525,1420,9725,8945,1.08719955282281
"5222","Los Angeles County",2014-05-01,8862,1223,7263,1365,10085,8628,1.16886879925823
"5223","Los Angeles County",2014-06-01,8651,1197,7469,1376,9848,8845,1.11339739966083
"5224","Los Angeles County",2014-07-01,8501,1201,7446,1375,9702,8821,1.09987529758531
"5225","Los Angeles County",2014-08-01,8713,1265,7249,1322,9978,8571,1.1641582079104
"5226","Los Angeles County",2014-09-01,8756,1368,7096,1269,10124,8365,1.21028093245666
"5227","Los Angeles County",2014-10-01,8431,1363,7072,1238,9794,8310,1.17858002406739
"5228","Los Angeles County",2014-11-01,8167,1170,7110,1222,9337,8332,1.12061929908785
"5229","Los Angeles County",2014-12-01,7970,1038,6014,1034,9008,7048,1.27809307604994
"5230","Los Angeles County",2015-01-01,7558,1059,6549,1158,8617,7707,1.1180744777475
"5231","Los Angeles County",2015-02-01,7888,1065,6574,1160,8953,7734,1.15761572278252
"5232","Los Angeles County",2015-03-01,8049,1021,6454,1158,9070,7612,1.19153967419863
"5233","Los Angeles County",2015-04-01,8181,1046,6293,1114,9227,7407,1.24571351424328
"5234","Los Angeles County",2015-05-01,8079,1161,6333,1045,9240,7378,1.25237191650854
"5235","Los Angeles County",2015-06-01,8295,1139,6172,1098,9434,7270,1.29766162310867
"5236","Los Angeles County",2015-07-01,8183,1125,6242,1087,9308,7329,1.27002319552463
"5237","Los Angeles County",2015-08-01,8262,1144,6124,1066,9406,7190,1.30820584144645
"5238","Los Angeles County",2015-09-01,8364,852,6021,1347,9216,7368,1.25081433224756
"5239","Los Angeles County",2015-10-01,8437,1184,6027,1019,9621,7046,1.3654555776327
"5240","Los Angeles County",2015-11-01,7360,1080,6679,1026,8440,7705,1.09539260220636
"5241","Los Angeles County",2015-12-01,8489,1147,5535,904,9636,6439,1.49650566858208
"5242","Los Angeles County",2016-01-01,8480,1167,5530,881,9647,6411,1.50475744813602
"5243","Los Angeles County",2016-02-01,8714,1144,5544,825,9858,6369,1.54780970325012
"5244","Los Angeles County",2016-03-01,8333,1138,5903,902,9471,6805,1.39177075679647
"5245","Los Angeles County",2016-04-01,8544,1196,5578,852,9740,6430,1.51477449455677
"5246","Los Angeles County",2016-05-01,8892,1268,5336,832,10160,6168,1.64721141374838
"5247","Los Angeles County",2016-06-01,8639,1253,5362,871,9892,6233,1.58703673993262
"5248","Los Angeles County",2016-07-01,8465,1192,5593,886,9657,6479,1.49050779441272
"5249","Los Angeles County",2016-08-01,8756,1184,5346,876,9940,6222,1.59755705560913
"5250","Los Angeles County",2016-09-01,8401,1165,5703,908,9566,6611,1.44698230222357
"5251","Los Angeles County",2016-10-01,8630,1203,5514,866,9833,6380,1.54122257053292
"5252","Los Angeles County",2016-11-01,8649,1206,5466,856,9855,6322,1.55884213856375
"5253","Los Angeles County",2016-12-01,8703,1204,5020,821,9907,5841,1.69611367916453
"5254","Los Angeles County",2017-01-01,8543,1199,5307,890,9742,6197,1.57205099241568
"5255","Los Angeles County",2017-02-01,8885,1301,5251,853,10186,6104,1.66874180865007
"5256","Los Angeles County",2017-03-01,8562,1241,5756,925,9803,6681,1.46729531507259
"5257","Los Angeles County",2017-04-01,8783,1254,5602,923,10037,6525,1.53823754789272
"5258","Los Angeles County",2017-05-01,8914,1317,5588,904,10231,6492,1.57593961799137
"5259","Los Angeles County",2017-06-01,8850,1324,5645,886,10174,6531,1.55780125555045
"5260","Los Angeles County",2017-07-01,9206,1386,5284,905,10592,6189,1.71142349329455
"5261","Los Angeles County",2017-08-01,8847,1367,5509,938,10214,6447,1.58430277648519
"5262","Los Angeles County",2017-09-01,9079,1466,5519,884,10545,6403,1.64688427299703
"5263","Los Angeles County",2017-10-01,9117,1395,5500,953,10512,6453,1.62900976290098
"5264","Los Angeles County",2017-11-01,8979,1392,5494,920,10371,6414,1.61693171188026
"5265","Los Angeles County",2017-12-01,8770,1350,5409,930,10120,6339,1.59646631960877
"5266","Los Angeles County",2018-01-01,8813,1348,5357,927,10161,6284,1.61696371737747
"5267","Los Angeles County",2018-02-01,8956,1288,5596,980,10244,6576,1.55778588807786
"5268","Los Angeles County",2018-03-01,8958,1272,5554,883,10230,6437,1.58924965045829
"5269","Los Angeles County",2018-04-01,8763,1296,5349,873,10059,6222,1.61668273866924
"5270","Los Angeles County",2018-05-01,8683,1236,5573,930,9919,6503,1.52529601722282
"5271","Los Angeles County",2018-06-01,8752,1277,5581,912,10029,6493,1.54458647774526
"5272","Los Angeles County",2018-07-01,9285,1328,4954,829,10613,5783,1.83520664015217
"5273","Los Angeles County",2018-08-01,9376,1360,5190,815,10736,6005,1.78784346378018
"5274","Los Angeles County",2018-09-01,9232,1367,5263,824,10599,6087,1.74125184820108
"5275","Los Angeles County",2018-10-01,9049,1299,5243,856,10348,6099,1.69667158550582
"5276","Los Angeles County",2018-11-01,9156,1337,5175,839,10493,6014,1.74476222148321
"5277","Los Angeles County",2018-12-01,9194,1239,4811,858,10433,5669,1.84035985182572
"5278","Los Angeles County",2019-01-01,8872,1225,5124,843,10097,5967,1.69214010390481
"5279","Los Angeles County",2019-02-01,9008,1225,5124,843,10233,5967,1.71493212669683
"5280","Los Angeles County",2019-03-01,8969,1284,5290,844,10253,6134,1.6715030974894
"5281","Los Angeles County",2019-04-01,9076,1322,5248,862,10398,6110,1.70180032733224
"5282","Los Angeles County",2019-05-01,9028,1230,5475,904,10258,6379,1.60808904216962
"5283","Los Angeles County",2019-06-01,9291,1379,5398,890,10670,6288,1.69688295165394
"5284","Los Angeles County",2019-07-01,9513,1422,5238,811,10935,6049,1.80773681600265
"5285","Los Angeles County",2019-08-01,9650,1418,5192,839,11068,6031,1.83518487812966
"5286","Los Angeles County",2019-09-01,9720,1455,5189,786,11175,5975,1.87029288702929
"5287","Los Angeles County",2019-10-01,9743,1396,5190,784,11139,5974,1.86457984599933
"5288","Los Angeles County",2019-11-01,9346,1350,5490,824,10696,6314,1.6940133037694
"5289","Los Angeles County",2019-12-01,9159,1351,5379,814,10510,6193,1.69707734538996
"5290","Los Angeles County",2020-01-01,9089,1350,5336,825,10439,6161,1.69436779743548
"5291","Los Angeles County",2020-02-01,9149,1350,5385,856,10499,6241,1.68226245793943
"5292","Los Angeles County",2020-03-01,8868,1207,4942,790,10075,5732,1.75767620376832
"5293","Madera County",1995-10-01,141.9,20.23,146.55,13.58,162.13,160.13,1.01248985199525
"5294","Madera County",1995-11-01,145.1,10.83,142.6,14.77,155.93,157.37,0.990849590137892
"5295","Madera County",1995-12-01,128.39,13.61,141.1,11.9,142,153,0.928104575163399
"5296","Madera County",1996-01-01,127.29,12.81,125.61,12.52,140.1,138.13,1.01426192717006
"5297","Madera County",1996-02-01,144.91,19.31,143.14,12.72,164.22,155.86,1.05363788014885
"5298","Madera County",1996-03-01,140.55,16.13,147.1,9.81,156.68,156.91,0.998534191574788
"5299","Madera County",1996-04-01,147.34,15.11,132.06,10.1,162.45,142.16,1.14272650534609
"5300","Madera County",1996-05-01,142.65,13.9,117.32,10.13,156.55,127.45,1.22832483326795
"5301","Madera County",1996-06-01,134.37,19.43,119.37,11.8,153.8,131.17,1.17252420522985
"5302","Madera County",1996-07-01,151,13.58,122.58,10.16,164.58,132.74,1.23986740997439
"5303","Madera County",1996-08-01,149.32,17.52,157.42,13.74,166.84,171.16,0.974760458050947
"5304","Madera County",1996-09-01,147.47,17.33,158.63,18.17,164.8,176.8,0.932126696832579
"5305","Madera County",1996-10-01,145.39,16.42,164.13,15.9,161.81,180.03,0.898794645336888
"5306","Madera County",1996-11-01,152.23,17.5,156.7,11.1,169.73,167.8,1.01150178784267
"5307","Madera County",1996-12-01,156.03,20.42,157.48,11.97,176.45,169.45,1.04131012097964
"5308","Madera County",1997-01-01,142.52,21.19,127.77,9.65,163.71,137.42,1.19131130839761
"5309","Madera County",1997-02-01,150.72,24.14,135.36,9.46,174.86,144.82,1.20742991299544
"5310","Madera County",1997-03-01,169.51,26.97,142.65,11.58,196.48,154.23,1.27394151591778
"5311","Madera County",1997-04-01,153,26,143.23,12.77,179,156,1.1474358974359
"5312","Madera County",1997-05-01,161.06,21.42,125.42,12.23,182.48,137.65,1.3256810751907
"5313","Madera County",1997-06-01,147.07,13.77,147.27,13.5,160.84,160.77,1.00043540461529
"5314","Madera County",1997-07-01,162.58,17.52,152.39,11.03,180.1,163.42,1.10206829029495
"5315","Madera County",1997-08-01,169.68,22.61,160,13.39,192.29,173.39,1.10900282599919
"5316","Madera County",1997-09-01,146.43,17.77,174.07,16.63,164.2,190.7,0.861038280020975
"5317","Madera County",1997-10-01,162.58,17.52,152.39,11.03,180.1,163.42,1.10206829029495
"5318","Madera County",1997-11-01,169.68,22.61,160,13.39,192.29,173.39,1.10900282599919
"5319","Madera County",1997-12-01,146.43,17.77,174.07,16.63,164.2,190.7,0.861038280020975
"5320","Madera County",1998-01-01,116.58,12.94,145.61,13.52,129.52,159.13,0.813925721108528
"5321","Madera County",1998-02-01,141.04,16.07,135.57,8.71,157.11,144.28,1.08892431383421
"5322","Madera County",1998-03-01,138.13,15.19,138.87,14.29,153.32,153.16,1.00104465917994
"5323","Madera County",1998-04-01,127.77,18.53,146.47,15,146.3,161.47,0.906050659565244
"5324","Madera County",1998-05-01,138.53,12.4,145.67,15.87,150.93,161.54,0.93431967314597
"5325","Madera County",1998-06-01,138.53,12.4,145.67,15.87,150.93,161.54,0.93431967314597
"5326","Madera County",1998-07-01,148.13,14.45,150.09,10.23,162.58,160.32,1.01409680638723
"5327","Madera County",1998-08-01,137.1,16.55,152.36,11.03,153.65,163.39,0.940388028643124
"5328","Madera County",1998-09-01,125.3,15,133.4,12.9,140.3,146.3,0.958988380041012
"5329","Madera County",1998-10-01,113.47,16.6,126.9,14.53,130.07,141.43,0.919677579014353
"5330","Madera County",1998-11-01,113.47,16.6,126.9,14.53,130.07,141.43,0.919677579014353
"5331","Madera County",1998-12-01,97.42,14.94,124.52,8.31,112.36,132.83,0.845893247007453
"5332","Madera County",1999-01-01,83.26,13.68,128.26,10.8,96.94,139.06,0.697109161513016
"5333","Madera County",1999-02-01,98.79,15.04,108.35,8.57,113.83,116.92,0.973571672938762
"5334","Madera County",1999-03-01,97.81,13.36,115.03,9.06,111.17,124.09,0.895882021113708
"5335","Madera County",1999-04-01,116.8,16.23,110.91,6.73,133.03,117.64,1.13082284937096
"5336","Madera County",1999-05-01,126.45,21.1,120.74,10.81,147.55,131.55,1.12162675788674
"5337","Madera County",1999-06-01,133.47,19.63,130.07,15.87,153.1,145.94,1.04906125805125
"5338","Madera County",1999-07-01,131.39,16.81,139.84,14,148.2,153.84,0.963338533541342
"5339","Madera County",1999-08-01,121.29,17.29,132.65,15.1,138.58,147.75,0.937935702199662
"5340","Madera County",1999-09-01,139.8,17.27,132,14.73,157.07,146.73,1.07046956995843
"5341","Madera County",1999-10-01,146.03,15,135.87,10.52,161.03,146.39,1.1000068310677
"5342","Madera County",1999-11-01,129.6,19.67,133.6,7.2,149.27,140.8,1.06015625
"5343","Madera County",1999-12-01,134.23,18.13,138.87,11.74,152.36,150.61,1.01161941438151
"5344","Madera County",2000-01-01,119.48,17.29,131.65,15.1,136.77,146.75,0.931993185689949
"5345","Madera County",2000-02-01,129.6,18.67,132.6,7.13,148.27,139.73,1.0611178701782
"5346","Madera County",2000-03-01,129.6,19.67,132.79,7.2,149.27,139.99,1.06629044931781
"5347","Madera County",2000-04-01,141.04,16.07,130.01,8.71,157.11,138.72,1.13256920415225
"5348","Madera County",2000-05-01,131.39,16.81,137.99,14,148.2,151.99,0.975064148957168
"5349","Madera County",2000-06-01,146.03,15,133.85,10.52,161.03,144.37,1.11539793585925
"5350","Madera County",2000-07-01,131.6,21.41,133.6,7.2,153.01,140.8,1.08671875
"5351","Madera County",2000-08-01,138,18.27,132,14.73,156.27,146.73,1.06501737885913
"5352","Madera County",2000-09-01,190,29,61,8,219,69,3.17391304347826
"5353","Madera County",2000-10-01,208,28,65,7,236,72,3.27777777777778
"5354","Madera County",2000-11-01,210,27,46,7,237,53,4.47169811320755
"5355","Madera County",2000-12-01,198,27,54,6,225,60,3.75
"5356","Madera County",2001-01-01,180,24,120,12,204,132,1.54545454545455
"5357","Madera County",2001-02-01,162,29,115,10,191,125,1.528
"5358","Madera County",2001-03-01,186,36,100,5,222,105,2.11428571428571
"5359","Madera County",2001-04-01,158,27,122,9,185,131,1.41221374045802
"5360","Madera County",2001-05-01,181,24,71,8,205,79,2.59493670886076
"5361","Madera County",2001-06-01,185,19,86,8,204,94,2.17021276595745
"5362","Madera County",2001-07-01,190,22,95,11,212,106,2
"5363","Madera County",2001-08-01,183,27,86,6,210,92,2.28260869565217
"5364","Madera County",2001-09-01,192,25,96,8,217,104,2.08653846153846
"5365","Madera County",2001-10-01,195,28,98,4,223,102,2.18627450980392
"5366","Madera County",2001-11-01,202,27,104,5,229,109,2.10091743119266
"5367","Madera County",2001-12-01,179,26,95,3,205,98,2.09183673469388
"5368","Madera County",2002-01-01,270,26,28,4,296,32,9.25
"5369","Madera County",2002-02-01,272,36,22,5,308,27,11.4074074074074
"5370","Madera County",2002-03-01,254,33,36,7,287,43,6.67441860465116
"5371","Madera County",2002-04-01,229,32,58,7,261,65,4.01538461538462
"5372","Madera County",2002-05-01,210,22,79,12,232,91,2.54945054945055
"5373","Madera County",2002-06-01,222,20,68,15,242,83,2.91566265060241
"5374","Madera County",2002-07-01,228,18,57,10,246,67,3.67164179104478
"5375","Madera County",2002-08-01,223,19,95,10,242,105,2.3047619047619
"5376","Madera County",2002-09-01,213,21,99,9,234,108,2.16666666666667
"5377","Madera County",2002-10-01,206,23,130,16,229,146,1.56849315068493
"5378","Madera County",2002-11-01,199,19,113,20,218,133,1.6390977443609
"5379","Madera County",2002-12-01,169,25,120,19,194,139,1.39568345323741
"5380","Madera County",2003-01-01,177,26,115,16,203,131,1.54961832061069
"5381","Madera County",2003-02-01,244,30,74,13,274,87,3.14942528735632
"5382","Madera County",2003-03-01,250,31,77,11,281,88,3.19318181818182
"5383","Madera County",2003-04-01,247,28,81,11,275,92,2.98913043478261
"5384","Madera County",2003-05-01,229,20,76,16,249,92,2.70652173913043
"5385","Madera County",2003-06-01,239,22,79,17,261,96,2.71875
"5386","Madera County",2003-07-01,217,26,70,15,243,85,2.85882352941176
"5387","Madera County",2003-08-01,215,21,75,9,236,84,2.80952380952381
"5388","Madera County",2003-09-01,180,18,94,10,198,104,1.90384615384615
"5389","Madera County",2003-10-01,191,37,102,12,228,114,2
"5390","Madera County",2003-11-01,201,41,106,15,242,121,2
"5391","Madera County",2003-12-01,193,35,109,10,228,119,1.91596638655462
"5392","Madera County",2004-01-01,188,24,100,16,212,116,1.82758620689655
"5393","Madera County",2004-02-01,170,20,101,12,190,113,1.68141592920354
"5394","Madera County",2004-03-01,176,22,107,15,198,122,1.62295081967213
"5395","Madera County",2004-04-01,195,23,109,13,218,122,1.78688524590164
"5396","Madera County",2004-05-01,175,25,138,18,200,156,1.28205128205128
"5397","Madera County",2004-06-01,183,28,143,16,211,159,1.32704402515723
"5398","Madera County",2004-07-01,185,29,145,15,214,160,1.3375
"5399","Madera County",2004-08-01,179,31,138,8,210,146,1.43835616438356
"5400","Madera County",2004-09-01,191,33,141,10,224,151,1.48344370860927
"5401","Madera County",2004-10-01,202,38,140,13,240,153,1.56862745098039
"5402","Madera County",2004-11-01,185,37,145,7,222,152,1.46052631578947
"5403","Madera County",2004-12-01,178,34,144,8,212,152,1.39473684210526
"5404","Madera County",2005-01-01,204,39,133,9,243,142,1.7112676056338
"5405","Madera County",2005-02-01,198,34,132,7,232,139,1.66906474820144
"5406","Madera County",2005-03-01,204,38,131,9,242,140,1.72857142857143
"5407","Madera County",2005-04-01,201,39,123,3,240,126,1.9047619047619
"5408","Madera County",2005-05-01,225,26,101,18,251,119,2.10924369747899
"5409","Madera County",2005-06-01,229,32,102,17,261,119,2.19327731092437
"5410","Madera County",2005-07-01,224,34,97,11,258,108,2.38888888888889
"5411","Madera County",2005-08-01,227,40,93,8,267,101,2.64356435643564
"5412","Madera County",2005-09-01,230,41,92,7,271,99,2.73737373737374
"5413","Madera County",2005-10-01,233,42,95,6,275,101,2.72277227722772
"5414","Madera County",2005-11-01,231,44,94,9,275,103,2.66990291262136
"5415","Madera County",2005-12-01,223,39,98,7,262,105,2.4952380952381
"5416","Madera County",2006-01-01,222,35,102,10,257,112,2.29464285714286
"5417","Madera County",2006-02-01,237,37,108,8,274,116,2.36206896551724
"5418","Madera County",2006-03-01,243,34,103,6,277,109,2.54128440366972
"5419","Madera County",2006-04-01,244,32,101,6,276,107,2.57943925233645
"5420","Madera County",2006-05-01,241,30,103,7,271,110,2.46363636363636
"5421","Madera County",2006-06-01,252,34,103,8,286,111,2.57657657657658
"5422","Madera County",2006-07-01,254,31,105,7,285,112,2.54464285714286
"5423","Madera County",2006-08-01,255,33,104,9,288,113,2.54867256637168
"5424","Madera County",2006-09-01,264,41,81,15,305,96,3.17708333333333
"5425","Madera County",2006-10-01,276,42,80,18,318,98,3.24489795918367
"5426","Madera County",2006-11-01,290,48,61,14,338,75,4.50666666666667
"5427","Madera County",2006-12-01,277,49,71,10,326,81,4.02469135802469
"5428","Madera County",2007-01-01,275,41,73,8,316,81,3.90123456790123
"5429","Madera County",2007-02-01,283,43,80,3,326,83,3.92771084337349
"5430","Madera County",2007-03-01,292,45,86,2,337,88,3.82954545454545
"5431","Madera County",2007-04-01,311,45,79,11,356,90,3.95555555555556
"5432","Madera County",2007-05-01,299,41,77,5,340,82,4.14634146341463
"5433","Madera County",2007-06-01,298,39,81,6,337,87,3.8735632183908
"5434","Madera County",2007-07-01,296,36,79,7,332,86,3.86046511627907
"5435","Madera County",2007-08-01,312,41,56,6,353,62,5.69354838709677
"5436","Madera County",2007-09-01,317,39,55,4,356,59,6.03389830508475
"5437","Madera County",2007-10-01,313,49,34,3,362,37,9.78378378378378
"5438","Madera County",2007-11-01,313,50,29,11,363,40,9.075
"5439","Madera County",2007-12-01,309,42,33,6,351,39,9
"5440","Madera County",2008-01-01,281,43,38,10,324,48,6.75
"5441","Madera County",2008-02-01,268,62,40,8,330,48,6.875
"5442","Madera County",2008-03-01,291,51,69,23,342,92,3.71739130434783
"5443","Madera County",2008-04-01,260,44,94,28,304,122,2.49180327868852
"5444","Madera County",2008-05-01,225,40,126,27,265,153,1.73202614379085
"5445","Madera County",2008-06-01,242,43,113,22,285,135,2.11111111111111
"5446","Madera County",2008-07-01,191,36,175,22,227,197,1.15228426395939
"5447","Madera County",2008-08-01,252,39,108,20,291,128,2.2734375
"5448","Madera County",2008-09-01,250,49,144,27,299,171,1.74853801169591
"5449","Madera County",2008-10-01,231,46,147,29,277,176,1.57386363636364
"5450","Madera County",2008-11-01,221,48,149,26,269,175,1.53714285714286
"5451","Madera County",2008-12-01,226,45,126,25,271,151,1.79470198675497
"5452","Madera County",2009-01-01,193,49,158,21,242,179,1.35195530726257
"5453","Madera County",2009-02-01,218,61,168,22,279,190,1.46842105263158
"5454","Madera County",2009-03-01,223,61,158,22,284,180,1.57777777777778
"5455","Madera County",2009-04-01,211,48,157,26,259,183,1.41530054644809
"5456","Madera County",2009-05-01,214,47,162,30,261,192,1.359375
"5457","Madera County",2009-06-01,209,55,154,30,264,184,1.43478260869565
"5458","Madera County",2009-07-01,214,54,149,31,268,180,1.48888888888889
"5459","Madera County",2009-08-01,214,48,130,32,262,162,1.61728395061728
"5460","Madera County",2009-09-01,230,45,124,23,275,147,1.87074829931973
"5461","Madera County",2009-10-01,209,45,128,30,254,158,1.60759493670886
"5462","Madera County",2009-11-01,202,31,122,25,233,147,1.58503401360544
"5463","Madera County",2009-12-01,214,31,71,15,245,86,2.84883720930233
"5464","Madera County",2010-01-01,192,30,90,7,222,97,2.28865979381443
"5465","Madera County",2010-02-01,229,32,78,15,261,93,2.80645161290323
"5466","Madera County",2010-03-01,216,36,68,11,252,79,3.18987341772152
"5467","Madera County",2010-04-01,252,33,45,19,285,64,4.453125
"5468","Madera County",2010-05-01,203,39,106,20,242,126,1.92063492063492
"5469","Madera County",2010-06-01,221,41,109,19,262,128,2.046875
"5470","Madera County",2010-07-01,259,44,87,11,303,98,3.09183673469388
"5471","Madera County",2010-08-01,247,38,103,12,285,115,2.47826086956522
"5472","Madera County",2010-09-01,239,37,80,14,276,94,2.93617021276596
"5473","Madera County",2010-10-01,214,30,122,11,244,133,1.83458646616541
"5474","Madera County",2010-11-01,212,32,122,12,244,134,1.82089552238806
"5475","Madera County",2010-12-01,208,34,113,14,242,127,1.90551181102362
"5476","Madera County",2011-01-01,219,34,118,15,253,133,1.90225563909774
"5477","Madera County",2011-02-01,233,33,134,16,266,150,1.77333333333333
"5478","Madera County",2011-03-01,240,35,119,14,275,133,2.06766917293233
"5479","Madera County",2011-04-01,220,25,106,14,245,120,2.04166666666667
"5480","Madera County",2011-05-01,226,33,98,9,259,107,2.42056074766355
"5481","Madera County",2011-06-01,249,45,112,6,294,118,2.49152542372881
"5482","Madera County",2011-07-01,270,42,108,8,312,116,2.68965517241379
"5483","Madera County",2011-08-01,261,44,106,12,305,118,2.58474576271186
"5484","Madera County",2011-09-01,257,39,107,14,296,121,2.44628099173554
"5485","Madera County",2011-10-01,262,44,119,12,306,131,2.33587786259542
"5486","Madera County",2011-11-01,244,43,131,14,287,145,1.97931034482759
"5487","Madera County",2011-12-01,229,38,61,14,267,75,3.56
"5488","Madera County",2012-01-01,246,34,106,14,280,120,2.33333333333333
"5489","Madera County",2012-02-01,254,36,130,15,290,145,2
"5490","Madera County",2012-03-01,265,42,124,15,307,139,2.20863309352518
"5491","Madera County",2012-04-01,267,41,110,13,308,123,2.50406504065041
"5492","Madera County",2012-05-01,261,35,115,17,296,132,2.24242424242424
"5493","Madera County",2012-06-01,265,37,116,15,302,131,2.30534351145038
"5494","Madera County",2012-07-01,292,39,112,20,331,132,2.50757575757576
"5495","Madera County",2012-08-01,305,42,107,15,347,122,2.84426229508197
"5496","Madera County",2012-09-01,302,39,100,9,341,109,3.12844036697248
"5497","Madera County",2012-10-01,288,41,100,11,329,111,2.96396396396396
"5498","Madera County",2012-11-01,298,48,92,13,346,105,3.2952380952381
"5499","Madera County",2012-12-01,300,43,90,14,343,104,3.29807692307692
"5500","Madera County",2013-01-01,284,43,107,17,327,124,2.63709677419355
"5501","Madera County",2013-02-01,291,42,106,22,333,128,2.6015625
"5502","Madera County",2013-03-01,315,45,92,17,360,109,3.30275229357798
"5503","Madera County",2013-04-01,303,41,88,16,344,104,3.30769230769231
"5504","Madera County",2013-05-01,294,42,70,11,336,81,4.14814814814815
"5505","Madera County",2013-06-01,277,39,75,11,316,86,3.67441860465116
"5506","Madera County",2013-07-01,295,42,72,14,337,86,3.91860465116279
"5507","Madera County",2013-08-01,311,41,78,21,352,99,3.55555555555556
"5508","Madera County",2013-09-01,300,44,84,23,344,107,3.21495327102804
"5509","Madera County",2013-10-01,334,53,57,9,387,66,5.86363636363636
"5510","Madera County",2013-11-01,344,57,48,8,401,56,7.16071428571429
"5511","Madera County",2013-12-01,345,54,46,5,399,51,7.82352941176471
"5512","Madera County",2014-01-01,335,53,47,6,388,53,7.32075471698113
"5513","Madera County",2014-02-01,328,53,63,8,381,71,5.36619718309859
"5514","Madera County",2014-03-01,342,57,57,5,399,62,6.43548387096774
"5515","Madera County",2014-04-01,347,58,58,7,405,65,6.23076923076923
"5516","Madera County",2014-05-01,342,57,57,5,399,62,6.43548387096774
"5517","Madera County",2014-06-01,346,56,60,9,402,69,5.82608695652174
"5518","Madera County",2014-07-01,341,53,63,7,394,70,5.62857142857143
"5519","Madera County",2014-08-01,350,57,61,6,407,67,6.07462686567164
"5520","Madera County",2014-09-01,347,56,54,6,403,60,6.71666666666667
"5521","Madera County",2014-10-01,346,52,48,6,398,54,7.37037037037037
"5522","Madera County",2014-11-01,342,48,53,7,390,60,6.5
"5523","Madera County",2014-12-01,315,40,51,5,355,56,6.33928571428571
"5524","Madera County",2015-01-01,325,37,44,9,362,53,6.83018867924528
"5525","Madera County",2015-02-01,326,44,48,7,370,55,6.72727272727273
"5526","Madera County",2015-03-01,318,36,52,7,354,59,6
"5527","Madera County",2015-04-01,317,37,57,5,354,62,5.70967741935484
"5528","Madera County",2015-05-01,289,35,47,6,324,53,6.11320754716981
"5529","Madera County",2015-06-01,292,40,53,9,332,62,5.35483870967742
"5530","Madera County",2015-07-01,289,41,60,13,330,73,4.52054794520548
"5531","Madera County",2015-08-01,269,37,75,10,306,85,3.6
"5532","Madera County",2015-09-01,276,39,70,12,315,82,3.84146341463415
"5533","Madera County",2015-10-01,261,39,68,10,300,78,3.84615384615385
"5534","Madera County",2015-11-01,254,41,64,11,295,75,3.93333333333333
"5535","Madera County",2015-12-01,248,35,70,12,283,82,3.45121951219512
"5536","Madera County",2016-01-01,253,36,71,11,289,82,3.52439024390244
"5537","Madera County",2016-02-01,247,37,77,9,284,86,3.30232558139535
"5538","Madera County",2016-03-01,256,39,75,12,295,87,3.39080459770115
"5539","Madera County",2016-04-01,249,42,72,8,291,80,3.6375
"5540","Madera County",2016-05-01,271,42,78,5,313,83,3.7710843373494
"5541","Madera County",2016-06-01,309,43,94,3,352,97,3.62886597938144
"5542","Madera County",2016-07-01,303,44,65,9,347,74,4.68918918918919
"5543","Madera County",2016-08-01,288,39,77,12,327,89,3.67415730337079
"5544","Madera County",2016-09-01,290,41,96,11,331,107,3.09345794392523
"5545","Madera County",2016-10-01,291,41,95,9,332,104,3.19230769230769
"5546","Madera County",2016-11-01,254,41,117,10,295,127,2.32283464566929
"5547","Madera County",2016-12-01,253,36,101,12,289,113,2.55752212389381
"5548","Madera County",2017-01-01,277,35,94,12,312,106,2.94339622641509
"5549","Madera County",2017-02-01,296,40,106,11,336,117,2.87179487179487
"5550","Madera County",2017-03-01,306,38,105,14,344,119,2.89075630252101
"5551","Madera County",2017-04-01,310,47,99,11,357,110,3.24545454545455
"5552","Madera County",2017-05-01,318,50,90,11,368,101,3.64356435643564
"5553","Madera County",2017-06-01,261,39,64,2,300,66,4.54545454545455
"5554","Madera County",2017-07-01,280,37,74,8,317,82,3.86585365853659
"5555","Madera County",2017-08-01,288,42,82,10,330,92,3.58695652173913
"5556","Madera County",2017-09-01,294,46,81,11,340,92,3.69565217391304
"5557","Madera County",2017-10-01,319,46,68,9,365,77,4.74025974025974
"5558","Madera County",2017-11-01,335,53,78,7,388,85,4.56470588235294
"5559","Madera County",2017-12-01,311,54,57,9,365,66,5.53030303030303
"5560","Madera County",2018-01-01,311,48,64,10,359,74,4.85135135135135
"5561","Madera County",2018-02-01,334,40,75,12,374,87,4.29885057471264
"5562","Madera County",2018-03-01,336,39,76,12,375,88,4.26136363636364
"5563","Madera County",2018-04-01,304,38,68,13,342,81,4.22222222222222
"5564","Madera County",2018-05-01,307,38,68,13,345,81,4.25925925925926
"5565","Madera County",2018-06-01,315,48,66,9,363,75,4.84
"5566","Madera County",2018-07-01,332,41,74,14,373,88,4.23863636363636
"5567","Madera County",2018-08-01,331,50,69,9,381,78,4.88461538461539
"5568","Madera County",2018-09-01,330,41,73,14,371,87,4.26436781609195
"5569","Madera County",2018-10-01,322,35,71,13,357,84,4.25
"5570","Madera County",2018-11-01,315,48,66,9,363,75,4.84
"5571","Madera County",2018-12-01,318,49,66,9,367,75,4.89333333333333
"5572","Madera County",2019-01-01,321,50,63,7,371,70,5.3
"5573","Madera County",2019-02-01,323,48,76,9,371,85,4.36470588235294
"5574","Madera County",2019-03-01,341,49,71,12,390,83,4.69879518072289
"5575","Madera County",2019-04-01,334,46,79,14,380,93,4.08602150537634
"5576","Madera County",2019-05-01,325,51,81,14,376,95,3.95789473684211
"5577","Madera County",2019-06-01,308,59,92,15,367,107,3.42990654205607
"5578","Madera County",2019-07-01,302,57,99,13,359,112,3.20535714285714
"5579","Madera County",2019-08-01,293,54,109,14,347,123,2.82113821138211
"5580","Madera County",2019-09-01,289,54,121,16,343,137,2.5036496350365
"5581","Madera County",2019-10-01,291,50,113,15,341,128,2.6640625
"5582","Madera County",2019-11-01,287,51,112,15,338,127,2.66141732283465
"5583","Madera County",2019-12-01,283,53,109,15,336,124,2.70967741935484
"5584","Madera County",2020-01-01,293,53,94,12,346,106,3.26415094339623
"5585","Madera County",2020-02-01,288,59,107,12,347,119,2.91596638655462
"5586","Madera County",2020-03-01,243,50,94,9,293,103,2.84466019417476
"5587","Marin County",1995-10-01,164,27,78,13,191,91,2.0989010989011
"5588","Marin County",1995-11-01,164,23,67,21,187,88,2.125
"5589","Marin County",1995-12-01,164,20,57,20,184,77,2.38961038961039
"5590","Marin County",1996-01-01,176,20,48,9,196,57,3.43859649122807
"5591","Marin County",1996-02-01,182,25,42,5,207,47,4.40425531914894
"5592","Marin County",1996-03-01,176,26,53,5,202,58,3.48275862068966
"5593","Marin County",1996-04-01,185,28,52,10,213,62,3.43548387096774
"5594","Marin County",1996-05-01,203,31,54,16,234,70,3.34285714285714
"5595","Marin County",1996-06-01,186,33,56,13,219,69,3.17391304347826
"5596","Marin County",1996-07-01,197,30,54,10,227,64,3.546875
"5597","Marin County",1996-08-01,196,30,53,15,226,68,3.32352941176471
"5598","Marin County",1996-09-01,210,29,49,12,239,61,3.91803278688525
"5599","Marin County",1996-10-01,191,30,54,14,221,68,3.25
"5600","Marin County",1996-11-01,187,35,50,15,222,65,3.41538461538462
"5601","Marin County",1996-12-01,177,34,58,12,211,70,3.01428571428571
"5602","Marin County",1997-01-01,185,34,49,13,219,62,3.53225806451613
"5603","Marin County",1997-02-01,195,28,56,11,223,67,3.32835820895522
"5604","Marin County",1997-03-01,204,29,61,14,233,75,3.10666666666667
"5605","Marin County",1997-04-01,208,31,55,9,239,64,3.734375
"5606","Marin County",1997-05-01,208,30,48,11,238,59,4.03389830508475
"5607","Marin County",1997-06-01,194,26,53,9,220,62,3.54838709677419
"5608","Marin County",1997-07-01,197,28,64,8,225,72,3.125
"5609","Marin County",1997-08-01,197,28,58,9,225,67,3.35820895522388
"5610","Marin County",1997-09-01,213,24,48,10,237,58,4.08620689655172
"5611","Marin County",1997-10-01,198,30,48,12,228,60,3.8
"5612","Marin County",1997-11-01,182,26,59,11,208,70,2.97142857142857
"5613","Marin County",1997-12-01,181,21,49,12,202,61,3.31147540983607
"5614","Marin County",1998-01-01,195,18,47,10,213,57,3.73684210526316
"5615","Marin County",1998-02-01,204,25,49,9,229,58,3.94827586206897
"5616","Marin County",1998-03-01,197,30,51,8,227,59,3.84745762711864
"5617","Marin County",1998-04-01,179,31,60,6,210,66,3.18181818181818
"5618","Marin County",1998-05-01,182,30,49,5,212,54,3.92592592592593
"5619","Marin County",1998-06-01,179,30,50,9,209,59,3.54237288135593
"5620","Marin County",1998-07-01,175,29,46,6,204,52,3.92307692307692
"5621","Marin County",1998-08-01,171,25,41,7,196,48,4.08333333333333
"5622","Marin County",1998-09-01,181,27,41,7,208,48,4.33333333333333
"5623","Marin County",1998-10-01,166,24,41,9,190,50,3.8
"5624","Marin County",1998-11-01,162,24,39,9,186,48,3.875
"5625","Marin County",1998-12-01,183,31,37,8,214,45,4.75555555555556
"5626","Marin County",1999-01-01,188,32,46,10,220,56,3.92857142857143
"5627","Marin County",1999-02-01,183,28,47,19,211,66,3.1969696969697
"5628","Marin County",1999-03-01,183,31,50,13,214,63,3.3968253968254
"5629","Marin County",1999-04-01,181,35,52,13,216,65,3.32307692307692
"5630","Marin County",1999-05-01,183,40,54,13,223,67,3.32835820895522
"5631","Marin County",1999-06-01,184,47,43,9,231,52,4.44230769230769
"5632","Marin County",1999-07-01,195,53,37,5,248,42,5.90476190476191
"5633","Marin County",1999-08-01,198,47,34,5,245,39,6.28205128205128
"5634","Marin County",1999-09-01,203,44,38,5,247,43,5.74418604651163
"5635","Marin County",1999-10-01,214,43,35,7,257,42,6.11904761904762
"5636","Marin County",1999-11-01,213,43,36,4,256,40,6.4
"5637","Marin County",1999-12-01,213,47,40,7,260,47,5.53191489361702
"5638","Marin County",2000-01-01,209,48,36,7,257,43,5.97674418604651
"5639","Marin County",2000-02-01,212,44,33,9,256,42,6.09523809523809
"5640","Marin County",2000-03-01,206,41,31,10,247,41,6.02439024390244
"5641","Marin County",2000-04-01,197,42,32,9,239,41,5.82926829268293
"5642","Marin County",2000-05-01,192,36,27,13,228,40,5.7
"5643","Marin County",2000-06-01,196,30,25,12,226,37,6.10810810810811
"5644","Marin County",2000-07-01,194,32,28,13,226,41,5.51219512195122
"5645","Marin County",2000-08-01,194,32,34,13,226,47,4.80851063829787
"5646","Marin County",2000-09-01,205,39,38,10,244,48,5.08333333333333
"5647","Marin County",2000-10-01,223,41,37,8,264,45,5.86666666666667
"5648","Marin County",2000-11-01,215,46,40,8,261,48,5.4375
"5649","Marin County",2000-12-01,214,43,34,10,257,44,5.84090909090909
"5650","Marin County",2001-01-01,210,38,30,9,248,39,6.35897435897436
"5651","Marin County",2001-02-01,201,42,29,10,243,39,6.23076923076923
"5652","Marin County",2001-03-01,210,40,34,11,250,45,5.55555555555556
"5653","Marin County",2001-04-01,206,36,31,9,242,40,6.05
"5654","Marin County",2001-05-01,207,33,38,8,240,46,5.21739130434783
"5655","Marin County",2001-06-01,206,26,38,8,232,46,5.04347826086957
"5656","Marin County",2001-07-01,210,23,34,9,233,43,5.41860465116279
"5657","Marin County",2001-08-01,207,24,33,9,231,42,5.5
"5658","Marin County",2001-09-01,211,26,36,9,237,45,5.26666666666667
"5659","Marin County",2001-10-01,223,31,36,9,254,45,5.64444444444444
"5660","Marin County",2001-11-01,225,36,36,7,261,43,6.06976744186047
"5661","Marin County",2001-12-01,225,30,35,6,255,41,6.21951219512195
"5662","Marin County",2002-01-01,221,35,37,9,256,46,5.56521739130435
"5663","Marin County",2002-02-01,217,41,35,7,258,42,6.14285714285714
"5664","Marin County",2002-03-01,218,39,30,9,257,39,6.58974358974359
"5665","Marin County",2002-04-01,225,38,32,7,263,39,6.74358974358974
"5666","Marin County",2002-05-01,230,30,34,6,260,40,6.5
"5667","Marin County",2002-06-01,208,31,32,8,239,40,5.975
"5668","Marin County",2002-07-01,200,34,31,6,234,37,6.32432432432432
"5669","Marin County",2002-08-01,190,33,30,7,223,37,6.02702702702703
"5670","Marin County",2002-09-01,209,33,23,8,242,31,7.80645161290323
"5671","Marin County",2002-10-01,211,33,20,9,244,29,8.41379310344828
"5672","Marin County",2002-11-01,220,36,26,6,256,32,8
"5673","Marin County",2002-12-01,206,31,28,7,237,35,6.77142857142857
"5674","Marin County",2003-01-01,209,31,30,6,240,36,6.66666666666667
"5675","Marin County",2003-02-01,212,33,31,8,245,39,6.28205128205128
"5676","Marin County",2003-03-01,209,36,30,9,245,39,6.28205128205128
"5677","Marin County",2003-04-01,215,36,28,7,251,35,7.17142857142857
"5678","Marin County",2003-05-01,214,39,23,11,253,34,7.44117647058824
"5679","Marin County",2003-06-01,214,38,26,7,252,33,7.63636363636364
"5680","Marin County",2003-07-01,213,34,32,6,247,38,6.5
"5681","Marin County",2003-08-01,225,40,26,4,265,30,8.83333333333333
"5682","Marin County",2003-09-01,219,37,27,8,256,35,7.31428571428571
"5683","Marin County",2003-10-01,210,43,28,8,253,36,7.02777777777778
"5684","Marin County",2003-11-01,208,36,33,7,244,40,6.1
"5685","Marin County",2003-12-01,207,30,27,9,237,36,6.58333333333333
"5686","Marin County",2004-01-01,209,25,30,6,234,36,6.5
"5687","Marin County",2004-02-01,204,26,37,4,230,41,5.60975609756098
"5688","Marin County",2004-03-01,201,27,41,6,228,47,4.85106382978723
"5689","Marin County",2004-04-01,201,29,38,5,230,43,5.34883720930233
"5690","Marin County",2004-05-01,213,30,34,6,243,40,6.075
"5691","Marin County",2004-06-01,217,33,30,5,250,35,7.14285714285714
"5692","Marin County",2004-07-01,236,33,29,6,269,35,7.68571428571429
"5693","Marin County",2004-08-01,230,28,34,5,258,39,6.61538461538461
"5694","Marin County",2004-09-01,245,38,37,5,283,42,6.73809523809524
"5695","Marin County",2004-10-01,224,33,39,7,257,46,5.58695652173913
"5696","Marin County",2004-11-01,218,29,36,8,247,44,5.61363636363636
"5697","Marin County",2004-12-01,202,34,29,4,236,33,7.15151515151515
"5698","Marin County",2005-01-01,212,29,30,5,241,35,6.88571428571429
"5699","Marin County",2005-02-01,230,36,30,5,266,35,7.6
"5700","Marin County",2005-03-01,237,37,33,4,274,37,7.40540540540541
"5701","Marin County",2005-04-01,243,34,35,4,277,39,7.1025641025641
"5702","Marin County",2005-05-01,253,32,33,5,285,38,7.5
"5703","Marin County",2005-06-01,253,33,23,4,286,27,10.5925925925926
"5704","Marin County",2005-07-01,257,35,19,5,292,24,12.1666666666667
"5705","Marin County",2005-08-01,265,31,23,5,296,28,10.5714285714286
"5706","Marin County",2005-09-01,248,32,22,4,280,26,10.7692307692308
"5707","Marin County",2005-10-01,252,35,23,4,287,27,10.6296296296296
"5708","Marin County",2005-11-01,246,38,30,3,284,33,8.60606060606061
"5709","Marin County",2005-12-01,260,40,16,4,300,20,15
"5710","Marin County",2006-01-01,242,33,30,5,275,35,7.85714285714286
"5711","Marin County",2006-02-01,210,26,78,14,236,92,2.56521739130435
"5712","Marin County",2006-03-01,226,23,66,11,249,77,3.23376623376623
"5713","Marin County",2006-04-01,234,31,57,7,265,64,4.140625
"5714","Marin County",2006-05-01,232,33,55,8,265,63,4.20634920634921
"5715","Marin County",2006-06-01,227,36,47,9,263,56,4.69642857142857
"5716","Marin County",2006-07-01,211,33,44,8,244,52,4.69230769230769
"5717","Marin County",2006-08-01,228,36,37,7,264,44,6
"5718","Marin County",2006-09-01,230,36,40,11,266,51,5.2156862745098
"5719","Marin County",2006-10-01,239,38,39,10,277,49,5.6530612244898
"5720","Marin County",2006-11-01,225,35,47,10,260,57,4.56140350877193
"5721","Marin County",2006-12-01,224,32,49,9,256,58,4.41379310344828
"5722","Marin County",2007-01-01,237,29,49,9,266,58,4.58620689655172
"5723","Marin County",2007-02-01,222,25,62,10,247,72,3.43055555555556
"5724","Marin County",2007-03-01,213,30,62,10,243,72,3.375
"5725","Marin County",2007-04-01,234,33,47,11,267,58,4.60344827586207
"5726","Marin County",2007-05-01,238,32,39,11,270,50,5.4
"5727","Marin County",2007-06-01,230,33,38,13,263,51,5.15686274509804
"5728","Marin County",2007-07-01,231,35,37,4,266,41,6.48780487804878
"5729","Marin County",2007-08-01,226,32,47,5,258,52,4.96153846153846
"5730","Marin County",2007-09-01,230,25,44,8,255,52,4.90384615384615
"5731","Marin County",2007-10-01,212,26,43,8,238,51,4.66666666666667
"5732","Marin County",2007-11-01,220,28,38,4,248,42,5.90476190476191
"5733","Marin County",2007-12-01,224,27,41,5,251,46,5.45652173913043
"5734","Marin County",2008-01-01,231,31,38,8,262,46,5.69565217391304
"5735","Marin County",2008-02-01,230,36,36,8,266,44,6.04545454545455
"5736","Marin County",2008-03-01,238,35,41,12,273,53,5.15094339622642
"5737","Marin County",2008-04-01,241,30,48,15,271,63,4.3015873015873
"5738","Marin County",2008-05-01,226,34,48,15,260,63,4.12698412698413
"5739","Marin County",2008-06-01,221,35,56,20,256,76,3.36842105263158
"5740","Marin County",2008-07-01,225,33,57,16,258,73,3.53424657534247
"5741","Marin County",2008-08-01,224,29,49,11,253,60,4.21666666666667
"5742","Marin County",2008-09-01,212,28,50,7,240,57,4.21052631578947
"5743","Marin County",2008-10-01,209,20,45,12,229,57,4.01754385964912
"5744","Marin County",2008-11-01,210,21,46,17,231,63,3.66666666666667
"5745","Marin County",2008-12-01,183,15,48,13,198,61,3.24590163934426
"5746","Marin County",2009-01-01,192,18,42,9,210,51,4.11764705882353
"5747","Marin County",2009-02-01,206,23,45,11,229,56,4.08928571428571
"5748","Marin County",2009-03-01,232,22,48,14,254,62,4.09677419354839
"5749","Marin County",2009-04-01,240,22,44,11,262,55,4.76363636363636
"5750","Marin County",2009-05-01,235,24,44,8,259,52,4.98076923076923
"5751","Marin County",2009-06-01,223,29,61,8,252,69,3.65217391304348
"5752","Marin County",2009-07-01,222,27,63,8,249,71,3.50704225352113
"5753","Marin County",2009-08-01,232,26,53,9,258,62,4.16129032258065
"5754","Marin County",2009-09-01,238,24,51,14,262,65,4.03076923076923
"5755","Marin County",2009-10-01,221,21,54,15,242,69,3.50724637681159
"5756","Marin County",2009-11-01,209,21,53,11,230,64,3.59375
"5757","Marin County",2009-12-01,188,21,51,7,209,58,3.60344827586207
"5758","Marin County",2010-01-01,202,20,47,9,222,56,3.96428571428571
"5759","Marin County",2010-02-01,201,20,35,6,221,41,5.39024390243902
"5760","Marin County",2010-03-01,197,20,37,8,217,45,4.82222222222222
"5761","Marin County",2010-04-01,199,22,45,8,221,53,4.16981132075472
"5762","Marin County",2010-05-01,197,23,35,12,220,47,4.68085106382979
"5763","Marin County",2010-06-01,217,23,44,13,240,57,4.21052631578947
"5764","Marin County",2010-07-01,208,23,47,12,231,59,3.91525423728814
"5765","Marin County",2010-08-01,206,26,54,14,232,68,3.41176470588235
"5766","Marin County",2010-09-01,217,23,52,16,240,68,3.52941176470588
"5767","Marin County",2010-10-01,214,20,54,13,234,67,3.49253731343284
"5768","Marin County",2010-11-01,211,20,51,10,231,61,3.78688524590164
"5769","Marin County",2010-12-01,213,20,43,12,233,55,4.23636363636364
"5770","Marin County",2011-01-01,211,23,36,11,234,47,4.97872340425532
"5771","Marin County",2011-02-01,198,22,44,11,220,55,4
"5772","Marin County",2011-03-01,212,20,49,12,232,61,3.80327868852459
"5773","Marin County",2011-04-01,231,20,47,13,251,60,4.18333333333333
"5774","Marin County",2011-05-01,224,24,49,13,248,62,4
"5775","Marin County",2011-06-01,211,17,54,13,228,67,3.40298507462687
"5776","Marin County",2011-07-01,224,20,48,5,244,53,4.60377358490566
"5777","Marin County",2011-08-01,226,19,39,9,245,48,5.10416666666667
"5778","Marin County",2011-09-01,220,23,39,10,243,49,4.95918367346939
"5779","Marin County",2011-10-01,219,22,38,17,241,55,4.38181818181818
"5780","Marin County",2011-11-01,194,28,55,14,222,69,3.21739130434783
"5781","Marin County",2011-12-01,182,25,60,14,207,74,2.7972972972973
"5782","Marin County",2012-01-01,187,27,48,15,214,63,3.3968253968254
"5783","Marin County",2012-02-01,189,23,49,12,212,61,3.47540983606557
"5784","Marin County",2012-03-01,186,26,55,12,212,67,3.16417910447761
"5785","Marin County",2012-04-01,202,23,55,10,225,65,3.46153846153846
"5786","Marin County",2012-05-01,206,25,61,8,231,69,3.34782608695652
"5787","Marin County",2012-06-01,214,23,61,13,237,74,3.2027027027027
"5788","Marin County",2012-07-01,228,20,54,15,248,69,3.59420289855072
"5789","Marin County",2012-08-01,216,25,62,15,241,77,3.12987012987013
"5790","Marin County",2012-09-01,207,20,60,16,227,76,2.98684210526316
"5791","Marin County",2012-10-01,202,20,58,11,222,69,3.21739130434783
"5792","Marin County",2012-11-01,187,26,55,11,213,66,3.22727272727273
"5793","Marin County",2012-12-01,168,20,50,15,188,65,2.89230769230769
"5794","Marin County",2013-01-01,176,25,54,17,201,71,2.83098591549296
"5795","Marin County",2013-02-01,190,31,57,18,221,75,2.94666666666667
"5796","Marin County",2013-03-01,186,29,53,16,215,69,3.11594202898551
"5797","Marin County",2013-04-01,202,31,49,12,233,61,3.81967213114754
"5798","Marin County",2013-05-01,201,30,56,11,231,67,3.44776119402985
"5799","Marin County",2013-06-01,187,28,56,12,215,68,3.16176470588235
"5800","Marin County",2013-07-01,195,25,58,10,220,68,3.23529411764706
"5801","Marin County",2013-08-01,201,29,57,12,230,69,3.33333333333333
"5802","Marin County",2013-09-01,195,27,44,10,222,54,4.11111111111111
"5803","Marin County",2013-10-01,194,23,37,9,217,46,4.71739130434783
"5804","Marin County",2013-11-01,192,23,45,13,215,58,3.70689655172414
"5805","Marin County",2013-12-01,197,28,53,14,225,67,3.35820895522388
"5806","Marin County",2014-01-01,197,30,54,13,227,67,3.38805970149254
"5807","Marin County",2014-02-01,195,29,66,13,224,79,2.83544303797468
"5808","Marin County",2014-03-01,189,25,71,14,214,85,2.51764705882353
"5809","Marin County",2014-04-01,174,29,74,13,203,87,2.33333333333333
"5810","Marin County",2014-05-01,178,25,72,12,203,84,2.41666666666667
"5811","Marin County",2014-06-01,180,24,74,10,204,84,2.42857142857143
"5812","Marin County",2014-07-01,172,24,68,10,196,78,2.51282051282051
"5813","Marin County",2014-08-01,169,32,64,12,201,76,2.64473684210526
"5814","Marin County",2014-09-01,171,26,81,13,197,94,2.09574468085106
"5815","Marin County",2014-10-01,163,28,80,12,191,92,2.07608695652174
"5816","Marin County",2014-11-01,163,25,72,12,188,84,2.23809523809524
"5817","Marin County",2014-12-01,155,19,61,14,174,75,2.32
"5818","Marin County",2015-01-01,159,22,58,15,181,73,2.47945205479452
"5819","Marin County",2015-02-01,164,25,66,15,189,81,2.33333333333333
"5820","Marin County",2015-03-01,159,25,69,14,184,83,2.21686746987952
"5821","Marin County",2015-04-01,148,21,57,11,169,68,2.48529411764706
"5822","Marin County",2015-05-01,158,29,56,9,187,65,2.87692307692308
"5823","Marin County",2015-06-01,169,30,58,10,199,68,2.92647058823529
"5824","Marin County",2015-07-01,165,28,66,10,193,76,2.53947368421053
"5825","Marin County",2015-08-01,147,28,75,8,175,83,2.10843373493976
"5826","Marin County",2015-09-01,160,26,82,10,186,92,2.02173913043478
"5827","Marin County",2015-10-01,170,31,75,11,201,86,2.33720930232558
"5828","Marin County",2015-11-01,174,33,59,11,207,70,2.95714285714286
"5829","Marin County",2015-12-01,179,31,56,14,210,70,3
"5830","Marin County",2016-01-01,202,33,46,22,235,68,3.45588235294118
"5831","Marin County",2016-02-01,204,33,54,15,237,69,3.43478260869565
"5832","Marin County",2016-03-01,201,38,53,13,239,66,3.62121212121212
"5833","Marin County",2016-04-01,199,36,64,14,235,78,3.01282051282051
"5834","Marin County",2016-05-01,210,34,61,20,244,81,3.01234567901235
"5835","Marin County",2016-06-01,211,33,53,16,244,69,3.53623188405797
"5836","Marin County",2016-07-01,210,24,40,17,234,57,4.10526315789474
"5837","Marin County",2016-08-01,229,26,51,18,255,69,3.69565217391304
"5838","Marin County",2016-09-01,222,30,62,16,252,78,3.23076923076923
"5839","Marin County",2016-10-01,220,39,65,11,259,76,3.40789473684211
"5840","Marin County",2016-11-01,209,38,73,17,247,90,2.74444444444444
"5841","Marin County",2016-12-01,220,30,63,17,250,80,3.125
"5842","Marin County",2017-01-01,219,36,62,49,255,111,2.2972972972973
"5843","Marin County",2017-02-01,208,34,76,18,242,94,2.57446808510638
"5844","Marin County",2017-03-01,193,35,79,16,228,95,2.4
"5845","Marin County",2017-04-01,196,33,68,21,229,89,2.57303370786517
"5846","Marin County",2017-05-01,195,34,64,18,229,82,2.79268292682927
"5847","Marin County",2017-06-01,189,36,66,21,225,87,2.58620689655172
"5848","Marin County",2017-07-01,183,34,67,21,217,88,2.46590909090909
"5849","Marin County",2017-08-01,197,35,58,16,232,74,3.13513513513514
"5850","Marin County",2017-09-01,212,35,60,17,247,77,3.20779220779221
"5851","Marin County",2017-10-01,219,37,56,18,256,74,3.45945945945946
"5852","Marin County",2017-11-01,220,43,54,15,263,69,3.81159420289855
"5853","Marin County",2017-12-01,223,43,49,13,266,62,4.29032258064516
"5854","Marin County",2018-01-01,235,48,51,9,283,60,4.71666666666667
"5855","Marin County",2018-02-01,201,47,57,12,248,69,3.59420289855072
"5856","Marin County",2018-03-01,195,42,58,16,237,74,3.2027027027027
"5857","Marin County",2018-04-01,199,37,70,14,236,84,2.80952380952381
"5858","Marin County",2018-05-01,201,37,66,13,238,79,3.0126582278481
"5859","Marin County",2018-06-01,205,37,68,15,242,83,2.91566265060241
"5860","Marin County",2018-07-01,206,34,67,14,240,81,2.96296296296296
"5861","Marin County",2018-08-01,199,32,78,12,231,90,2.56666666666667
"5862","Marin County",2018-09-01,190,30,84,16,220,100,2.2
"5863","Marin County",2018-10-01,186,30,85,17,216,102,2.11764705882353
"5864","Marin County",2018-11-01,186,32,73,15,218,88,2.47727272727273
"5865","Marin County",2018-12-01,195,29,81,19,224,100,2.24
"5866","Marin County",2019-01-01,220,28,76,19,248,95,2.61052631578947
"5867","Marin County",2019-02-01,191,26,71,14,217,85,2.55294117647059
"5868","Marin County",2019-03-01,184,23,61,12,207,73,2.83561643835616
"5869","Marin County",2019-04-01,177,23,54,8,200,62,3.2258064516129
"5870","Marin County",2019-05-01,172,22,59,12,194,71,2.73239436619718
"5871","Marin County",2019-06-01,168,24,73,8,192,81,2.37037037037037
"5872","Marin County",2019-07-01,182,25,61,9,207,70,2.95714285714286
"5873","Marin County",2019-08-01,188,22,56,15,210,71,2.95774647887324
"5874","Marin County",2019-09-01,182,28,59,15,210,74,2.83783783783784
"5875","Marin County",2019-10-01,172,24,66,15,196,81,2.41975308641975
"5876","Marin County",2019-11-01,169,25,60,18,194,78,2.48717948717949
"5877","Marin County",2019-12-01,171,29,48,17,200,65,3.07692307692308
"5878","Marin County",2020-01-01,179,30,51,13,209,64,3.265625
"5879","Marin County",2020-02-01,171,29,58,14,200,72,2.77777777777778
"5880","Marin County",2020-03-01,159,24,54,14,183,68,2.69117647058824
"5881","Mariposa County",1995-10-01,22.5,2.8,18.3,2.9,25.3,21.2,1.19339622641509
"5882","Mariposa County",1995-11-01,20.3,2.7,16.2,2.8,23,19,1.21052631578947
"5883","Mariposa County",1995-12-01,21.3,0.4,11.9,3.9,21.7,15.8,1.37341772151899
"5884","Mariposa County",1996-01-01,19.6,0.6,18.2,2.8,20.2,21,0.961904761904762
"5885","Mariposa County",1996-02-01,24.5,3.2,12.7,1.5,27.7,14.2,1.95070422535211
"5886","Mariposa County",1996-03-01,23.2,3.5,16.5,1.3,26.7,17.8,1.5
"5887","Mariposa County",1996-04-01,21.8,2.8,17.2,1,24.6,18.2,1.35164835164835
"5888","Mariposa County",1996-05-01,13.8,2.8,19.5,1.2,16.6,20.7,0.801932367149759
"5889","Mariposa County",1996-06-01,14.1,2.4,16.4,2.6,16.5,19,0.868421052631579
"5890","Mariposa County",1996-07-01,17.9,0.5,18,5.2,18.4,23.2,0.793103448275862
"5891","Mariposa County",1996-08-01,12.6,1.3,21,3.9,13.9,24.9,0.558232931726908
"5892","Mariposa County",1996-09-01,15,2.9,25.3,1.8,17.9,27.1,0.660516605166052
"5893","Mariposa County",1996-10-01,17.2,3.4,25.3,1.6,20.6,26.9,0.765799256505576
"5894","Mariposa County",1996-11-01,15.8,2,22.4,1.8,17.8,24.2,0.735537190082645
"5895","Mariposa County",1996-12-01,16.1,1.3,19,2.3,17.4,21.3,0.816901408450704
"5896","Mariposa County",1997-01-01,19.5,4.7,17.3,1.7,24.2,19,1.27368421052632
"5897","Mariposa County",1997-02-01,17.3,2.5,16.7,4.3,19.8,21,0.942857142857143
"5898","Mariposa County",1997-03-01,21.1,2,13.9,3.4,23.1,17.3,1.33526011560694
"5899","Mariposa County",1997-04-01,14,0.4,17,1.9,14.4,18.9,0.761904761904762
"5900","Mariposa County",1997-05-01,15.5,1.7,18,1.5,17.2,19.5,0.882051282051282
"5901","Mariposa County",1997-06-01,21.4,2.5,13.8,2.2,23.9,16,1.49375
"5902","Mariposa County",1997-07-01,24.3,5.1,15.7,4,29.4,19.7,1.49238578680203
"5903","Mariposa County",1997-08-01,26.9,6.3,12.7,3.3,33.2,16,2.075
"5904","Mariposa County",1997-09-01,25.8,1.6,19.1,6.1,27.4,25.2,1.08730158730159
"5905","Mariposa County",1997-10-01,27.7,3.3,18.1,4,31,22.1,1.4027149321267
"5906","Mariposa County",1997-11-01,31,1.5,15,1.8,32.5,16.8,1.93452380952381
"5907","Mariposa County",1997-12-01,26.1,1.7,17.5,0.2,27.8,17.7,1.57062146892655
"5908","Mariposa County",1998-01-01,31.7,2,19,0.2,33.7,19.2,1.75520833333333
"5909","Mariposa County",1998-02-01,24.8,4.9,24.9,0.4,29.7,25.3,1.17391304347826
"5910","Mariposa County",1998-03-01,24.7,4.4,21.9,2.7,29.1,24.6,1.18292682926829
"5911","Mariposa County",1998-04-01,32,4.8,22,2.3,36.8,24.3,1.51440329218107
"5912","Mariposa County",1998-05-01,24.2,3.6,20.6,4.7,27.8,25.3,1.09881422924901
"5913","Mariposa County",1998-06-01,23.8,1.2,22.3,4.3,25,26.6,0.93984962406015
"5914","Mariposa County",1998-07-01,26,1.6,21,1.2,27.6,22.2,1.24324324324324
"5915","Mariposa County",1998-08-01,23.9,3.2,21.7,0.6,27.1,22.3,1.2152466367713
"5916","Mariposa County",1998-09-01,25.1,3.6,20,0.6,28.7,20.6,1.39320388349515
"5917","Mariposa County",1998-10-01,17.5,2.7,20.7,4.3,20.2,25,0.808
"5918","Mariposa County",1998-11-01,17.5,2.1,17.4,2.6,19.6,20,0.98
"5919","Mariposa County",1998-12-01,16.1,2.6,12.3,1.2,18.7,13.5,1.38518518518519
"5920","Mariposa County",1999-01-01,24.7,2.8,13.3,2.5,27.5,15.8,1.74050632911392
"5921","Mariposa County",1999-02-01,28.6,2.1,16.6,3.6,30.7,20.2,1.51980198019802
"5922","Mariposa County",1999-03-01,29.3,2.2,20,3,31.5,23,1.3695652173913
"5923","Mariposa County",1999-04-01,33.5,3.4,17.9,3.5,36.9,21.4,1.72429906542056
"5924","Mariposa County",1999-05-01,28.2,3.4,22.7,3.3,31.6,26,1.21538461538462
"5925","Mariposa County",1999-06-01,31.2,2.6,13.4,2.9,33.8,16.3,2.07361963190184
"5926","Mariposa County",1999-07-01,31.3,2.8,10.2,2.5,34.1,12.7,2.68503937007874
"5927","Mariposa County",1999-08-01,38.4,3.5,11.9,1.4,41.9,13.3,3.15037593984962
"5928","Mariposa County",1999-09-01,31.6,2.8,19,0.2,34.4,19.2,1.79166666666667
"5929","Mariposa County",1999-10-01,28.4,2.2,17.9,1,30.6,18.9,1.61904761904762
"5930","Mariposa County",1999-11-01,27.2,2.7,13.5,0.4,29.9,13.9,2.15107913669065
"5931","Mariposa County",1999-12-01,20.4,1.1,13.8,0.4,21.5,14.2,1.51408450704225
"5932","Mariposa County",2000-01-01,16.7,2,20.1,0.9,18.7,21,0.89047619047619
"5933","Mariposa County",2000-02-01,16.9,3.2,18.1,0.5,20.1,18.6,1.08064516129032
"5934","Mariposa County",2000-03-01,14.8,4.3,20.1,2.6,19.1,22.7,0.841409691629956
"5935","Mariposa County",2000-04-01,19.5,3.3,21.1,3.7,22.8,24.8,0.919354838709677
"5936","Mariposa County",2000-05-01,17.2,3.5,11.5,1.1,20.7,12.6,1.64285714285714
"5937","Mariposa County",2000-06-01,13.7,3.1,10.1,1.4,16.8,11.5,1.46086956521739
"5938","Mariposa County",2000-07-01,16.4,2.5,13.9,2.6,18.9,16.5,1.14545454545455
"5939","Mariposa County",2000-08-01,23.3,1.6,12.5,3,24.9,15.5,1.60645161290323
"5940","Mariposa County",2000-09-01,20.5,0.9,17.1,2.1,21.4,19.2,1.11458333333333
"5941","Mariposa County",2000-10-01,13.6,2.5,20.2,2.1,16.1,22.3,0.721973094170404
"5942","Mariposa County",2000-11-01,10.5,3.2,22.6,2.6,13.7,25.2,0.543650793650794
"5943","Mariposa County",2000-12-01,11.5,2,21.9,1.4,13.5,23.3,0.579399141630901
"5944","Mariposa County",2001-01-01,10,2,23,2,12,25,0.48
"5945","Mariposa County",2001-02-01,16,6,14,2,22,16,1.375
"5946","Mariposa County",2001-03-01,16,5,19,4,21,23,0.91304347826087
"5947","Mariposa County",2001-04-01,18,4,20,2,22,22,1
"5948","Mariposa County",2001-05-01,16,1,19,1,17,20,0.85
"5949","Mariposa County",2001-06-01,9,2,19,3,11,22,0.5
"5950","Mariposa County",2001-07-01,15,3,16,3,18,19,0.947368421052632
"5951","Mariposa County",2001-08-01,20,4,12,1,24,13,1.84615384615385
"5952","Mariposa County",2001-09-01,20,5,12,2,25,14,1.78571428571429
"5953","Mariposa County",2001-10-01,25,4,17,3,29,20,1.45
"5954","Mariposa County",2001-11-01,18,2,18,5,20,23,0.869565217391304
"5955","Mariposa County",2001-12-01,23,2,13,4,25,17,1.47058823529412
"5956","Mariposa County",2002-01-01,18,2,19,3,20,22,0.909090909090909
"5957","Mariposa County",2002-02-01,18,2,18,0,20,18,1.11111111111111
"5958","Mariposa County",2002-03-01,20,3,19,1,23,20,1.15
"5959","Mariposa County",2002-04-01,22,2,15,3,24,18,1.33333333333333
"5960","Mariposa County",2002-05-01,21,3,17,2,24,19,1.26315789473684
"5961","Mariposa County",2002-06-01,22,5,19,1,27,20,1.35
"5962","Mariposa County",2002-07-01,17,1,23,4,18,27,0.666666666666667
"5963","Mariposa County",2002-08-01,22,4,20,3,26,23,1.1304347826087
"5964","Mariposa County",2002-09-01,19,4,21,4,23,25,0.92
"5965","Mariposa County",2002-10-01,11,1,19,5,12,24,0.5
"5966","Mariposa County",2002-11-01,17,3,19,2,20,21,0.952380952380952
"5967","Mariposa County",2002-12-01,10,1,19,3,11,22,0.5
"5968","Mariposa County",2003-01-01,13,1,17,2,14,19,0.736842105263158
"5969","Mariposa County",2003-02-01,14,2,17,2,16,19,0.842105263157895
"5970","Mariposa County",2003-03-01,18,2,20,3,20,23,0.869565217391304
"5971","Mariposa County",2003-04-01,17,1,19,5,18,24,0.75
"5972","Mariposa County",2003-05-01,15,0,12,3,15,15,1
"5973","Mariposa County",2003-06-01,19,2,15,2,21,17,1.23529411764706
"5974","Mariposa County",2003-07-01,15,1,15,2,16,17,0.941176470588235
"5975","Mariposa County",2003-08-01,11,3,20,1,14,21,0.666666666666667
"5976","Mariposa County",2003-09-01,12,2,22,3,14,25,0.56
"5977","Mariposa County",2003-10-01,14,2,21,4,16,25,0.64
"5978","Mariposa County",2003-11-01,19,3,15,2,22,17,1.29411764705882
"5979","Mariposa County",2003-12-01,17,3,13,1,20,14,1.42857142857143
"5980","Mariposa County",2004-01-01,17,3,14,3,20,17,1.17647058823529
"5981","Mariposa County",2004-02-01,22,4,16,4,26,20,1.3
"5982","Mariposa County",2004-03-01,24,3,20,6,27,26,1.03846153846154
"5983","Mariposa County",2004-04-01,27,3,21,3,30,24,1.25
"5984","Mariposa County",2004-05-01,21,5,19,1,26,20,1.3
"5985","Mariposa County",2004-06-01,25,4,12,4,29,16,1.8125
"5986","Mariposa County",2004-07-01,27,2,16,4,29,20,1.45
"5987","Mariposa County",2004-08-01,20,1,23,6,21,29,0.724137931034483
"5988","Mariposa County",2004-09-01,29,2,20,5,31,25,1.24
"5989","Mariposa County",2004-10-01,34,5,16,2,39,18,2.16666666666667
"5990","Mariposa County",2004-11-01,30,3,16,4,33,20,1.65
"5991","Mariposa County",2004-12-01,28,4,15,3,32,18,1.77777777777778
"5992","Mariposa County",2005-01-01,19,5,14,4,24,18,1.33333333333333
"5993","Mariposa County",2005-02-01,23,4,14,6,27,20,1.35
"5994","Mariposa County",2005-03-01,27,4,19,4,31,23,1.34782608695652
"5995","Mariposa County",2005-04-01,27,4,21,5,31,26,1.19230769230769
"5996","Mariposa County",2005-05-01,22,6,17,6,28,23,1.21739130434783
"5997","Mariposa County",2005-06-01,29,7,10,5,36,15,2.4
"5998","Mariposa County",2005-07-01,22,5,23,7,27,30,0.9
"5999","Mariposa County",2005-08-01,25,5,23,9,30,32,0.9375
"6000","Mariposa County",2005-09-01,25,5,24,8,30,32,0.9375
"6001","Mariposa County",2005-10-01,24,4,28,4,28,32,0.875
"6002","Mariposa County",2005-11-01,27,4,27,3,31,30,1.03333333333333
"6003","Mariposa County",2005-12-01,28,6,24,3,34,27,1.25925925925926
"6004","Mariposa County",2006-01-01,30,5,23,4,35,27,1.2962962962963
"6005","Mariposa County",2006-02-01,20,5,32,4,25,36,0.694444444444444
"6006","Mariposa County",2006-03-01,23,6,27,1,29,28,1.03571428571429
"6007","Mariposa County",2006-04-01,22,5,24,3,27,27,1
"6008","Mariposa County",2006-05-01,25,4,23,3,29,26,1.11538461538462
"6009","Mariposa County",2006-06-01,26,4,19,5,30,24,1.25
"6010","Mariposa County",2006-07-01,20,5,22,3,25,25,1
"6011","Mariposa County",2006-08-01,21,2,18,5,23,23,1
"6012","Mariposa County",2006-09-01,21,5,17,6,26,23,1.1304347826087
"6013","Mariposa County",2006-10-01,22,3,16,7,25,23,1.08695652173913
"6014","Mariposa County",2006-11-01,26,2,17,7,28,24,1.16666666666667
"6015","Mariposa County",2006-12-01,31,2,16,5,33,21,1.57142857142857
"6016","Mariposa County",2007-01-01,29,3,19,6,32,25,1.28
"6017","Mariposa County",2007-02-01,28,3,24,3,31,27,1.14814814814815
"6018","Mariposa County",2007-03-01,28,3,25,3,31,28,1.10714285714286
"6019","Mariposa County",2007-04-01,31,5,20,4,36,24,1.5
"6020","Mariposa County",2007-05-01,32,4,18,5,36,23,1.56521739130435
"6021","Mariposa County",2007-06-01,35,7,18,4,42,22,1.90909090909091
"6022","Mariposa County",2007-07-01,38,7,15,3,45,18,2.5
"6023","Mariposa County",2007-08-01,37,5,18,4,42,22,1.90909090909091
"6024","Mariposa County",2007-09-01,33,3,25,4,36,29,1.24137931034483
"6025","Mariposa County",2007-10-01,30,4,27,4,34,31,1.09677419354839
"6026","Mariposa County",2007-11-01,24,6,27,3,30,30,1
"6027","Mariposa County",2007-12-01,25,5,20,3,30,23,1.30434782608696
"6028","Mariposa County",2008-01-01,19,2,17,5,21,22,0.954545454545455
"6029","Mariposa County",2008-02-01,22,5,20,2,27,22,1.22727272727273
"6030","Mariposa County",2008-03-01,23,4,16,3,27,19,1.42105263157895
"6031","Mariposa County",2008-04-01,23,5,19,4,28,23,1.21739130434783
"6032","Mariposa County",2008-05-01,23,3,25,6,26,31,0.838709677419355
"6033","Mariposa County",2008-06-01,28,2,20,5,30,25,1.2
"6034","Mariposa County",2008-07-01,25,3,22,4,28,26,1.07692307692308
"6035","Mariposa County",2008-08-01,19,2,25,7,21,32,0.65625
"6036","Mariposa County",2008-09-01,17,3,21,6,20,27,0.740740740740741
"6037","Mariposa County",2008-10-01,19,3,20,5,22,25,0.88
"6038","Mariposa County",2008-11-01,17,3,12,6,20,18,1.11111111111111
"6039","Mariposa County",2008-12-01,13,6,21,3,19,24,0.791666666666667
"6040","Mariposa County",2009-01-01,14,4,27,5,18,32,0.5625
"6041","Mariposa County",2009-02-01,21,7,21,4,28,25,1.12
"6042","Mariposa County",2009-03-01,25,7,22,5,32,27,1.18518518518519
"6043","Mariposa County",2009-04-01,23,7,18,7,30,25,1.2
"6044","Mariposa County",2009-05-01,19,5,20,8,24,28,0.857142857142857
"6045","Mariposa County",2009-06-01,32,6,14,7,38,21,1.80952380952381
"6046","Mariposa County",2009-07-01,25,3,25,7,28,32,0.875
"6047","Mariposa County",2009-08-01,27,3,17,2,30,19,1.57894736842105
"6048","Mariposa County",2009-09-01,23,1,16,4,24,20,1.2
"6049","Mariposa County",2009-10-01,23,4,12,5,27,17,1.58823529411765
"6050","Mariposa County",2009-11-01,23,7,12,4,30,16,1.875
"6051","Mariposa County",2009-12-01,20,3,19,2,23,21,1.0952380952381
"6052","Mariposa County",2010-01-01,24,2,22,3,26,25,1.04
"6053","Mariposa County",2010-02-01,20,1,22,2,21,24,0.875
"6054","Mariposa County",2010-03-01,17,1,22,0,18,22,0.818181818181818
"6055","Mariposa County",2010-04-01,17,2,20,1,19,21,0.904761904761905
"6056","Mariposa County",2010-05-01,18,4,21,3,22,24,0.916666666666667
"6057","Mariposa County",2010-06-01,20,6,20,4,26,24,1.08333333333333
"6058","Mariposa County",2010-07-01,22,5,20,4,27,24,1.125
"6059","Mariposa County",2010-08-01,26,4,18,4,30,22,1.36363636363636
"6060","Mariposa County",2010-09-01,23,3,17,6,26,23,1.1304347826087
"6061","Mariposa County",2010-10-01,19,2,19,6,21,25,0.84
"6062","Mariposa County",2010-11-01,17,3,18,5,20,23,0.869565217391304
"6063","Mariposa County",2010-12-01,16,3,12,4,19,16,1.1875
"6064","Mariposa County",2011-01-01,20,1,10,3,21,13,1.61538461538462
"6065","Mariposa County",2011-02-01,21,2,15,1,23,16,1.4375
"6066","Mariposa County",2011-03-01,19,2,14,0,21,14,1.5
"6067","Mariposa County",2011-04-01,19,5,13,2,24,15,1.6
"6068","Mariposa County",2011-05-01,22,3,10,3,25,13,1.92307692307692
"6069","Mariposa County",2011-06-01,22,4,9,3,26,12,2.16666666666667
"6070","Mariposa County",2011-07-01,26,5,10,3,31,13,2.38461538461538
"6071","Mariposa County",2011-08-01,20,3,13,4,23,17,1.35294117647059
"6072","Mariposa County",2011-09-01,14,3,14,4,17,18,0.944444444444444
"6073","Mariposa County",2011-10-01,19,3,12,5,22,17,1.29411764705882
"6074","Mariposa County",2011-11-01,16,3,17,5,19,22,0.863636363636364
"6075","Mariposa County",2011-12-01,11,6,18,4,17,22,0.772727272727273
"6076","Mariposa County",2012-01-01,14,2,16,5,16,21,0.761904761904762
"6077","Mariposa County",2012-02-01,16,1,18,5,17,23,0.739130434782609
"6078","Mariposa County",2012-03-01,15,3,18,4,18,22,0.818181818181818
"6079","Mariposa County",2012-04-01,13,5,16,2,18,18,1
"6080","Mariposa County",2012-05-01,15,3,11,2,18,13,1.38461538461538
"6081","Mariposa County",2012-06-01,17,4,12,1,21,13,1.61538461538462
"6082","Mariposa County",2012-07-01,19,6,10,2,25,12,2.08333333333333
"6083","Mariposa County",2012-08-01,17,4,13,4,21,17,1.23529411764706
"6084","Mariposa County",2012-09-01,14,4,16,4,18,20,0.9
"6085","Mariposa County",2012-10-01,11,5,18,5,16,23,0.695652173913043
"6086","Mariposa County",2012-11-01,14,2,19,5,16,24,0.666666666666667
"6087","Mariposa County",2012-12-01,16,1,18,4,17,22,0.772727272727273
"6088","Mariposa County",2013-01-01,19,2,16,5,21,21,1
"6089","Mariposa County",2013-02-01,24,4,17,5,28,22,1.27272727272727
"6090","Mariposa County",2013-03-01,28,4,18,4,32,22,1.45454545454545
"6091","Mariposa County",2013-04-01,26,5,20,3,31,23,1.34782608695652
"6092","Mariposa County",2013-05-01,21,4,20,3,25,23,1.08695652173913
"6093","Mariposa County",2013-06-01,22,4,17,2,26,19,1.36842105263158
"6094","Mariposa County",2013-07-01,26,5,18,2,31,20,1.55
"6095","Mariposa County",2013-08-01,22,4,17,4,26,21,1.23809523809524
"6096","Mariposa County",2013-09-01,23,4,12,2,27,14,1.92857142857143
"6097","Mariposa County",2013-10-01,29,5,12,4,34,16,2.125
"6098","Mariposa County",2013-11-01,26,3,20,3,29,23,1.26086956521739
"6099","Mariposa County",2013-12-01,24,6,18,2,30,20,1.5
"6100","Mariposa County",2014-01-01,21,5,20,4,26,24,1.08333333333333
"6101","Mariposa County",2014-02-01,20,3,15,4,23,19,1.21052631578947
"6102","Mariposa County",2014-03-01,19,1,17,4,20,21,0.952380952380952
"6103","Mariposa County",2014-04-01,22,2,17,3,24,20,1.2
"6104","Mariposa County",2014-05-01,23,2,20,3,25,23,1.08695652173913
"6105","Mariposa County",2014-06-01,20,1,22,3,21,25,0.84
"6106","Mariposa County",2014-07-01,19,3,20,3,22,23,0.956521739130435
"6107","Mariposa County",2014-08-01,21,1,17,5,22,22,1
"6108","Mariposa County",2014-09-01,18,2,17,4,20,21,0.952380952380952
"6109","Mariposa County",2014-10-01,20,3,14,3,23,17,1.35294117647059
"6110","Mariposa County",2014-11-01,24,4,13,4,28,17,1.64705882352941
"6111","Mariposa County",2014-12-01,23,4,12,2,27,14,1.92857142857143
"6112","Mariposa County",2015-01-01,26,3,9,1,29,10,2.9
"6113","Mariposa County",2015-02-01,23,4,10,2,27,12,2.25
"6114","Mariposa County",2015-03-01,20,5,9,4,25,13,1.92307692307692
"6115","Mariposa County",2015-04-01,19,5,7,3,24,10,2.4
"6116","Mariposa County",2015-05-01,22,2,9,3,24,12,2
"6117","Mariposa County",2015-06-01,20,2,12,4,22,16,1.375
"6118","Mariposa County",2015-07-01,22,5,12,5,27,17,1.58823529411765
"6119","Mariposa County",2015-08-01,26,3,11,4,29,15,1.93333333333333
"6120","Mariposa County",2015-09-01,30,5,8,3,35,11,3.18181818181818
"6121","Mariposa County",2015-10-01,23,4,17,2,27,19,1.42105263157895
"6122","Mariposa County",2015-11-01,21,6,16,2,27,18,1.5
"6123","Mariposa County",2015-12-01,21,5,16,2,26,18,1.44444444444444
"6124","Mariposa County",2016-01-01,18,5,19,3,23,22,1.04545454545455
"6125","Mariposa County",2016-02-01,24,3,17,3,27,20,1.35
"6126","Mariposa County",2016-03-01,21,2,18,4,23,22,1.04545454545455
"6127","Mariposa County",2016-04-01,22,2,19,4,24,23,1.04347826086957
"6128","Mariposa County",2016-05-01,20,0,23,2,20,25,0.8
"6129","Mariposa County",2016-06-01,21,2,23,0,23,23,1
"6130","Mariposa County",2016-07-01,21,4,16,0,25,16,1.5625
"6131","Mariposa County",2016-08-01,21,5,17,2,26,19,1.36842105263158
"6132","Mariposa County",2016-09-01,20,2,15,2,22,17,1.29411764705882
"6133","Mariposa County",2016-10-01,20,3,19,2,23,21,1.0952380952381
"6134","Mariposa County",2016-11-01,13,1,18,3,14,21,0.666666666666667
"6135","Mariposa County",2016-12-01,11,3,17,4,14,21,0.666666666666667
"6136","Mariposa County",2017-01-01,12,6,13,3,18,16,1.125
"6137","Mariposa County",2017-02-01,12,7,13,3,19,16,1.1875
"6138","Mariposa County",2017-03-01,17,7,19,5,24,24,1
"6139","Mariposa County",2017-04-01,20,5,13,4,25,17,1.47058823529412
"6140","Mariposa County",2017-05-01,19,4,12,6,23,18,1.27777777777778
"6141","Mariposa County",2017-06-01,22,4,12,7,26,19,1.36842105263158
"6142","Mariposa County",2017-07-01,23,6,14,7,29,21,1.38095238095238
"6143","Mariposa County",2017-08-01,20,7,18,6,27,24,1.125
"6144","Mariposa County",2017-09-01,22,7,19,3,29,22,1.31818181818182
"6145","Mariposa County",2017-10-01,21,4,18,3,25,21,1.19047619047619
"6146","Mariposa County",2017-11-01,22,5,19,4,27,23,1.17391304347826
"6147","Mariposa County",2017-12-01,22,6,18,4,28,22,1.27272727272727
"6148","Mariposa County",2018-01-01,21,8,16,5,29,21,1.38095238095238
"6149","Mariposa County",2018-02-01,21,8,16,5,29,21,1.38095238095238
"6150","Mariposa County",2018-03-01,19,5,13,4,24,17,1.41176470588235
"6151","Mariposa County",2018-04-01,15,5,13,5,20,18,1.11111111111111
"6152","Mariposa County",2018-05-01,12,6,13,4,18,17,1.05882352941176
"6153","Mariposa County",2018-06-01,16,4,13,3,20,16,1.25
"6154","Mariposa County",2018-07-01,13,3,12,3,16,15,1.06666666666667
"6155","Mariposa County",2018-08-01,15,5,13,3,20,16,1.25
"6156","Mariposa County",2018-09-01,12,5,12,6,17,18,0.944444444444444
"6157","Mariposa County",2018-10-01,16,4,14,5,20,19,1.05263157894737
"6158","Mariposa County",2018-11-01,19,4,13,4,23,17,1.35294117647059
"6159","Mariposa County",2018-12-01,17,5,13,4,22,17,1.29411764705882
"6160","Mariposa County",2019-01-01,17,5,14,4,22,18,1.22222222222222
"6161","Mariposa County",2019-02-01,19,4,11,6,23,17,1.35294117647059
"6162","Mariposa County",2019-03-01,24,7,10,7,31,17,1.82352941176471
"6163","Mariposa County",2019-04-01,26,6,11,6,32,17,1.88235294117647
"6164","Mariposa County",2019-05-01,22,7,10,4,29,14,2.07142857142857
"6165","Mariposa County",2019-06-01,18,4,16,3,22,19,1.15789473684211
"6166","Mariposa County",2019-07-01,20,4,14,3,24,17,1.41176470588235
"6167","Mariposa County",2019-08-01,25,4,11,3,29,14,2.07142857142857
"6168","Mariposa County",2019-09-01,24,4,11,3,28,14,2
"6169","Mariposa County",2019-10-01,21,6,17,2,27,19,1.42105263157895
"6170","Mariposa County",2019-11-01,16,7,17,4,23,21,1.0952380952381
"6171","Mariposa County",2019-12-01,17,5,18,3,22,21,1.04761904761905
"6172","Mariposa County",2020-01-01,20,4,18,3,24,21,1.14285714285714
"6173","Mariposa County",2020-02-01,22,4,14,0,26,14,1.85714285714286
"6174","Mariposa County",2020-03-01,17,3,9,1,20,10,2
"6175","Mendocino County",1995-10-01,120,10,83,13,130,96,1.35416666666667
"6176","Mendocino County",1995-11-01,112,12,65,18,124,83,1.49397590361446
"6177","Mendocino County",1995-12-01,100,12,64,10,112,74,1.51351351351351
"6178","Mendocino County",1996-01-01,107,14,65,15,121,80,1.5125
"6179","Mendocino County",1996-02-01,100,8,74,11,108,85,1.27058823529412
"6180","Mendocino County",1996-03-01,108,10,75,16,118,91,1.2967032967033
"6181","Mendocino County",1996-04-01,108,10,80,11,118,91,1.2967032967033
"6182","Mendocino County",1996-05-01,101,14,86,14,115,100,1.15
"6183","Mendocino County",1996-06-01,100,10,68,13,110,81,1.35802469135802
"6184","Mendocino County",1996-07-01,102,14,66,15,116,81,1.4320987654321
"6185","Mendocino County",1996-08-01,106,11,62,14,117,76,1.53947368421053
"6186","Mendocino County",1996-09-01,118,9,74,10,127,84,1.51190476190476
"6187","Mendocino County",1996-10-01,109,8,94,11,117,105,1.11428571428571
"6188","Mendocino County",1996-11-01,99,10,83,9,109,92,1.18478260869565
"6189","Mendocino County",1996-12-01,104,12,76,7,116,83,1.39759036144578
"6190","Mendocino County",1997-01-01,109,15,83,7,124,90,1.37777777777778
"6191","Mendocino County",1997-02-01,131,14,90,12,145,102,1.42156862745098
"6192","Mendocino County",1997-03-01,138,17,80,14,155,94,1.64893617021277
"6193","Mendocino County",1997-04-01,118,16,99,15,134,114,1.17543859649123
"6194","Mendocino County",1997-05-01,119,13,100,15,132,115,1.14782608695652
"6195","Mendocino County",1997-06-01,117,13,85,19,130,104,1.25
"6196","Mendocino County",1997-07-01,124,14,94,14,138,108,1.27777777777778
"6197","Mendocino County",1997-08-01,115,14,86,17,129,103,1.25242718446602
"6198","Mendocino County",1997-09-01,116,10,88,13,126,101,1.24752475247525
"6199","Mendocino County",1997-10-01,113,8,94,13,121,107,1.13084112149533
"6200","Mendocino County",1997-11-01,110,12,87,9,122,96,1.27083333333333
"6201","Mendocino County",1997-12-01,113,16,81,8,129,89,1.44943820224719
"6202","Mendocino County",1998-01-01,120,17,97,12,137,109,1.25688073394495
"6203","Mendocino County",1998-02-01,118,15,93,19,133,112,1.1875
"6204","Mendocino County",1998-03-01,137,14,85,17,151,102,1.48039215686275
"6205","Mendocino County",1998-04-01,127,14,79,14,141,93,1.51612903225806
"6206","Mendocino County",1998-05-01,131,14,88,8,145,96,1.51041666666667
"6207","Mendocino County",1998-06-01,127,18,90,12,145,102,1.42156862745098
"6208","Mendocino County",1998-07-01,129,9,73,13,138,86,1.6046511627907
"6209","Mendocino County",1998-08-01,120,11,72,9,131,81,1.61728395061728
"6210","Mendocino County",1998-09-01,123,11,83,12,134,95,1.41052631578947
"6211","Mendocino County",1998-10-01,121,14,88,13,135,101,1.33663366336634
"6212","Mendocino County",1998-11-01,118,15,80,12,133,92,1.44565217391304
"6213","Mendocino County",1998-12-01,104,10,74,12,114,86,1.32558139534884
"6214","Mendocino County",1999-01-01,108,13,73,11,121,84,1.44047619047619
"6215","Mendocino County",1999-02-01,101,9,71,11,110,82,1.34146341463415
"6216","Mendocino County",1999-03-01,107,13,71,10,120,81,1.48148148148148
"6217","Mendocino County",1999-04-01,104,13,78,17,117,95,1.23157894736842
"6218","Mendocino County",1999-05-01,113,9,72,15,122,87,1.40229885057471
"6219","Mendocino County",1999-06-01,112,11,63,15,123,78,1.57692307692308
"6220","Mendocino County",1999-07-01,110,11,60,10,121,70,1.72857142857143
"6221","Mendocino County",1999-08-01,109,12,71,9,121,80,1.5125
"6222","Mendocino County",1999-09-01,133,14,76,12,147,88,1.67045454545455
"6223","Mendocino County",1999-10-01,135,13,77,12,148,89,1.66292134831461
"6224","Mendocino County",1999-11-01,101,14,94,14,115,108,1.06481481481481
"6225","Mendocino County",1999-12-01,81,19,89,19,100,108,0.925925925925926
"6226","Mendocino County",2000-01-01,133,15,76,10,148,86,1.72093023255814
"6227","Mendocino County",2000-02-01,130,16,79,13,146,92,1.58695652173913
"6228","Mendocino County",2000-03-01,122,12,86,13,134,99,1.35353535353535
"6229","Mendocino County",2000-04-01,119,11,101,15,130,116,1.12068965517241
"6230","Mendocino County",2000-05-01,135,12,101,10,147,111,1.32432432432432
"6231","Mendocino County",2000-06-01,146,9,91,13,155,104,1.49038461538462
"6232","Mendocino County",2000-07-01,142,13,91,11,155,102,1.51960784313725
"6233","Mendocino County",2000-08-01,125,10,105,10,135,115,1.17391304347826
"6234","Mendocino County",2000-09-01,131,10,94,10,141,104,1.35576923076923
"6235","Mendocino County",2000-10-01,116,12,102,16,128,118,1.08474576271186
"6236","Mendocino County",2000-11-01,117,13,95,18,130,113,1.15044247787611
"6237","Mendocino County",2000-12-01,111,14,90,17,125,107,1.16822429906542
"6238","Mendocino County",2001-01-01,130,19,92,17,149,109,1.36697247706422
"6239","Mendocino County",2001-02-01,121,14,94,15,135,109,1.23853211009174
"6240","Mendocino County",2001-03-01,146,18,97,19,164,116,1.41379310344828
"6241","Mendocino County",2001-04-01,129,19,101,17,148,118,1.25423728813559
"6242","Mendocino County",2001-05-01,121,19,92,13,140,105,1.33333333333333
"6243","Mendocino County",2001-06-01,142,17,99,16,159,115,1.38260869565217
"6244","Mendocino County",2001-07-01,143,20,97,13,163,110,1.48181818181818
"6245","Mendocino County",2001-08-01,131,18,90,15,149,105,1.41904761904762
"6246","Mendocino County",2001-09-01,141,20,97,17,161,114,1.41228070175439
"6247","Mendocino County",2001-10-01,145,18,104,20,163,124,1.31451612903226
"6248","Mendocino County",2001-11-01,126,17,105,17,143,122,1.17213114754098
"6249","Mendocino County",2001-12-01,122,23,98,19,145,117,1.23931623931624
"6250","Mendocino County",2002-01-01,137,19,93,24,156,117,1.33333333333333
"6251","Mendocino County",2002-02-01,157,21,100,20,178,120,1.48333333333333
"6252","Mendocino County",2002-03-01,157,19,107,21,176,128,1.375
"6253","Mendocino County",2002-04-01,140,17,101,20,157,121,1.29752066115702
"6254","Mendocino County",2002-05-01,128,13,93,21,141,114,1.23684210526316
"6255","Mendocino County",2002-06-01,137,17,77,19,154,96,1.60416666666667
"6256","Mendocino County",2002-07-01,145,14,89,15,159,104,1.52884615384615
"6257","Mendocino County",2002-08-01,141,14,82,13,155,95,1.63157894736842
"6258","Mendocino County",2002-09-01,113,11,81,11,124,92,1.34782608695652
"6259","Mendocino County",2002-10-01,102,17,84,10,119,94,1.26595744680851
"6260","Mendocino County",2002-11-01,110,15,80,16,125,96,1.30208333333333
"6261","Mendocino County",2002-12-01,122,11,72,11,133,83,1.60240963855422
"6262","Mendocino County",2003-01-01,136,15,71,13,151,84,1.79761904761905
"6263","Mendocino County",2003-02-01,136,16,73,10,152,83,1.83132530120482
"6264","Mendocino County",2003-03-01,135,16,75,9,151,84,1.79761904761905
"6265","Mendocino County",2003-04-01,127,10,78,14,137,92,1.48913043478261
"6266","Mendocino County",2003-05-01,115,11,82,11,126,93,1.35483870967742
"6267","Mendocino County",2003-06-01,114,14,83,7,128,90,1.42222222222222
"6268","Mendocino County",2003-07-01,107,14,75,12,121,87,1.39080459770115
"6269","Mendocino County",2003-08-01,127,17,72,14,144,86,1.67441860465116
"6270","Mendocino County",2003-09-01,113,22,81,19,135,100,1.35
"6271","Mendocino County",2003-10-01,107,21,77,22,128,99,1.29292929292929
"6272","Mendocino County",2003-11-01,107,22,77,16,129,93,1.38709677419355
"6273","Mendocino County",2003-12-01,101,20,95,15,121,110,1.1
"6274","Mendocino County",2004-01-01,125,26,101,17,151,118,1.27966101694915
"6275","Mendocino County",2004-02-01,138,26,93,19,164,112,1.46428571428571
"6276","Mendocino County",2004-03-01,124,27,96,23,151,119,1.26890756302521
"6277","Mendocino County",2004-04-01,131,28,104,24,159,128,1.2421875
"6278","Mendocino County",2004-05-01,129,22,94,22,151,116,1.30172413793103
"6279","Mendocino County",2004-06-01,143,26,89,21,169,110,1.53636363636364
"6280","Mendocino County",2004-07-01,157,23,77,22,180,99,1.81818181818182
"6281","Mendocino County",2004-08-01,155,41,61,17,196,78,2.51282051282051
"6282","Mendocino County",2004-09-01,142,27,74,18,169,92,1.83695652173913
"6283","Mendocino County",2004-10-01,141,23,59,17,164,76,2.15789473684211
"6284","Mendocino County",2004-11-01,139,23,64,19,162,83,1.95180722891566
"6285","Mendocino County",2004-12-01,151,22,64,15,173,79,2.18987341772152
"6286","Mendocino County",2005-01-01,142,22,69,15,164,84,1.95238095238095
"6287","Mendocino County",2005-02-01,161,23,82,15,184,97,1.89690721649485
"6288","Mendocino County",2005-03-01,162,25,83,21,187,104,1.79807692307692
"6289","Mendocino County",2005-04-01,166,28,71,22,194,93,2.08602150537634
"6290","Mendocino County",2005-05-01,168,22,68,18,190,86,2.2093023255814
"6291","Mendocino County",2005-06-01,163,15,77,17,178,94,1.8936170212766
"6292","Mendocino County",2005-07-01,162,16,76,13,178,89,2
"6293","Mendocino County",2005-08-01,155,20,68,12,175,80,2.1875
"6294","Mendocino County",2005-09-01,171,18,64,15,189,79,2.39240506329114
"6295","Mendocino County",2005-10-01,166,18,69,19,184,88,2.09090909090909
"6296","Mendocino County",2005-11-01,169,19,81,20,188,101,1.86138613861386
"6297","Mendocino County",2005-12-01,158,20,84,17,178,101,1.76237623762376
"6298","Mendocino County",2006-01-01,175,28,87,22,203,109,1.86238532110092
"6299","Mendocino County",2006-02-01,174,21,86,21,195,107,1.82242990654206
"6300","Mendocino County",2006-03-01,162,19,87,15,181,102,1.77450980392157
"6301","Mendocino County",2006-04-01,149,18,76,19,167,95,1.75789473684211
"6302","Mendocino County",2006-05-01,151,19,80,20,170,100,1.7
"6303","Mendocino County",2006-06-01,164,23,72,19,187,91,2.05494505494505
"6304","Mendocino County",2006-07-01,173,20,74,16,193,90,2.14444444444444
"6305","Mendocino County",2006-08-01,142,22,89,17,164,106,1.54716981132075
"6306","Mendocino County",2006-09-01,138,18,74,20,156,94,1.65957446808511
"6307","Mendocino County",2006-10-01,127,21,67,13,148,80,1.85
"6308","Mendocino County",2006-11-01,125,18,75,11,143,86,1.66279069767442
"6309","Mendocino County",2006-12-01,140,15,70,11,155,81,1.91358024691358
"6310","Mendocino County",2007-01-01,138,18,70,20,156,90,1.73333333333333
"6311","Mendocino County",2007-02-01,156,21,75,12,177,87,2.03448275862069
"6312","Mendocino County",2007-03-01,150,23,82,14,173,96,1.80208333333333
"6313","Mendocino County",2007-04-01,145,26,86,20,171,106,1.61320754716981
"6314","Mendocino County",2007-05-01,137,23,79,21,160,100,1.6
"6315","Mendocino County",2007-06-01,147,25,76,16,172,92,1.8695652173913
"6316","Mendocino County",2007-07-01,154,24,73,14,178,87,2.04597701149425
"6317","Mendocino County",2007-08-01,167,19,79,14,186,93,2
"6318","Mendocino County",2007-09-01,175,26,71,18,201,89,2.25842696629213
"6319","Mendocino County",2007-10-01,174,23,70,26,197,96,2.05208333333333
"6320","Mendocino County",2007-11-01,181,18,69,22,199,91,2.18681318681319
"6321","Mendocino County",2007-12-01,163,21,63,17,184,80,2.3
"6322","Mendocino County",2008-01-01,180,23,70,18,203,88,2.30681818181818
"6323","Mendocino County",2008-02-01,194,20,66,19,214,85,2.51764705882353
"6324","Mendocino County",2008-03-01,188,19,69,21,207,90,2.3
"6325","Mendocino County",2008-04-01,159,25,72,21,184,93,1.97849462365591
"6326","Mendocino County",2008-05-01,163,23,66,19,186,85,2.18823529411765
"6327","Mendocino County",2008-06-01,158,21,72,21,179,93,1.9247311827957
"6328","Mendocino County",2008-07-01,154,24,61,18,178,79,2.25316455696203
"6329","Mendocino County",2008-08-01,176,27,64,21,203,85,2.38823529411765
"6330","Mendocino County",2008-09-01,188,23,68,20,211,88,2.39772727272727
"6331","Mendocino County",2008-10-01,194,18,72,17,212,89,2.38202247191011
"6332","Mendocino County",2008-11-01,188,24,77,18,212,95,2.23157894736842
"6333","Mendocino County",2008-12-01,177,19,73,15,196,88,2.22727272727273
"6334","Mendocino County",2009-01-01,182,17,72,14,199,86,2.31395348837209
"6335","Mendocino County",2009-02-01,199,19,77,15,218,92,2.3695652173913
"6336","Mendocino County",2009-03-01,144,19,119,19,163,138,1.18115942028985
"6337","Mendocino County",2009-04-01,144,25,123,19,169,142,1.19014084507042
"6338","Mendocino County",2009-05-01,142,18,122,16,160,138,1.15942028985507
"6339","Mendocino County",2009-06-01,140,19,126,11,159,137,1.16058394160584
"6340","Mendocino County",2009-07-01,138,20,111,15,158,126,1.25396825396825
"6341","Mendocino County",2009-08-01,122,16,117,15,138,132,1.04545454545455
"6342","Mendocino County",2009-09-01,125,13,109,15,138,124,1.11290322580645
"6343","Mendocino County",2009-10-01,125,18,100,19,143,119,1.20168067226891
"6344","Mendocino County",2009-11-01,138,18,96,20,156,116,1.3448275862069
"6345","Mendocino County",2009-12-01,130,17,90,15,147,105,1.4
"6346","Mendocino County",2010-01-01,134,16,82,13,150,95,1.57894736842105
"6347","Mendocino County",2010-02-01,147,17,74,14,164,88,1.86363636363636
"6348","Mendocino County",2010-03-01,148,16,86,18,164,104,1.57692307692308
"6349","Mendocino County",2010-04-01,143,22,81,18,165,99,1.66666666666667
"6350","Mendocino County",2010-05-01,144,21,83,21,165,104,1.58653846153846
"6351","Mendocino County",2010-06-01,133,28,101,23,161,124,1.29838709677419
"6352","Mendocino County",2010-07-01,116,23,93,23,139,116,1.19827586206897
"6353","Mendocino County",2010-08-01,128,20,94,20,148,114,1.29824561403509
"6354","Mendocino County",2010-09-01,122,16,82,15,138,97,1.42268041237113
"6355","Mendocino County",2010-10-01,131,20,75,16,151,91,1.65934065934066
"6356","Mendocino County",2010-11-01,130,20,83,19,150,102,1.47058823529412
"6357","Mendocino County",2010-12-01,123,10,81,18,133,99,1.34343434343434
"6358","Mendocino County",2011-01-01,110,11,91,14,121,105,1.15238095238095
"6359","Mendocino County",2011-02-01,102,14,93,17,116,110,1.05454545454545
"6360","Mendocino County",2011-03-01,94,15,81,16,109,97,1.12371134020619
"6361","Mendocino County",2011-04-01,90,13,68,15,103,83,1.24096385542169
"6362","Mendocino County",2011-05-01,91,17,76,15,108,91,1.18681318681319
"6363","Mendocino County",2011-06-01,102,17,73,10,119,83,1.43373493975904
"6364","Mendocino County",2011-07-01,104,19,64,12,123,76,1.61842105263158
"6365","Mendocino County",2011-08-01,117,17,62,15,134,77,1.74025974025974
"6366","Mendocino County",2011-09-01,119,20,58,13,139,71,1.95774647887324
"6367","Mendocino County",2011-10-01,122,16,56,11,138,67,2.05970149253731
"6368","Mendocino County",2011-11-01,126,21,49,14,147,63,2.33333333333333
"6369","Mendocino County",2011-12-01,108,17,68,13,125,81,1.54320987654321
"6370","Mendocino County",2012-01-01,131,20,66,16,151,82,1.84146341463415
"6371","Mendocino County",2012-02-01,132,16,82,19,148,101,1.46534653465347
"6372","Mendocino County",2012-03-01,133,15,87,20,148,107,1.38317757009346
"6373","Mendocino County",2012-04-01,124,19,96,21,143,117,1.22222222222222
"6374","Mendocino County",2012-05-01,123,20,84,24,143,108,1.32407407407407
"6375","Mendocino County",2012-06-01,148,21,63,21,169,84,2.01190476190476
"6376","Mendocino County",2012-07-01,142,19,72,18,161,90,1.78888888888889
"6377","Mendocino County",2012-08-01,157,21,80,21,178,101,1.76237623762376
"6378","Mendocino County",2012-09-01,140,23,73,21,163,94,1.73404255319149
"6379","Mendocino County",2012-10-01,139,17,77,23,156,100,1.56
"6380","Mendocino County",2012-11-01,140,18,81,25,158,106,1.49056603773585
"6381","Mendocino County",2012-12-01,143,14,79,19,157,98,1.60204081632653
"6382","Mendocino County",2013-01-01,141,18,84,20,159,104,1.52884615384615
"6383","Mendocino County",2013-02-01,154,23,83,22,177,105,1.68571428571429
"6384","Mendocino County",2013-03-01,146,23,83,23,169,106,1.59433962264151
"6385","Mendocino County",2013-04-01,148,21,75,19,169,94,1.79787234042553
"6386","Mendocino County",2013-05-01,157,20,79,23,177,102,1.73529411764706
"6387","Mendocino County",2013-06-01,152,19,87,24,171,111,1.54054054054054
"6388","Mendocino County",2013-07-01,153,18,77,20,171,97,1.76288659793814
"6389","Mendocino County",2013-08-01,145,22,80,18,167,98,1.70408163265306
"6390","Mendocino County",2013-09-01,147,25,73,16,172,89,1.93258426966292
"6391","Mendocino County",2013-10-01,148,16,84,17,164,101,1.62376237623762
"6392","Mendocino County",2013-11-01,136,18,76,15,154,91,1.69230769230769
"6393","Mendocino County",2013-12-01,125,27,73,12,152,85,1.78823529411765
"6394","Mendocino County",2014-01-01,138,23,96,15,161,111,1.45045045045045
"6395","Mendocino County",2014-02-01,146,27,105,16,173,121,1.4297520661157
"6396","Mendocino County",2014-03-01,130,25,118,21,155,139,1.11510791366906
"6397","Mendocino County",2014-04-01,137,25,111,16,162,127,1.2755905511811
"6398","Mendocino County",2014-05-01,148,22,103,20,170,123,1.38211382113821
"6399","Mendocino County",2014-06-01,157,24,99,14,181,113,1.60176991150442
"6400","Mendocino County",2014-07-01,152,28,109,11,180,120,1.5
"6401","Mendocino County",2014-08-01,151,24,103,17,175,120,1.45833333333333
"6402","Mendocino County",2014-09-01,148,27,97,15,175,112,1.5625
"6403","Mendocino County",2014-10-01,156,27,102,18,183,120,1.525
"6404","Mendocino County",2014-11-01,155,23,97,14,178,111,1.6036036036036
"6405","Mendocino County",2014-12-01,160,19,99,18,179,117,1.52991452991453
"6406","Mendocino County",2015-01-01,171,24,97,17,195,114,1.71052631578947
"6407","Mendocino County",2015-02-01,192,22,87,20,214,107,2
"6408","Mendocino County",2015-03-01,181,25,82,20,206,102,2.01960784313725
"6409","Mendocino County",2015-04-01,170,22,96,26,192,122,1.57377049180328
"6410","Mendocino County",2015-05-01,148,18,106,25,166,131,1.26717557251908
"6411","Mendocino County",2015-06-01,141,20,108,25,161,133,1.21052631578947
"6412","Mendocino County",2015-07-01,138,21,113,22,159,135,1.17777777777778
"6413","Mendocino County",2015-08-01,149,27,98,20,176,118,1.49152542372881
"6414","Mendocino County",2015-09-01,148,31,97,17,179,114,1.57017543859649
"6415","Mendocino County",2015-10-01,160,30,96,18,190,114,1.66666666666667
"6416","Mendocino County",2015-11-01,142,20,105,28,162,133,1.21804511278195
"6417","Mendocino County",2015-12-01,143,20,107,24,163,131,1.24427480916031
"6418","Mendocino County",2016-01-01,134,30,102,37,164,139,1.17985611510791
"6419","Mendocino County",2016-02-01,125,41,99,36,166,135,1.22962962962963
"6420","Mendocino County",2016-03-01,123,44,101,37,167,138,1.21014492753623
"6421","Mendocino County",2016-04-01,115,52,118,20,167,138,1.21014492753623
"6422","Mendocino County",2016-05-01,110,55,119,25,165,144,1.14583333333333
"6423","Mendocino County",2016-06-01,110,55,112,25,165,137,1.2043795620438
"6424","Mendocino County",2016-07-01,133,30,102,37,163,139,1.1726618705036
"6425","Mendocino County",2016-08-01,134,30,103,38,164,141,1.16312056737589
"6426","Mendocino County",2016-09-01,165,31,93,16,196,109,1.79816513761468
"6427","Mendocino County",2016-10-01,172,24,99,18,196,117,1.67521367521368
"6428","Mendocino County",2016-11-01,163,27,106,13,190,119,1.59663865546218
"6429","Mendocino County",2016-12-01,163,28,100,14,191,114,1.67543859649123
"6430","Mendocino County",2017-01-01,144,31,108,19,175,127,1.37795275590551
"6431","Mendocino County",2017-02-01,149,31,110,17,180,127,1.41732283464567
"6432","Mendocino County",2017-03-01,147,29,111,16,176,127,1.38582677165354
"6433","Mendocino County",2017-04-01,165,26,99,15,191,114,1.67543859649123
"6434","Mendocino County",2017-05-01,174,25,99,10,199,109,1.8256880733945
"6435","Mendocino County",2017-06-01,168,32,93,11,200,104,1.92307692307692
"6436","Mendocino County",2017-07-01,178,21,88,13,199,101,1.97029702970297
"6437","Mendocino County",2017-08-01,178,18,88,16,196,104,1.88461538461538
"6438","Mendocino County",2017-09-01,183,27,75,20,210,95,2.21052631578947
"6439","Mendocino County",2017-10-01,180,26,86,20,206,106,1.94339622641509
"6440","Mendocino County",2017-11-01,172,27,88,17,199,105,1.8952380952381
"6441","Mendocino County",2017-12-01,173,18,91,20,191,111,1.72072072072072
"6442","Mendocino County",2018-01-01,163,18,98,22,181,120,1.50833333333333
"6443","Mendocino County",2018-02-01,177,17,89,19,194,108,1.7962962962963
"6444","Mendocino County",2018-03-01,179,19,88,20,198,108,1.83333333333333
"6445","Mendocino County",2018-04-01,172,25,92,11,197,103,1.9126213592233
"6446","Mendocino County",2018-05-01,176,15,92,22,191,114,1.67543859649123
"6447","Mendocino County",2018-06-01,164,23,99,17,187,116,1.61206896551724
"6448","Mendocino County",2018-07-01,182,23,84,17,205,101,2.02970297029703
"6449","Mendocino County",2018-08-01,169,28,90,17,197,107,1.8411214953271
"6450","Mendocino County",2018-09-01,174,24,87,14,198,101,1.96039603960396
"6451","Mendocino County",2018-10-01,150,21,95,21,171,116,1.47413793103448
"6452","Mendocino County",2018-11-01,144,28,99,19,172,118,1.45762711864407
"6453","Mendocino County",2018-12-01,140,27,90,14,167,104,1.60576923076923
"6454","Mendocino County",2019-01-01,147,24,98,17,171,115,1.48695652173913
"6455","Mendocino County",2019-02-01,143,12,97,20,155,117,1.32478632478632
"6456","Mendocino County",2019-03-01,161,17,80,14,178,94,1.8936170212766
"6457","Mendocino County",2019-04-01,149,26,92,11,175,103,1.69902912621359
"6458","Mendocino County",2019-05-01,150,24,96,16,174,112,1.55357142857143
"6459","Mendocino County",2019-06-01,165,22,72,17,187,89,2.10112359550562
"6460","Mendocino County",2019-07-01,166,19,70,17,185,87,2.1264367816092
"6461","Mendocino County",2019-08-01,177,20,85,12,197,97,2.03092783505155
"6462","Mendocino County",2019-09-01,177,25,85,13,202,98,2.06122448979592
"6463","Mendocino County",2019-10-01,170,19,98,11,189,109,1.73394495412844
"6464","Mendocino County",2019-11-01,176,23,91,10,199,101,1.97029702970297
"6465","Mendocino County",2019-12-01,159,21,83,21,180,104,1.73076923076923
"6466","Mendocino County",2020-01-01,160,13,77,19,173,96,1.80208333333333
"6467","Mendocino County",2020-02-01,132,22,100,17,154,117,1.31623931623932
"6468","Mendocino County",2020-03-01,117,24,100,13,141,113,1.24778761061947
"6469","Merced County",1995-10-01,322,27,135,25,349,160,2.18125
"6470","Merced County",1995-11-01,314,26,139,28,340,167,2.03592814371257
"6471","Merced County",1995-12-01,311,30,133,27,341,160,2.13125
"6472","Merced County",1996-01-01,314,29,130,30,343,160,2.14375
"6473","Merced County",1996-02-01,304,28,153,34,332,187,1.77540106951872
"6474","Merced County",1996-03-01,297,32,150,30,329,180,1.82777777777778
"6475","Merced County",1996-04-01,278,26,147,27,304,174,1.74712643678161
"6476","Merced County",1996-05-01,273,28,160,25,301,185,1.62702702702703
"6477","Merced County",1996-06-01,279,32,161,26,311,187,1.66310160427807
"6478","Merced County",1996-07-01,273,24,158,23,297,181,1.64088397790055
"6479","Merced County",1996-08-01,293,25,147,22,318,169,1.88165680473373
"6480","Merced County",1996-09-01,308,28,137,25,336,162,2.07407407407407
"6481","Merced County",1996-10-01,288,23,164,26,311,190,1.63684210526316
"6482","Merced County",1996-11-01,282,19,174,24,301,198,1.52020202020202
"6483","Merced County",1996-12-01,268,17,176,24,285,200,1.425
"6484","Merced County",1997-01-01,274,25,172,18,299,190,1.57368421052632
"6485","Merced County",1997-02-01,293,29,162,18,322,180,1.78888888888889
"6486","Merced County",1997-03-01,305,35,161,24,340,185,1.83783783783784
"6487","Merced County",1997-04-01,293,32,174,26,325,200,1.625
"6488","Merced County",1997-05-01,295,28,172,25,323,197,1.63959390862944
"6489","Merced County",1997-06-01,272,28,190,26,300,216,1.38888888888889
"6490","Merced County",1997-07-01,260,30,184,25,290,209,1.38755980861244
"6491","Merced County",1997-08-01,256,33,177,26,289,203,1.42364532019704
"6492","Merced County",1997-09-01,302,33,153,31,335,184,1.82065217391304
"6493","Merced County",1997-10-01,307,30,162,31,337,193,1.74611398963731
"6494","Merced County",1997-11-01,301,29,155,27,330,182,1.81318681318681
"6495","Merced County",1997-12-01,305,31,154,24,336,178,1.8876404494382
"6496","Merced County",1998-01-01,310,28,156,30,338,186,1.81720430107527
"6497","Merced County",1998-02-01,284,25,183,34,309,217,1.42396313364055
"6498","Merced County",1998-03-01,276,25,185,33,301,218,1.38073394495413
"6499","Merced County",1998-04-01,276,25,185,33,301,218,1.38073394495413
"6500","Merced County",1998-05-01,286,30,191,25,316,216,1.46296296296296
"6501","Merced County",1998-06-01,287,27,187,26,314,213,1.47417840375587
"6502","Merced County",1998-07-01,284,25,180,26,309,206,1.5
"6503","Merced County",1998-08-01,308,25,181,18,333,199,1.67336683417085
"6504","Merced County",1998-09-01,306,32,177,16,338,193,1.75129533678756
"6505","Merced County",1998-10-01,296,23,191,22,319,213,1.49765258215962
"6506","Merced County",1998-11-01,263,40,179,16,303,195,1.55384615384615
"6507","Merced County",1998-12-01,260,26,193,23,286,216,1.32407407407407
"6508","Merced County",1999-01-01,263,24,206,25,287,231,1.24242424242424
"6509","Merced County",1999-02-01,244,23,216,30,267,246,1.08536585365854
"6510","Merced County",1999-03-01,280,25,208,30,305,238,1.28151260504202
"6511","Merced County",1999-04-01,274,22,200,29,296,229,1.29257641921397
"6512","Merced County",1999-05-01,281,31,197,27,312,224,1.39285714285714
"6513","Merced County",1999-06-01,295,38,197,21,333,218,1.52752293577982
"6514","Merced County",1999-07-01,328,37,175,24,365,199,1.83417085427136
"6515","Merced County",1999-08-01,329,43,179,24,372,203,1.83251231527094
"6516","Merced County",1999-09-01,332,43,178,23,375,201,1.86567164179104
"6517","Merced County",1999-10-01,339,40,179,24,379,203,1.86699507389163
"6518","Merced County",1999-11-01,333,36,176,29,369,205,1.8
"6519","Merced County",1999-12-01,303,32,180,32,335,212,1.58018867924528
"6520","Merced County",2000-01-01,324,31,181,28,355,209,1.69856459330144
"6521","Merced County",2000-02-01,309,40,188,20,349,208,1.67788461538462
"6522","Merced County",2000-03-01,328,35,171,18,363,189,1.92063492063492
"6523","Merced County",2000-04-01,300,38,183,17,338,200,1.69
"6524","Merced County",2000-05-01,325,38,181,18,363,199,1.82412060301508
"6525","Merced County",2000-06-01,318,35,204,19,353,223,1.58295964125561
"6526","Merced County",2000-07-01,317,36,193,21,353,214,1.64953271028037
"6527","Merced County",2000-08-01,324,41,186,19,365,205,1.78048780487805
"6528","Merced County",2000-09-01,354,38,180,16,392,196,2
"6529","Merced County",2000-10-01,350,34,175,16,384,191,2.01047120418848
"6530","Merced County",2000-11-01,334,29,177,18,363,195,1.86153846153846
"6531","Merced County",2000-12-01,336,31,160,20,367,180,2.03888888888889
"6532","Merced County",2001-01-01,334,30,169,18,364,187,1.94652406417112
"6533","Merced County",2001-02-01,340,34,184,13,374,197,1.89847715736041
"6534","Merced County",2001-03-01,359,39,177,13,398,190,2.09473684210526
"6535","Merced County",2001-04-01,362,41,171,12,403,183,2.20218579234973
"6536","Merced County",2001-05-01,359,40,151,20,399,171,2.33333333333333
"6537","Merced County",2001-06-01,362,39,142,19,401,161,2.49068322981366
"6538","Merced County",2001-07-01,365,38,132,23,403,155,2.6
"6539","Merced County",2001-08-01,388,39,129,16,427,145,2.9448275862069
"6540","Merced County",2001-09-01,372,41,150,16,413,166,2.48795180722892
"6541","Merced County",2001-10-01,373,37,146,20,410,166,2.46987951807229
"6542","Merced County",2001-11-01,374,36,141,10,410,151,2.71523178807947
"6543","Merced County",2001-12-01,379,31,139,7,410,146,2.80821917808219
"6544","Merced County",2002-01-01,417,45,139,16,462,155,2.98064516129032
"6545","Merced County",2002-02-01,445,51,136,19,496,155,3.2
"6546","Merced County",2002-03-01,438,46,131,21,484,152,3.18421052631579
"6547","Merced County",2002-04-01,427,50,133,21,477,154,3.0974025974026
"6548","Merced County",2002-05-01,408,45,144,17,453,161,2.81366459627329
"6549","Merced County",2002-06-01,388,41,154,15,429,169,2.53846153846154
"6550","Merced County",2002-07-01,403,48,148,16,451,164,2.75
"6551","Merced County",2002-08-01,427,54,157,18,481,175,2.74857142857143
"6552","Merced County",2002-09-01,416,49,149,22,465,171,2.71929824561404
"6553","Merced County",2002-10-01,409,48,146,21,457,167,2.73652694610778
"6554","Merced County",2002-11-01,406,47,148,21,453,169,2.68047337278107
"6555","Merced County",2002-12-01,396,42,147,21,438,168,2.60714285714286
"6556","Merced County",2003-01-01,413,39,152,21,452,173,2.61271676300578
"6557","Merced County",2003-02-01,455,48,125,17,503,142,3.54225352112676
"6558","Merced County",2003-03-01,431,49,127,18,480,145,3.31034482758621
"6559","Merced County",2003-04-01,425,53,130,19,478,149,3.20805369127517
"6560","Merced County",2003-05-01,430,55,130,17,485,147,3.29931972789116
"6561","Merced County",2003-06-01,469,46,110,19,515,129,3.9922480620155
"6562","Merced County",2003-07-01,477,47,105,15,524,120,4.36666666666667
"6563","Merced County",2003-08-01,459,43,117,16,502,133,3.77443609022556
"6564","Merced County",2003-09-01,446,49,122,16,495,138,3.58695652173913
"6565","Merced County",2003-10-01,459,51,128,18,510,146,3.49315068493151
"6566","Merced County",2003-11-01,464,49,137,18,513,155,3.30967741935484
"6567","Merced County",2003-12-01,446,50,150,11,496,161,3.08074534161491
"6568","Merced County",2004-01-01,439,57,165,12,496,177,2.80225988700565
"6569","Merced County",2004-02-01,474,58,145,13,532,158,3.36708860759494
"6570","Merced County",2004-03-01,445,61,159,17,506,176,2.875
"6571","Merced County",2004-04-01,401,53,190,22,454,212,2.14150943396226
"6572","Merced County",2004-05-01,409,52,177,23,461,200,2.305
"6573","Merced County",2004-06-01,411,60,174,16,471,190,2.47894736842105
"6574","Merced County",2004-07-01,406,60,179,15,466,194,2.4020618556701
"6575","Merced County",2004-08-01,411,54,186,21,465,207,2.2463768115942
"6576","Merced County",2004-09-01,423,53,179,23,476,202,2.35643564356436
"6577","Merced County",2004-10-01,408,47,184,27,455,211,2.1563981042654
"6578","Merced County",2004-11-01,409,53,180,29,462,209,2.21052631578947
"6579","Merced County",2004-12-01,428,49,158,24,477,182,2.62087912087912
"6580","Merced County",2005-01-01,447,51,150,23,498,173,2.87861271676301
"6581","Merced County",2005-02-01,438,51,155,25,489,180,2.71666666666667
"6582","Merced County",2005-03-01,438,56,154,21,494,175,2.82285714285714
"6583","Merced County",2005-04-01,450,61,154,24,511,178,2.87078651685393
"6584","Merced County",2005-05-01,455,60,158,21,515,179,2.87709497206704
"6585","Merced County",2005-06-01,451,57,196,27,508,223,2.2780269058296
"6586","Merced County",2005-07-01,464,55,224,30,519,254,2.04330708661417
"6587","Merced County",2005-08-01,479,45,258,29,524,287,1.82578397212544
"6588","Merced County",2005-09-01,450,49,249,25,499,274,1.82116788321168
"6589","Merced County",2005-10-01,440,50,234,33,490,267,1.83520599250936
"6590","Merced County",2005-11-01,407,46,226,39,453,265,1.70943396226415
"6591","Merced County",2005-12-01,403,47,200,30,450,230,1.95652173913043
"6592","Merced County",2006-01-01,464,49,190,23,513,213,2.40845070422535
"6593","Merced County",2006-02-01,508,56,186,30,564,216,2.61111111111111
"6594","Merced County",2006-03-01,504,56,196,30,560,226,2.47787610619469
"6595","Merced County",2006-04-01,510,64,179,27,574,206,2.78640776699029
"6596","Merced County",2006-05-01,493,58,187,29,551,216,2.55092592592593
"6597","Merced County",2006-06-01,474,54,181,25,528,206,2.56310679611651
"6598","Merced County",2006-07-01,474,50,165,21,524,186,2.81720430107527
"6599","Merced County",2006-08-01,477,51,165,26,528,191,2.76439790575916
"6600","Merced County",2006-09-01,500,55,166,24,555,190,2.92105263157895
"6601","Merced County",2006-10-01,500,52,164,22,552,186,2.96774193548387
"6602","Merced County",2006-11-01,492,50,163,22,542,185,2.92972972972973
"6603","Merced County",2006-12-01,471,52,161,22,523,183,2.85792349726776
"6604","Merced County",2007-01-01,462,48,156,26,510,182,2.8021978021978
"6605","Merced County",2007-02-01,475,61,161,25,536,186,2.88172043010753
"6606","Merced County",2007-03-01,470,59,158,23,529,181,2.92265193370166
"6607","Merced County",2007-04-01,480,59,164,21,539,185,2.91351351351351
"6608","Merced County",2007-05-01,485,61,162,23,546,185,2.95135135135135
"6609","Merced County",2007-06-01,486,62,165,29,548,194,2.82474226804124
"6610","Merced County",2007-07-01,471,53,176,30,524,206,2.54368932038835
"6611","Merced County",2007-08-01,475,50,182,33,525,215,2.44186046511628
"6612","Merced County",2007-09-01,495,53,170,29,548,199,2.75376884422111
"6613","Merced County",2007-10-01,471,52,171,27,523,198,2.64141414141414
"6614","Merced County",2007-11-01,489,57,164,21,546,185,2.95135135135135
"6615","Merced County",2007-12-01,469,53,174,18,522,192,2.71875
"6616","Merced County",2008-01-01,463,52,186,19,515,205,2.51219512195122
"6617","Merced County",2008-02-01,490,57,162,18,547,180,3.03888888888889
"6618","Merced County",2008-03-01,492,48,171,21,540,192,2.8125
"6619","Merced County",2008-04-01,482,57,145,14,539,159,3.38993710691824
"6620","Merced County",2008-05-01,499,64,149,15,563,164,3.43292682926829
"6621","Merced County",2008-06-01,495,65,174,16,560,190,2.94736842105263
"6622","Merced County",2008-07-01,492,62,192,17,554,209,2.65071770334928
"6623","Merced County",2008-08-01,496,62,187,15,558,202,2.76237623762376
"6624","Merced County",2008-09-01,515,64,167,15,579,182,3.18131868131868
"6625","Merced County",2008-10-01,495,60,172,20,555,192,2.890625
"6626","Merced County",2008-11-01,498,55,202,25,553,227,2.43612334801762
"6627","Merced County",2008-12-01,507,52,180,22,559,202,2.76732673267327
"6628","Merced County",2009-01-01,524,60,187,21,584,208,2.80769230769231
"6629","Merced County",2009-02-01,505,68,192,20,573,212,2.70283018867925
"6630","Merced County",2009-03-01,478,58,183,22,536,205,2.61463414634146
"6631","Merced County",2009-04-01,474,59,169,11,533,180,2.96111111111111
"6632","Merced County",2009-05-01,474,59,169,20,533,189,2.82010582010582
"6633","Merced County",2009-06-01,504,60,168,24,564,192,2.9375
"6634","Merced County",2009-07-01,527,59,166,19,586,185,3.16756756756757
"6635","Merced County",2009-08-01,443,60,253,23,503,276,1.82246376811594
"6636","Merced County",2009-09-01,523,65,171,22,588,193,3.04663212435233
"6637","Merced County",2009-10-01,486,59,173,17,545,190,2.86842105263158
"6638","Merced County",2009-11-01,466,53,156,21,519,177,2.93220338983051
"6639","Merced County",2009-12-01,446,53,151,17,499,168,2.9702380952381
"6640","Merced County",2010-01-01,458,48,161,22,506,183,2.76502732240437
"6641","Merced County",2010-02-01,482,45,162,20,527,182,2.8956043956044
"6642","Merced County",2010-03-01,504,45,169,18,549,187,2.93582887700535
"6643","Merced County",2010-04-01,480,32,168,25,512,193,2.65284974093264
"6644","Merced County",2010-05-01,472,42,170,21,514,191,2.69109947643979
"6645","Merced County",2010-06-01,495,52,172,22,547,194,2.81958762886598
"6646","Merced County",2010-07-01,512,62,162,28,574,190,3.02105263157895
"6647","Merced County",2010-08-01,497,53,167,25,550,192,2.86458333333333
"6648","Merced County",2010-09-01,470,49,178,20,519,198,2.62121212121212
"6649","Merced County",2010-10-01,340,44,254,17,384,271,1.4169741697417
"6650","Merced County",2010-11-01,422,36,161,15,458,176,2.60227272727273
"6651","Merced County",2010-12-01,404,35,167,13,439,180,2.43888888888889
"6652","Merced County",2011-01-01,402,44,163,18,446,181,2.46408839779006
"6653","Merced County",2011-02-01,414,42,175,20,456,195,2.33846153846154
"6654","Merced County",2011-03-01,408,39,172,17,447,189,2.36507936507937
"6655","Merced County",2011-04-01,428,53,156,13,481,169,2.84615384615385
"6656","Merced County",2011-05-01,429,52,167,15,481,182,2.64285714285714
"6657","Merced County",2011-06-01,445,55,162,24,500,186,2.68817204301075
"6658","Merced County",2011-07-01,458,60,154,25,518,179,2.89385474860335
"6659","Merced County",2011-08-01,465,18,116,51,483,167,2.89221556886228
"6660","Merced County",2011-09-01,467,48,129,12,515,141,3.65248226950355
"6661","Merced County",2011-10-01,454,44,164,10,498,174,2.86206896551724
"6662","Merced County",2011-11-01,415,50,149,9,465,158,2.94303797468354
"6663","Merced County",2011-12-01,400,50,125,9,450,134,3.35820895522388
"6664","Merced County",2012-01-01,446,52,113,11,498,124,4.01612903225806
"6665","Merced County",2012-02-01,462,48,117,13,510,130,3.92307692307692
"6666","Merced County",2012-03-01,473,49,122,16,522,138,3.78260869565217
"6667","Merced County",2012-04-01,505,50,82,7,555,89,6.23595505617978
"6668","Merced County",2012-05-01,504,47,67,4,551,71,7.76056338028169
"6669","Merced County",2012-06-01,561,55,81,9,616,90,6.84444444444444
"6670","Merced County",2012-07-01,603,52,72,10,655,82,7.98780487804878
"6671","Merced County",2012-08-01,612,56,141,13,668,154,4.33766233766234
"6672","Merced County",2012-09-01,620,64,133,16,684,149,4.59060402684564
"6673","Merced County",2012-10-01,612,57,153,17,669,170,3.93529411764706
"6674","Merced County",2012-11-01,589,49,174,17,638,191,3.34031413612565
"6675","Merced County",2012-12-01,539,50,203,10,589,213,2.76525821596244
"6676","Merced County",2013-01-01,553,52,144,27,605,171,3.53801169590643
"6677","Merced County",2013-02-01,524,47,247,27,571,274,2.08394160583942
"6678","Merced County",2013-03-01,499,44,337,27,543,364,1.49175824175824
"6679","Merced County",2013-04-01,483,49,392,42,532,434,1.2258064516129
"6680","Merced County",2013-05-01,479,45,414,48,524,462,1.13419913419913
"6681","Merced County",2013-06-01,465,50,397,51,515,448,1.14955357142857
"6682","Merced County",2013-07-01,495,55,299,40,550,339,1.62241887905605
"6683","Merced County",2013-08-01,486,51,339,44,537,383,1.40208877284595
"6684","Merced County",2013-09-01,494,51,281,33,545,314,1.73566878980892
"6685","Merced County",2013-10-01,515,55,219,26,570,245,2.3265306122449
"6686","Merced County",2013-11-01,533,63,174,24,596,198,3.01010101010101
"6687","Merced County",2013-12-01,558,69,73,6,627,79,7.93670886075949
"6688","Merced County",2014-01-01,549,63,133,15,612,148,4.13513513513514
"6689","Merced County",2014-02-01,509,59,270,36,568,306,1.8562091503268
"6690","Merced County",2014-03-01,490,58,337,50,548,387,1.41602067183463
"6691","Merced County",2014-04-01,472,53,361,60,525,421,1.24703087885986
"6692","Merced County",2014-05-01,466,55,376,59,521,435,1.19770114942529
"6693","Merced County",2014-06-01,508,64,378,50,572,428,1.33644859813084
"6694","Merced County",2014-07-01,513,70,380,43,583,423,1.37825059101655
"6695","Merced County",2014-08-01,512,66,374,55,578,429,1.34731934731935
"6696","Merced County",2014-09-01,504,59,320,62,563,382,1.4738219895288
"6697","Merced County",2014-10-01,527,57,295,54,584,349,1.67335243553009
"6698","Merced County",2014-11-01,548,58,222,27,606,249,2.43373493975904
"6699","Merced County",2014-12-01,553,54,117,10,607,127,4.77952755905512
"6700","Merced County",2015-01-01,576,56,25,3,632,28,22.5714285714286
"6701","Merced County",2015-02-01,580,62,41,6,642,47,13.6595744680851
"6702","Merced County",2015-03-01,569,59,53,6,628,59,10.6440677966102
"6703","Merced County",2015-04-01,545,58,57,7,603,64,9.421875
"6704","Merced County",2015-05-01,539,59,58,13,598,71,8.42253521126761
"6705","Merced County",2015-06-01,552,58,60,14,610,74,8.24324324324324
"6706","Merced County",2015-07-01,549,67,58,7,616,65,9.47692307692308
"6707","Merced County",2015-08-01,562,64,64,10,626,74,8.45945945945946
"6708","Merced County",2015-09-01,591,70,47,7,661,54,12.2407407407407
"6709","Merced County",2015-10-01,602,75,55,4,677,59,11.4745762711864
"6710","Merced County",2015-11-01,603,64,45,2,667,47,14.1914893617021
"6711","Merced County",2015-12-01,604,59,18,3,663,21,31.5714285714286
"6712","Merced County",2016-01-01,589,64,24,3,653,27,24.1851851851852
"6713","Merced County",2016-02-01,552,61,47,4,613,51,12.0196078431373
"6714","Merced County",2016-03-01,563,56,57,10,619,67,9.23880597014925
"6715","Merced County",2016-04-01,580,51,53,6,631,59,10.6949152542373
"6716","Merced County",2016-05-01,588,53,62,10,641,72,8.90277777777778
"6717","Merced County",2016-06-01,594,57,63,5,651,68,9.57352941176471
"6718","Merced County",2016-07-01,567,56,64,4,623,68,9.16176470588235
"6719","Merced County",2016-08-01,591,60,46,5,651,51,12.7647058823529
"6720","Merced County",2016-09-01,602,58,46,3,660,49,13.469387755102
"6721","Merced County",2016-10-01,583,59,47,4,642,51,12.5882352941176
"6722","Merced County",2016-11-01,575,51,25,8,626,33,18.969696969697
"6723","Merced County",2016-12-01,595,52,12,3,647,15,43.1333333333333
"6724","Merced County",2017-01-01,584,47,20,1,631,21,30.047619047619
"6725","Merced County",2017-02-01,582,48,27,6,630,33,19.0909090909091
"6726","Merced County",2017-03-01,579,50,31,3,629,34,18.5
"6727","Merced County",2017-04-01,577,61,23,2,638,25,25.52
"6728","Merced County",2017-05-01,600,68,23,2,668,25,26.72
"6729","Merced County",2017-06-01,599,71,29,2,670,31,21.6129032258065
"6730","Merced County",2017-07-01,597,71,25,2,668,27,24.7407407407407
"6731","Merced County",2017-08-01,597,71,25,2,668,27,24.7407407407407
"6732","Merced County",2017-09-01,543,61,15,2,604,17,35.5294117647059
"6733","Merced County",2017-10-01,551,NA,22,4,NA,26,NA
"6734","Merced County",2017-11-01,527,18,58,3,545,61,8.9344262295082
"6735","Merced County",2017-12-01,648,81,27,1,729,28,26.0357142857143
"6736","Merced County",2018-01-01,517,54,17,2,571,19,30.0526315789474
"6737","Merced County",2018-02-01,520,51,24,4,571,28,20.3928571428571
"6738","Merced County",2018-03-01,506,53,26,4,559,30,18.6333333333333
"6739","Merced County",2018-04-01,487,58,35,2,545,37,14.7297297297297
"6740","Merced County",2018-05-01,506,63,31,1,569,32,17.78125
"6741","Merced County",2018-06-01,493,62,37,3,555,40,13.875
"6742","Merced County",2018-07-01,484,57,31,2,541,33,16.3939393939394
"6743","Merced County",2018-08-01,521,56,22,2,577,24,24.0416666666667
"6744","Merced County",2018-09-01,0,0,0,0,0,0,NA
"6745","Merced County",2018-10-01,530,55,12,2,585,14,41.7857142857143
"6746","Merced County",2018-11-01,0,0,0,0,0,0,NA
"6747","Merced County",2018-12-01,561,61,13,2,622,15,41.4666666666667
"6748","Merced County",2019-01-01,573,62,5,1,635,6,105.833333333333
"6749","Merced County",2019-02-01,555,54,13,0,609,13,46.8461538461538
"6750","Merced County",2019-03-01,555,61,15,1,616,16,38.5
"6751","Merced County",2019-04-01,573,65,13,1,638,14,45.5714285714286
"6752","Merced County",2019-05-01,535,65,22,3,600,25,24
"6753","Merced County",2019-06-01,535,67,24,3,602,27,22.2962962962963
"6754","Merced County",2019-07-01,562,60,18,1,622,19,32.7368421052632
"6755","Merced County",2019-08-01,563,66,19,0,629,19,33.1052631578947
"6756","Merced County",2019-09-01,553,68,27,2,621,29,21.4137931034483
"6757","Merced County",2019-10-01,509,64,28,5,573,33,17.3636363636364
"6758","Merced County",2019-11-01,519,59,23,1,578,24,24.0833333333333
"6759","Merced County",2019-12-01,506,63,20,3,569,23,24.7391304347826
"6760","Merced County",2020-01-01,501,65,47,4,566,51,11.0980392156863
"6761","Merced County",2020-02-01,506,111,20,0,617,20,30.85
"6762","Merced County",2020-03-01,465,51,8,5,516,13,39.6923076923077
"6763","Modoc County",1995-10-01,10,4,7,4,14,11,1.27272727272727
"6764","Modoc County",1995-11-01,15,1,18,5,16,23,0.695652173913043
"6765","Modoc County",1995-12-01,10,1,9,5,11,14,0.785714285714286
"6766","Modoc County",1996-01-01,10,1,28,3,11,31,0.354838709677419
"6767","Modoc County",1996-02-01,15,2,17,4,17,21,0.80952380952381
"6768","Modoc County",1996-03-01,7,2,30,3,9,33,0.272727272727273
"6769","Modoc County",1996-04-01,11,2,29,4,13,33,0.393939393939394
"6770","Modoc County",1996-05-01,4,6,19,7,10,26,0.384615384615385
"6771","Modoc County",1996-06-01,10,1,20,4,11,24,0.458333333333333
"6772","Modoc County",1996-07-01,8,1,20,2,9,22,0.409090909090909
"6773","Modoc County",1996-08-01,9,2,17,4,11,21,0.523809523809524
"6774","Modoc County",1996-09-01,9,2,20,4,11,24,0.458333333333333
"6775","Modoc County",1996-10-01,5,1,18,2,6,20,0.3
"6776","Modoc County",1996-11-01,8,2,23,4,10,27,0.37037037037037
"6777","Modoc County",1996-12-01,9,3,18,4,12,22,0.545454545454545
"6778","Modoc County",1997-01-01,5,1,18,2,6,20,0.3
"6779","Modoc County",1997-02-01,8,2,23,4,10,27,0.37037037037037
"6780","Modoc County",1997-03-01,9,3,18,4,12,22,0.545454545454545
"6781","Modoc County",1997-04-01,9,0,24,5,9,29,0.310344827586207
"6782","Modoc County",1997-05-01,9,2,26,7,11,33,0.333333333333333
"6783","Modoc County",1997-06-01,15,1,21,12,16,33,0.484848484848485
"6784","Modoc County",1997-07-01,24,1,10,3,25,13,1.92307692307692
"6785","Modoc County",1997-08-01,12,2,18,4,14,22,0.636363636363636
"6786","Modoc County",1997-09-01,15,2,17,4,17,21,0.80952380952381
"6787","Modoc County",1997-10-01,21,4,15,3,25,18,1.38888888888889
"6788","Modoc County",1997-11-01,19,11,8,7,30,15,2
"6789","Modoc County",1997-12-01,33,5,5,0,38,5,7.6
"6790","Modoc County",1998-01-01,14,1,19,3,15,22,0.681818181818182
"6791","Modoc County",1998-02-01,14,1,19,3,15,22,0.681818181818182
"6792","Modoc County",1998-03-01,13,12,20,4,25,24,1.04166666666667
"6793","Modoc County",1998-04-01,11,3,24,3,14,27,0.518518518518518
"6794","Modoc County",1998-05-01,8,3,18,5,11,23,0.478260869565217
"6795","Modoc County",1998-06-01,9,3,19,4,12,23,0.521739130434783
"6796","Modoc County",1998-07-01,11,4,13,3,15,16,0.9375
"6797","Modoc County",1998-08-01,7,1,17,3,8,20,0.4
"6798","Modoc County",1998-09-01,9,1,20,3,10,23,0.434782608695652
"6799","Modoc County",1998-10-01,9,1,20,3,10,23,0.434782608695652
"6800","Modoc County",1998-11-01,11,1,22,3,12,25,0.48
"6801","Modoc County",1998-12-01,9,2,21,3,11,24,0.458333333333333
"6802","Modoc County",1999-01-01,14,3,15,4,17,19,0.894736842105263
"6803","Modoc County",1999-02-01,14,2,16,2,16,18,0.888888888888889
"6804","Modoc County",1999-03-01,8,2,15,5,10,20,0.5
"6805","Modoc County",1999-04-01,15,3,9,7,18,16,1.125
"6806","Modoc County",1999-05-01,19,2,12,5,21,17,1.23529411764706
"6807","Modoc County",1999-06-01,19,1,12,4,20,16,1.25
"6808","Modoc County",1999-07-01,16,1,13,3,17,16,1.0625
"6809","Modoc County",1999-08-01,11,2,14,3,13,17,0.764705882352941
"6810","Modoc County",1999-09-01,7,2,10,2,9,12,0.75
"6811","Modoc County",1999-10-01,6,1,14,3,7,17,0.411764705882353
"6812","Modoc County",1999-11-01,5,2,17,3,7,20,0.35
"6813","Modoc County",1999-12-01,8,1,12,0,9,12,0.75
"6814","Modoc County",2000-01-01,11,2,14,1,13,15,0.866666666666667
"6815","Modoc County",2000-02-01,8,1,18,2,9,20,0.45
"6816","Modoc County",2000-03-01,7,1,11,5,8,16,0.5
"6817","Modoc County",2000-04-01,7,1,11,5,8,16,0.5
"6818","Modoc County",2000-05-01,7,1,11,5,8,16,0.5
"6819","Modoc County",2000-06-01,7,1,11,5,8,16,0.5
"6820","Modoc County",2000-07-01,17,8,13,3,25,16,1.5625
"6821","Modoc County",2000-08-01,13,5,14,4,18,18,1
"6822","Modoc County",2000-09-01,15,4,14,5,19,19,1
"6823","Modoc County",2000-10-01,13,4,10,5,17,15,1.13333333333333
"6824","Modoc County",2000-11-01,15,4,15,4,19,19,1
"6825","Modoc County",2000-12-01,15,7,16,3,22,19,1.15789473684211
"6826","Modoc County",2001-01-01,18,1,13,4,19,17,1.11764705882353
"6827","Modoc County",2001-02-01,15,1,14,3,16,17,0.941176470588235
"6828","Modoc County",2001-03-01,11,3,9,3,14,12,1.16666666666667
"6829","Modoc County",2001-04-01,18,3,13,2,21,15,1.4
"6830","Modoc County",2001-05-01,11,6,9,3,17,12,1.41666666666667
"6831","Modoc County",2001-06-01,21,3,9,4,24,13,1.84615384615385
"6832","Modoc County",2001-07-01,22,3,12,3,25,15,1.66666666666667
"6833","Modoc County",2001-08-01,26,1,8,1,27,9,3
"6834","Modoc County",2001-09-01,23,2,9,2,25,11,2.27272727272727
"6835","Modoc County",2001-10-01,20,4,9,4,24,13,1.84615384615385
"6836","Modoc County",2001-11-01,19,5,12,2,24,14,1.71428571428571
"6837","Modoc County",2001-12-01,23,2,16,4,25,20,1.25
"6838","Modoc County",2002-01-01,14,2,15,4,16,19,0.842105263157895
"6839","Modoc County",2002-02-01,14,2,16,2,16,18,0.888888888888889
"6840","Modoc County",2002-03-01,9,3,13,3,12,16,0.75
"6841","Modoc County",2002-04-01,17,2,12,2,19,14,1.35714285714286
"6842","Modoc County",2002-05-01,9,2,17,4,11,21,0.523809523809524
"6843","Modoc County",2002-06-01,9,1,7,6,10,13,0.769230769230769
"6844","Modoc County",2002-07-01,13,3,3,4,16,7,2.28571428571429
"6845","Modoc County",2002-08-01,8,2,7,6,10,13,0.769230769230769
"6846","Modoc County",2002-09-01,8,1,9,3,9,12,0.75
"6847","Modoc County",2002-10-01,13,2,11,3,15,14,1.07142857142857
"6848","Modoc County",2002-11-01,15,2,6,5,17,11,1.54545454545455
"6849","Modoc County",2002-12-01,17,3,6,2,20,8,2.5
"6850","Modoc County",2003-01-01,8,3,12,4,11,16,0.6875
"6851","Modoc County",2003-02-01,21,6,7,4,27,11,2.45454545454545
"6852","Modoc County",2003-03-01,15,2,11,4,17,15,1.13333333333333
"6853","Modoc County",2003-04-01,8,6,16,5,14,21,0.666666666666667
"6854","Modoc County",2003-05-01,15,4,6,7,19,13,1.46153846153846
"6855","Modoc County",2003-06-01,12,0,12,5,12,17,0.705882352941177
"6856","Modoc County",2003-07-01,13,1,9,3,14,12,1.16666666666667
"6857","Modoc County",2003-08-01,13,1,21,2,14,23,0.608695652173913
"6858","Modoc County",2003-09-01,20,2,8,2,22,10,2.2
"6859","Modoc County",2003-10-01,18,3,10,4,21,14,1.5
"6860","Modoc County",2003-11-01,17,3,11,5,20,16,1.25
"6861","Modoc County",2003-12-01,13,2,8,4,15,12,1.25
"6862","Modoc County",2004-01-01,21,3,3,0,24,3,8
"6863","Modoc County",2004-02-01,17,2,8,3,19,11,1.72727272727273
"6864","Modoc County",2004-03-01,9,2,11,7,11,18,0.611111111111111
"6865","Modoc County",2004-04-01,8,5,15,6,13,21,0.619047619047619
"6866","Modoc County",2004-05-01,7,3,15,2,10,17,0.588235294117647
"6867","Modoc County",2004-06-01,13,3,7,3,16,10,1.6
"6868","Modoc County",2004-07-01,14,3,10,3,17,13,1.30769230769231
"6869","Modoc County",2004-08-01,13,3,8,3,16,11,1.45454545454545
"6870","Modoc County",2004-09-01,11,2,9,5,13,14,0.928571428571429
"6871","Modoc County",2004-10-01,12,2,10,4,14,14,1
"6872","Modoc County",2004-11-01,11,3,11,2,14,13,1.07692307692308
"6873","Modoc County",2004-12-01,11,3,12,1,14,13,1.07692307692308
"6874","Modoc County",2005-01-01,14,2,16,2,16,18,0.888888888888889
"6875","Modoc County",2005-02-01,17,3,13,2,20,15,1.33333333333333
"6876","Modoc County",2005-03-01,19,1,15,3,20,18,1.11111111111111
"6877","Modoc County",2005-04-01,19,1,14,5,20,19,1.05263157894737
"6878","Modoc County",2005-05-01,19,3,10,10,22,20,1.1
"6879","Modoc County",2005-06-01,18,2,16,4,20,20,1
"6880","Modoc County",2005-07-01,24,3,9,7,27,16,1.6875
"6881","Modoc County",2005-08-01,18,3,12,7,21,19,1.10526315789474
"6882","Modoc County",2005-09-01,18,2,14,4,20,18,1.11111111111111
"6883","Modoc County",2005-10-01,16,2,13,4,18,17,1.05882352941176
"6884","Modoc County",2005-11-01,17,0,12,3,17,15,1.13333333333333
"6885","Modoc County",2005-12-01,12,4,9,1,16,10,1.6
"6886","Modoc County",2006-01-01,15,3,7,2,18,9,2
"6887","Modoc County",2006-02-01,10,4,6,2,14,8,1.75
"6888","Modoc County",2006-03-01,9,3,11,3,12,14,0.857142857142857
"6889","Modoc County",2006-04-01,12,5,13,3,17,16,1.0625
"6890","Modoc County",2006-05-01,16,2,10,4,18,14,1.28571428571429
"6891","Modoc County",2006-06-01,14,2,11,1,16,12,1.33333333333333
"6892","Modoc County",2006-07-01,17,4,11,1,21,12,1.75
"6893","Modoc County",2006-08-01,13,3,11,3,16,14,1.14285714285714
"6894","Modoc County",2006-09-01,11,2,12,5,13,17,0.764705882352941
"6895","Modoc County",2006-10-01,18,3,12,3,21,15,1.4
"6896","Modoc County",2006-11-01,13,4,11,3,17,14,1.21428571428571
"6897","Modoc County",2006-12-01,15,3,12,4,18,16,1.125
"6898","Modoc County",2007-01-01,12,4,9,3,16,12,1.33333333333333
"6899","Modoc County",2007-02-01,12,3,6,4,15,10,1.5
"6900","Modoc County",2007-03-01,12,3,6,5,15,11,1.36363636363636
"6901","Modoc County",2007-04-01,17,3,8,3,20,11,1.81818181818182
"6902","Modoc County",2007-05-01,15,1,5,2,16,7,2.28571428571429
"6903","Modoc County",2007-06-01,20,1,3,1,21,4,5.25
"6904","Modoc County",2007-07-01,12,1,5,1,13,6,2.16666666666667
"6905","Modoc County",2007-08-01,10,1,7,1,11,8,1.375
"6906","Modoc County",2007-09-01,13,1,5,2,14,7,2
"6907","Modoc County",2007-10-01,12,2,9,1,14,10,1.4
"6908","Modoc County",2007-11-01,9,2,8,1,11,9,1.22222222222222
"6909","Modoc County",2007-12-01,5,1,6,1,6,7,0.857142857142857
"6910","Modoc County",2008-01-01,10,1,6,1,11,7,1.57142857142857
"6911","Modoc County",2008-02-01,11,0,9,1,11,10,1.1
"6912","Modoc County",2008-03-01,7,1,7,1,8,8,1
"6913","Modoc County",2008-04-01,8,1,8,2,9,10,0.9
"6914","Modoc County",2008-05-01,8,1,6,4,9,10,0.9
"6915","Modoc County",2008-06-01,14,2,5,2,16,7,2.28571428571429
"6916","Modoc County",2008-07-01,17,2,5,1,19,6,3.16666666666667
"6917","Modoc County",2008-08-01,18,2,4,1,20,5,4
"6918","Modoc County",2008-09-01,17,3,7,1,20,8,2.5
"6919","Modoc County",2008-10-01,10,3,6,0,13,6,2.16666666666667
"6920","Modoc County",2008-11-01,12,0,8,2,12,10,1.2
"6921","Modoc County",2008-12-01,15,0,8,1,15,9,1.66666666666667
"6922","Modoc County",2009-01-01,15,0,11,0,15,11,1.36363636363636
"6923","Modoc County",2009-02-01,18,1,14,0,19,14,1.35714285714286
"6924","Modoc County",2009-03-01,17,5,9,1,22,10,2.2
"6925","Modoc County",2009-04-01,12,5,7,1,17,8,2.125
"6926","Modoc County",2009-05-01,14,2,4,1,16,5,3.2
"6927","Modoc County",2009-06-01,11,2,5,1,13,6,2.16666666666667
"6928","Modoc County",2009-07-01,13,1,3,0,14,3,4.66666666666667
"6929","Modoc County",2009-08-01,10,1,4,1,11,5,2.2
"6930","Modoc County",2009-09-01,12,1,4,1,13,5,2.6
"6931","Modoc County",2009-10-01,12,1,6,1,13,7,1.85714285714286
"6932","Modoc County",2009-11-01,10,3,5,1,13,6,2.16666666666667
"6933","Modoc County",2009-12-01,8,1,3,2,9,5,1.8
"6934","Modoc County",2010-01-01,5,1,5,2,6,7,0.857142857142857
"6935","Modoc County",2010-02-01,7,1,3,1,8,4,2
"6936","Modoc County",2010-03-01,7,1,6,1,8,7,1.14285714285714
"6937","Modoc County",2010-04-01,9,1,5,0,10,5,2
"6938","Modoc County",2010-05-01,9,1,4,1,10,5,2
"6939","Modoc County",2010-06-01,10,2,3,0,12,3,4
"6940","Modoc County",2010-07-01,8,2,3,0,10,3,3.33333333333333
"6941","Modoc County",2010-08-01,8,2,4,2,10,6,1.66666666666667
"6942","Modoc County",2010-09-01,8,1,4,1,9,5,1.8
"6943","Modoc County",2010-10-01,6,1,4,0,7,4,1.75
"6944","Modoc County",2010-11-01,6,1,3,1,7,4,1.75
"6945","Modoc County",2010-12-01,7,2,5,2,9,7,1.28571428571429
"6946","Modoc County",2011-01-01,10,1,10,1,11,11,1
"6947","Modoc County",2011-02-01,10,1,10,1,11,11,1
"6948","Modoc County",2011-03-01,10,1,10,1,11,11,1
"6949","Modoc County",2011-04-01,7,1,11,2,8,13,0.615384615384615
"6950","Modoc County",2011-05-01,9,3,9,2,12,11,1.09090909090909
"6951","Modoc County",2011-06-01,8,3,9,2,11,11,1
"6952","Modoc County",2011-07-01,10,5,3,3,15,6,2.5
"6953","Modoc County",2011-08-01,9,3,7,2,12,9,1.33333333333333
"6954","Modoc County",2011-09-01,18,4,3,2,22,5,4.4
"6955","Modoc County",2011-10-01,14,4,4,4,18,8,2.25
"6956","Modoc County",2011-11-01,13,3,4,2,16,6,2.66666666666667
"6957","Modoc County",2011-12-01,13,3,4,3,16,7,2.28571428571429
"6958","Modoc County",2012-01-01,8,3,9,2,11,11,1
"6959","Modoc County",2012-02-01,9,2,9,2,11,11,1
"6960","Modoc County",2012-03-01,12,2,7,2,14,9,1.55555555555556
"6961","Modoc County",2012-04-01,10,2,8,1,12,9,1.33333333333333
"6962","Modoc County",2012-05-01,12,1,11,1,13,12,1.08333333333333
"6963","Modoc County",2012-06-01,12,1,5,0,13,5,2.6
"6964","Modoc County",2012-07-01,13,2,6,0,15,6,2.5
"6965","Modoc County",2012-08-01,13,2,5,1,15,6,2.5
"6966","Modoc County",2012-09-01,14,2,4,1,16,5,3.2
"6967","Modoc County",2012-10-01,15,3,11,2,18,13,1.38461538461538
"6968","Modoc County",2012-11-01,15,3,10,2,18,12,1.5
"6969","Modoc County",2012-12-01,15,3,10,1,18,11,1.63636363636364
"6970","Modoc County",2013-01-01,13,3,11,3,16,14,1.14285714285714
"6971","Modoc County",2013-02-01,12,3,13,2,15,15,1
"6972","Modoc County",2013-03-01,14,4,10,4,18,14,1.28571428571429
"6973","Modoc County",2013-04-01,13,3,11,3,16,14,1.14285714285714
"6974","Modoc County",2013-05-01,14,3,10,3,17,13,1.30769230769231
"6975","Modoc County",2013-06-01,13,4,11,2,17,13,1.30769230769231
"6976","Modoc County",2013-07-01,13,3,12,2,16,14,1.14285714285714
"6977","Modoc County",2013-08-01,10,1,8,1,11,9,1.22222222222222
"6978","Modoc County",2013-09-01,13,1,5,1,14,6,2.33333333333333
"6979","Modoc County",2013-10-01,14,1,9,1,15,10,1.5
"6980","Modoc County",2013-11-01,10,1,12,1,11,13,0.846153846153846
"6981","Modoc County",2013-12-01,14,1,11,3,15,14,1.07142857142857
"6982","Modoc County",2014-01-01,12,2,12,4,14,16,0.875
"6983","Modoc County",2014-02-01,14,2,12,4,16,16,1
"6984","Modoc County",2014-03-01,13,2,15,4,15,19,0.789473684210526
"6985","Modoc County",2014-04-01,11,2,17,3,13,20,0.65
"6986","Modoc County",2014-05-01,11,5,12,3,16,15,1.06666666666667
"6987","Modoc County",2014-06-01,11,4,14,4,15,18,0.833333333333333
"6988","Modoc County",2014-07-01,10,4,14,4,14,18,0.777777777777778
"6989","Modoc County",2014-08-01,15,4,7,4,19,11,1.72727272727273
"6990","Modoc County",2014-09-01,14,3,7,4,17,11,1.54545454545455
"6991","Modoc County",2014-10-01,19,3,5,1,22,6,3.66666666666667
"6992","Modoc County",2014-11-01,19,3,6,1,22,7,3.14285714285714
"6993","Modoc County",2014-12-01,23,2,4,2,25,6,4.16666666666667
"6994","Modoc County",2015-01-01,12,2,15,2,14,17,0.823529411764706
"6995","Modoc County",2015-02-01,10,3,9,4,13,13,1
"6996","Modoc County",2015-03-01,12,2,13,2,14,15,0.933333333333333
"6997","Modoc County",2015-04-01,11,2,7,1,13,8,1.625
"6998","Modoc County",2015-05-01,13,2,9,1,15,10,1.5
"6999","Modoc County",2015-06-01,13,2,8,1,15,9,1.66666666666667
"7000","Modoc County",2015-07-01,11,2,9,1,13,10,1.3
"7001","Modoc County",2015-08-01,8,2,7,1,10,8,1.25
"7002","Modoc County",2015-09-01,8,2,7,1,10,8,1.25
"7003","Modoc County",2015-10-01,9,2,7,1,11,8,1.375
"7004","Modoc County",2015-11-01,8,4,11,3,12,14,0.857142857142857
"7005","Modoc County",2015-12-01,6,3,13,2,9,15,0.6
"7006","Modoc County",2016-01-01,13,3,8,2,16,10,1.6
"7007","Modoc County",2016-02-01,5,2,8,3,7,11,0.636363636363636
"7008","Modoc County",2016-03-01,12,2,10,3,14,13,1.07692307692308
"7009","Modoc County",2016-04-01,12,3,11,1,15,12,1.25
"7010","Modoc County",2016-05-01,0,0,0,0,0,0,NA
"7011","Modoc County",2016-06-01,0,0,0,0,0,0,NA
"7012","Modoc County",2016-07-01,13,3,7,1,16,8,2
"7013","Modoc County",2016-08-01,12,3,7,2,15,9,1.66666666666667
"7014","Modoc County",2016-09-01,15,3,6,2,18,8,2.25
"7015","Modoc County",2016-10-01,16,3,7,1,19,8,2.375
"7016","Modoc County",2016-11-01,14,3,10,1,17,11,1.54545454545455
"7017","Modoc County",2016-12-01,11,2,9,1,13,10,1.3
"7018","Modoc County",2017-01-01,14,3,8,2,17,10,1.7
"7019","Modoc County",2017-02-01,13,3,7,2,16,9,1.77777777777778
"7020","Modoc County",2017-03-01,15,3,9,2,18,11,1.63636363636364
"7021","Modoc County",2017-04-01,16,1,8,2,17,10,1.7
"7022","Modoc County",2017-05-01,14,3,7,3,17,10,1.7
"7023","Modoc County",2017-06-01,18,3,7,3,21,10,2.1
"7024","Modoc County",2017-07-01,18,2,7,2,20,9,2.22222222222222
"7025","Modoc County",2017-08-01,20,3,8,3,23,11,2.09090909090909
"7026","Modoc County",2017-09-01,20,3,8,3,23,11,2.09090909090909
"7027","Modoc County",2017-10-01,22,3,8,2,25,10,2.5
"7028","Modoc County",2017-11-01,23,4,5,2,27,7,3.85714285714286
"7029","Modoc County",2017-12-01,20,4,10,2,24,12,2
"7030","Modoc County",2018-01-01,17,2,12,2,19,14,1.35714285714286
"7031","Modoc County",2018-02-01,22,2,9,2,24,11,2.18181818181818
"7032","Modoc County",2018-03-01,18,2,11,3,20,14,1.42857142857143
"7033","Modoc County",2018-04-01,16,3,12,1,19,13,1.46153846153846
"7034","Modoc County",2018-05-01,19,3,10,1,22,11,2
"7035","Modoc County",2018-06-01,19,4,11,2,23,13,1.76923076923077
"7036","Modoc County",2018-07-01,19,4,8,3,23,11,2.09090909090909
"7037","Modoc County",2018-08-01,25,4,8,3,29,11,2.63636363636364
"7038","Modoc County",2018-09-01,27,3,9,2,30,11,2.72727272727273
"7039","Modoc County",2018-10-01,23,4,9,3,27,12,2.25
"7040","Modoc County",2018-11-01,21,1,10,2,22,12,1.83333333333333
"7041","Modoc County",2018-12-01,21,4,12,1,25,13,1.92307692307692
"7042","Modoc County",2019-01-01,20,5,12,1,25,13,1.92307692307692
"7043","Modoc County",2019-02-01,21,7,10,1,28,11,2.54545454545455
"7044","Modoc County",2019-03-01,21,6,11,3,27,14,1.92857142857143
"7045","Modoc County",2019-04-01,19,6,10,4,25,14,1.78571428571429
"7046","Modoc County",2019-05-01,24,4,10,3,28,13,2.15384615384615
"7047","Modoc County",2019-06-01,25,8,9,2,33,11,3
"7048","Modoc County",2019-07-01,20,7,9,3,27,12,2.25
"7049","Modoc County",2019-08-01,0,NA,NA,NA,NA,NA,NA
"7050","Modoc County",2019-09-01,21,3,6,3,24,9,2.66666666666667
"7051","Modoc County",2019-10-01,19,7,10,3,26,13,2
"7052","Modoc County",2019-11-01,20,5,8,5,25,13,1.92307692307692
"7053","Modoc County",2019-12-01,25,3,8,3,28,11,2.54545454545455
"7054","Modoc County",2020-01-01,18,6,7,2,24,9,2.66666666666667
"7055","Modoc County",2020-02-01,23,4,8,6,27,14,1.92857142857143
"7056","Modoc County",2020-03-01,20,3,7,2,23,9,2.55555555555556
"7057","Mono County",1995-10-01,7.65,1.45,10.32,0.19,9.1,10.51,0.865842055185538
"7058","Mono County",1995-11-01,13.17,0.93,11.77,1.5,14.1,13.27,1.06254709871891
"7059","Mono County",1995-12-01,11.71,1.84,12.48,0.26,13.55,12.74,1.06357927786499
"7060","Mono County",1996-01-01,14.94,0.84,11.71,1.52,15.78,13.23,1.19274376417234
"7061","Mono County",1996-02-01,15.37,1.06,11.76,0.83,16.43,12.59,1.30500397140588
"7062","Mono County",1996-03-01,12.29,0.23,12.81,1.06,12.52,13.87,0.902667627974045
"7063","Mono County",1996-04-01,13.43,1.3,20.3,1.03,14.73,21.33,0.690576652601969
"7064","Mono County",1996-05-01,13.65,1.35,19,1.87,15,20.87,0.718735026353618
"7065","Mono County",1996-06-01,15.9,2.27,18.2,2.83,18.17,21.03,0.864003804089396
"7066","Mono County",1996-07-01,13.13,2.55,19.45,2.58,15.68,22.03,0.711756695415343
"7067","Mono County",1996-08-01,11.1,1.35,14.87,2.35,12.45,17.22,0.722996515679443
"7068","Mono County",1996-09-01,7.97,1.17,15.23,4.4,9.14,19.63,0.465613856342333
"7069","Mono County",1996-10-01,11.94,1.32,15,6.74,13.26,21.74,0.609935602575897
"7070","Mono County",1996-11-01,8.4,0.33,11.4,3.3,8.73,14.7,0.593877551020408
"7071","Mono County",1996-12-01,7.42,0.29,7.84,2.19,7.71,10.03,0.768693918245264
"7072","Mono County",1997-01-01,13.48,0.52,10,3.23,14,13.23,1.05820105820106
"7073","Mono County",1997-02-01,11.61,0.5,18.71,2.68,12.11,21.39,0.566152407667134
"7074","Mono County",1997-03-01,11.2,0.5,23.17,3.4,11.7,26.57,0.440346255175009
"7075","Mono County",1997-04-01,7.96,0.59,19.52,2.1,8.55,21.62,0.395467160037003
"7076","Mono County",1997-05-01,8.68,2.74,17.61,1.29,11.42,18.9,0.604232804232804
"7077","Mono County",1997-06-01,11.53,2.03,13.3,2.61,13.56,15.91,0.852294154619736
"7078","Mono County",1997-07-01,14.45,1.13,14.97,1.71,15.58,16.68,0.934052757793765
"7079","Mono County",1997-08-01,12.61,1.29,12.06,1.81,13.9,13.87,1.00216294160058
"7080","Mono County",1997-09-01,10.1,2.5,16.8,1.03,12.6,17.83,0.706674144699944
"7081","Mono County",1997-10-01,10.1,0.58,20.35,2.87,10.68,23.22,0.459948320413437
"7082","Mono County",1997-11-01,13.57,1.53,19.17,3.43,15.1,22.6,0.668141592920354
"7083","Mono County",1997-12-01,12.35,1.58,16.26,2.1,13.93,18.36,0.758714596949891
"7084","Mono County",1998-01-01,7.65,0.35,14.32,1.65,8,15.97,0.50093926111459
"7085","Mono County",1998-02-01,5.54,0.25,12.39,1.32,5.79,13.71,0.422319474835886
"7086","Mono County",1998-03-01,10.49,1.45,9.02,3.56,11.94,12.58,0.94912559618442
"7087","Mono County",1998-04-01,13.43,0.9,11.27,3.2,14.33,14.47,0.990324809951624
"7088","Mono County",1998-05-01,9.13,0.47,11.7,2.57,9.6,14.27,0.672740014015417
"7089","Mono County",1998-06-01,8.34,0.4,7.4,1.13,8.74,8.53,1.02461899179367
"7090","Mono County",1998-07-01,10.52,1.87,5.26,0.48,12.39,5.74,2.15853658536585
"7091","Mono County",1998-08-01,13.52,1.29,5.87,0.55,14.81,6.42,2.30685358255452
"7092","Mono County",1998-09-01,12.9,1.07,9.97,1.53,13.97,11.5,1.21478260869565
"7093","Mono County",1998-10-01,7.42,0.1,14.68,2.77,7.52,17.45,0.430945558739255
"7094","Mono County",1998-11-01,8.67,0.67,15.03,1.6,9.34,16.63,0.561635598316296
"7095","Mono County",1998-12-01,6.9,0.61,13,0.81,7.51,13.81,0.543808834178132
"7096","Mono County",1999-01-01,6.71,0.32,14.13,1.68,7.03,15.81,0.444655281467426
"7097","Mono County",1999-02-01,9.14,0.43,14.68,2.75,9.57,17.43,0.549053356282272
"7098","Mono County",1999-03-01,11.29,0.97,11.55,2.32,12.26,13.87,0.883922134102379
"7099","Mono County",1999-04-01,8.97,0.3,13.37,1.83,9.27,15.2,0.609868421052632
"7100","Mono County",1999-05-01,8.97,0.3,13.37,1.83,9.27,15.2,0.609868421052632
"7101","Mono County",1999-06-01,8.77,1.07,12.13,0.5,9.84,12.63,0.779097387173397
"7102","Mono County",1999-07-01,9.58,1.97,8.64,0.13,11.55,8.77,1.3169897377423
"7103","Mono County",1999-08-01,10.1,1.42,7.16,1.42,11.52,8.58,1.34265734265734
"7104","Mono County",1999-09-01,7.1,0.37,8.97,0.56,7.47,9.53,0.783840503672613
"7105","Mono County",1999-10-01,10.71,1.84,9.58,1.26,12.55,10.84,1.15774907749077
"7106","Mono County",1999-11-01,7.6,2.8,9.9,1.37,10.4,11.27,0.922803904170364
"7107","Mono County",1999-12-01,7,0.77,7.29,0.81,7.77,8.1,0.959259259259259
"7108","Mono County",2000-01-01,8.61,1.16,9.19,1.69,9.77,10.88,0.897977941176471
"7109","Mono County",2000-02-01,9.24,3.9,11.79,0.41,13.14,12.2,1.07704918032787
"7110","Mono County",2000-03-01,11.54,1.94,13.94,1.42,13.48,15.36,0.877604166666667
"7111","Mono County",2000-04-01,7.5,1,14.6,3.3,8.5,17.9,0.474860335195531
"7112","Mono County",2000-05-01,7.97,2.19,14.32,2.42,10.16,16.74,0.606929510155317
"7113","Mono County",2000-06-01,10.5,1.47,11.97,1.16,11.97,13.13,0.911652703731912
"7114","Mono County",2000-07-01,7.77,1.97,13.45,1.26,9.74,14.71,0.662134602311353
"7115","Mono County",2000-08-01,10.51,2,13.68,0.84,12.51,14.52,0.861570247933884
"7116","Mono County",2000-09-01,16.2,2.23,11.87,1,18.43,12.87,1.43201243201243
"7117","Mono County",2000-10-01,9.87,1.52,18.19,0.39,11.39,18.58,0.61302475780409
"7118","Mono County",2000-11-01,7.5,2.13,14.06,0.07,9.63,14.13,0.681528662420382
"7119","Mono County",2000-12-01,5.58,3.19,10.26,1,8.77,11.26,0.77886323268206
"7120","Mono County",2001-01-01,10,3,8,2,13,10,1.3
"7121","Mono County",2001-02-01,14,6,6,3,20,9,2.22222222222222
"7122","Mono County",2001-03-01,8,5,11,6,13,17,0.764705882352941
"7123","Mono County",2001-04-01,6,3,7,7,9,14,0.642857142857143
"7124","Mono County",2001-05-01,8,3,7,5,11,12,0.916666666666667
"7125","Mono County",2001-06-01,7,3,10,6,10,16,0.625
"7126","Mono County",2001-07-01,6,4,9,4,10,13,0.769230769230769
"7127","Mono County",2001-08-01,4,2,8,3,6,11,0.545454545454545
"7128","Mono County",2001-09-01,7,1,5,2,8,7,1.14285714285714
"7129","Mono County",2001-10-01,11,2,10,3,13,13,1
"7130","Mono County",2001-11-01,8,1,13,2,9,15,0.6
"7131","Mono County",2001-12-01,8,1,8,1,9,9,1
"7132","Mono County",2002-01-01,10,3,9,2,13,11,1.18181818181818
"7133","Mono County",2002-02-01,13,3,5,1,16,6,2.66666666666667
"7134","Mono County",2002-03-01,10,1,15,2,11,17,0.647058823529412
"7135","Mono County",2002-04-01,10,3,13,9,13,22,0.590909090909091
"7136","Mono County",2002-05-01,6,2,13,3,8,16,0.5
"7137","Mono County",2002-06-01,5,1,9,6,6,15,0.4
"7138","Mono County",2002-07-01,9,2,17,1,11,18,0.611111111111111
"7139","Mono County",2002-08-01,4,2,16,1,6,17,0.352941176470588
"7140","Mono County",2002-09-01,9,0,16,2,9,18,0.5
"7141","Mono County",2002-10-01,11,1,14,1,12,15,0.8
"7142","Mono County",2002-11-01,9,0,13,1,9,14,0.642857142857143
"7143","Mono County",2002-12-01,6,2,9,1,8,10,0.8
"7144","Mono County",2003-01-01,8,2,9,3,10,12,0.833333333333333
"7145","Mono County",2003-02-01,6,3,13,3,9,16,0.5625
"7146","Mono County",2003-03-01,8,4,13,4,12,17,0.705882352941177
"7147","Mono County",2003-04-01,10,1,10,3,11,13,0.846153846153846
"7148","Mono County",2003-05-01,18,2,12,2,20,14,1.42857142857143
"7149","Mono County",2003-06-01,14,4,8,2,18,10,1.8
"7150","Mono County",2003-07-01,11,2,8,2,13,10,1.3
"7151","Mono County",2003-08-01,11,2,10,5,13,15,0.866666666666667
"7152","Mono County",2003-09-01,12,2,15,6,14,21,0.666666666666667
"7153","Mono County",2003-10-01,11,2,13,1,13,14,0.928571428571429
"7154","Mono County",2003-11-01,8,1,13,4,9,17,0.529411764705882
"7155","Mono County",2003-12-01,9,3,6,3,12,9,1.33333333333333
"7156","Mono County",2004-01-01,11,2,12,4,13,16,0.8125
"7157","Mono County",2004-02-01,13,2,16,2,15,18,0.833333333333333
"7158","Mono County",2004-03-01,10,1,16,1,11,17,0.647058823529412
"7159","Mono County",2004-04-01,14,1,15,2,15,17,0.882352941176471
"7160","Mono County",2004-05-01,18,2,14,3,20,17,1.17647058823529
"7161","Mono County",2004-06-01,18,2,14,3,20,17,1.17647058823529
"7162","Mono County",2004-07-01,12,3,18,1,15,19,0.789473684210526
"7163","Mono County",2004-08-01,14,4,11,1,18,12,1.5
"7164","Mono County",2004-09-01,12,2,13,3,14,16,0.875
"7165","Mono County",2004-10-01,13,2,16,2,15,18,0.833333333333333
"7166","Mono County",2004-11-01,13,4,17,2,17,19,0.894736842105263
"7167","Mono County",2004-12-01,13,1,16,2,14,18,0.777777777777778
"7168","Mono County",2005-01-01,11,1,19,1,12,20,0.6
"7169","Mono County",2005-02-01,16,2,19,1,18,20,0.9
"7170","Mono County",2005-03-01,17,2,15,1,19,16,1.1875
"7171","Mono County",2005-04-01,13,1,16,3,14,19,0.736842105263158
"7172","Mono County",2005-05-01,12,2,19,5,14,24,0.583333333333333
"7173","Mono County",2005-06-01,16,2,12,5,18,17,1.05882352941176
"7174","Mono County",2005-07-01,17,4,11,4,21,15,1.4
"7175","Mono County",2005-08-01,17,3,13,4,20,17,1.17647058823529
"7176","Mono County",2005-09-01,14,2,19,4,16,23,0.695652173913043
"7177","Mono County",2005-10-01,15,1,13,5,16,18,0.888888888888889
"7178","Mono County",2005-11-01,19,1,11,2,20,13,1.53846153846154
"7179","Mono County",2005-12-01,17,1,14,2,18,16,1.125
"7180","Mono County",2006-01-01,15,1,17,2,16,19,0.842105263157895
"7181","Mono County",2006-02-01,15,3,12,4,18,16,1.125
"7182","Mono County",2006-03-01,16,1,13,5,17,18,0.944444444444444
"7183","Mono County",2006-04-01,14,1,9,2,15,11,1.36363636363636
"7184","Mono County",2006-05-01,14,1,15,1,15,16,0.9375
"7185","Mono County",2006-06-01,10,1,16,3,11,19,0.578947368421053
"7186","Mono County",2006-07-01,16,1,7,3,17,10,1.7
"7187","Mono County",2006-08-01,18,1,8,3,19,11,1.72727272727273
"7188","Mono County",2006-09-01,11,4,18,5,15,23,0.652173913043478
"7189","Mono County",2006-10-01,11,2,18,4,13,22,0.590909090909091
"7190","Mono County",2006-11-01,12,1,14,4,13,18,0.722222222222222
"7191","Mono County",2006-12-01,11,0,11,3,11,14,0.785714285714286
"7192","Mono County",2007-01-01,16,1,10,2,17,12,1.41666666666667
"7193","Mono County",2007-02-01,18,1,14,1,19,15,1.26666666666667
"7194","Mono County",2007-03-01,20,2,19,3,22,22,1
"7195","Mono County",2007-04-01,18,1,21,2,19,23,0.826086956521739
"7196","Mono County",2007-05-01,14,2,20,3,16,23,0.695652173913043
"7197","Mono County",2007-06-01,16,3,17,2,19,19,1
"7198","Mono County",2007-07-01,16,2,19,1,18,20,0.9
"7199","Mono County",2007-08-01,17,1,20,3,18,23,0.782608695652174
"7200","Mono County",2007-09-01,19,1,14,3,20,17,1.17647058823529
"7201","Mono County",2007-10-01,18,1,16,1,19,17,1.11764705882353
"7202","Mono County",2007-11-01,17,1,15,2,18,17,1.05882352941176
"7203","Mono County",2007-12-01,12,0,17,1,12,18,0.666666666666667
"7204","Mono County",2008-01-01,14,1,14,1,15,15,1
"7205","Mono County",2008-02-01,12,1,13,1,13,14,0.928571428571429
"7206","Mono County",2008-03-01,14,2,11,2,16,13,1.23076923076923
"7207","Mono County",2008-04-01,15,1,14,3,16,17,0.941176470588235
"7208","Mono County",2008-05-01,15,1,19,1,16,20,0.8
"7209","Mono County",2008-06-01,14,1,23,2,15,25,0.6
"7210","Mono County",2008-07-01,16,2,17,1,18,18,1
"7211","Mono County",2008-08-01,17,1,19,1,18,20,0.9
"7212","Mono County",2008-09-01,13,1,20,1,14,21,0.666666666666667
"7213","Mono County",2008-10-01,17,1,15,3,18,18,1
"7214","Mono County",2008-11-01,16,1,12,3,17,15,1.13333333333333
"7215","Mono County",2008-12-01,17,2,14,2,19,16,1.1875
"7216","Mono County",2009-01-01,20,3,17,1,23,18,1.27777777777778
"7217","Mono County",2009-02-01,22,3,17,2,25,19,1.31578947368421
"7218","Mono County",2009-03-01,16,1,21,2,17,23,0.739130434782609
"7219","Mono County",2009-04-01,17,1,22,2,18,24,0.75
"7220","Mono County",2009-05-01,16,1,19,3,17,22,0.772727272727273
"7221","Mono County",2009-06-01,16,1,14,1,17,15,1.13333333333333
"7222","Mono County",2009-07-01,19,1,11,2,20,13,1.53846153846154
"7223","Mono County",2009-08-01,18,1,13,2,19,15,1.26666666666667
"7224","Mono County",2009-09-01,15,1,16,2,16,18,0.888888888888889
"7225","Mono County",2009-10-01,6,1,6,1,7,7,1
"7226","Mono County",2009-11-01,6,1,3,0,7,3,2.33333333333333
"7227","Mono County",2009-12-01,13,2,15,3,15,18,0.833333333333333
"7228","Mono County",2010-01-01,14,3,15,4,17,19,0.894736842105263
"7229","Mono County",2010-02-01,11,2,13,4,13,17,0.764705882352941
"7230","Mono County",2010-03-01,9,1,16,3,10,19,0.526315789473684
"7231","Mono County",2010-04-01,8,1,14,1,9,15,0.6
"7232","Mono County",2010-05-01,13,3,13,0,16,13,1.23076923076923
"7233","Mono County",2010-06-01,20,4,9,1,24,10,2.4
"7234","Mono County",2010-07-01,21,3,10,2,24,12,2
"7235","Mono County",2010-08-01,26,2,10,3,28,13,2.15384615384615
"7236","Mono County",2010-09-01,17,2,19,2,19,21,0.904761904761905
"7237","Mono County",2010-10-01,18,4,17,2,22,19,1.15789473684211
"7238","Mono County",2010-11-01,13,2,18,1,15,19,0.789473684210526
"7239","Mono County",2010-12-01,17,1,8,0,18,8,2.25
"7240","Mono County",2011-01-01,15,2,14,0,17,14,1.21428571428571
"7241","Mono County",2011-02-01,11,1,15,1,12,16,0.75
"7242","Mono County",2011-03-01,10,2,12,1,12,13,0.923076923076923
"7243","Mono County",2011-04-01,12,2,11,0,14,11,1.27272727272727
"7244","Mono County",2011-05-01,17,2,10,0,19,10,1.9
"7245","Mono County",2011-06-01,16,0,7,2,16,9,1.77777777777778
"7246","Mono County",2011-07-01,17,0,8,1,17,9,1.88888888888889
"7247","Mono County",2011-08-01,15,0,8,0,15,8,1.875
"7248","Mono County",2011-09-01,15,2,9,0,17,9,1.88888888888889
"7249","Mono County",2011-10-01,14,2,9,1,16,10,1.6
"7250","Mono County",2011-11-01,14,3,11,1,17,12,1.41666666666667
"7251","Mono County",2011-12-01,10,2,11,1,12,12,1
"7252","Mono County",2012-01-01,6,2,12,1,8,13,0.615384615384615
"7253","Mono County",2012-02-01,11,1,14,0,12,14,0.857142857142857
"7254","Mono County",2012-03-01,10,2,9,0,12,9,1.33333333333333
"7255","Mono County",2012-04-01,12,2,8,1,14,9,1.55555555555556
"7256","Mono County",2012-05-01,14,3,12,1,17,13,1.30769230769231
"7257","Mono County",2012-06-01,14,3,13,0,17,13,1.30769230769231
"7258","Mono County",2012-07-01,14,3,16,0,17,16,1.0625
"7259","Mono County",2012-08-01,16,2,15,0,18,15,1.2
"7260","Mono County",2012-09-01,13,2,18,1,15,19,0.789473684210526
"7261","Mono County",2012-10-01,13,3,21,2,16,23,0.695652173913043
"7262","Mono County",2012-11-01,11,1,17,2,12,19,0.631578947368421
"7263","Mono County",2012-12-01,12,0,13,1,12,14,0.857142857142857
"7264","Mono County",2013-01-01,12,1,14,2,13,16,0.8125
"7265","Mono County",2013-02-01,6,1,19,2,7,21,0.333333333333333
"7266","Mono County",2013-03-01,8,0,19,2,8,21,0.380952380952381
"7267","Mono County",2013-04-01,8,1,17,2,9,19,0.473684210526316
"7268","Mono County",2013-05-01,12,1,15,3,13,18,0.722222222222222
"7269","Mono County",2013-06-01,11,2,18,3,13,21,0.619047619047619
"7270","Mono County",2013-07-01,12,3,20,2,15,22,0.681818181818182
"7271","Mono County",2013-08-01,12,2,18,1,14,19,0.736842105263158
"7272","Mono County",2013-09-01,10,2,20,2,12,22,0.545454545454545
"7273","Mono County",2013-10-01,10,2,20,3,12,23,0.521739130434783
"7274","Mono County",2013-11-01,13,4,15,4,17,19,0.894736842105263
"7275","Mono County",2013-12-01,15,3,14,4,18,18,1
"7276","Mono County",2014-01-01,16,4,12,5,20,17,1.17647058823529
"7277","Mono County",2014-02-01,16,3,12,6,19,18,1.05555555555556
"7278","Mono County",2014-03-01,13,3,13,5,16,18,0.888888888888889
"7279","Mono County",2014-04-01,15,2,12,3,17,15,1.13333333333333
"7280","Mono County",2014-05-01,16,1,13,3,17,16,1.0625
"7281","Mono County",2014-06-01,16,0,11,5,16,16,1
"7282","Mono County",2014-07-01,9,2,14,5,11,19,0.578947368421053
"7283","Mono County",2014-08-01,8,2,13,5,10,18,0.555555555555556
"7284","Mono County",2014-09-01,8,0,12,6,8,18,0.444444444444444
"7285","Mono County",2014-10-01,6,1,16,3,7,19,0.368421052631579
"7286","Mono County",2014-11-01,8,2,15,1,10,16,0.625
"7287","Mono County",2014-12-01,7,1,12,2,8,14,0.571428571428571
"7288","Mono County",2015-01-01,8,0,11,1,8,12,0.666666666666667
"7289","Mono County",2015-02-01,8,1,11,1,9,12,0.75
"7290","Mono County",2015-03-01,8,0,9,2,8,11,0.727272727272727
"7291","Mono County",2015-04-01,7,0,12,2,7,14,0.5
"7292","Mono County",2015-05-01,5,1,10,2,6,12,0.5
"7293","Mono County",2015-06-01,4,0,12,1,4,13,0.307692307692308
"7294","Mono County",2015-07-01,7,4,9,1,11,10,1.1
"7295","Mono County",2015-08-01,7,3,9,2,10,11,0.909090909090909
"7296","Mono County",2015-09-01,5,2,11,2,7,13,0.538461538461538
"7297","Mono County",2015-10-01,9,1,10,3,10,13,0.769230769230769
"7298","Mono County",2015-11-01,12,1,12,2,13,14,0.928571428571429
"7299","Mono County",2015-12-01,13,0,5,3,13,8,1.625
"7300","Mono County",2016-01-01,17,2,5,2,19,7,2.71428571428571
"7301","Mono County",2016-02-01,17,4,9,1,21,10,2.1
"7302","Mono County",2016-03-01,13,4,14,2,17,16,1.0625
"7303","Mono County",2016-04-01,13,3,10,3,16,13,1.23076923076923
"7304","Mono County",2016-05-01,13,4,10,3,17,13,1.30769230769231
"7305","Mono County",2016-06-01,13,4,8,2,17,10,1.7
"7306","Mono County",2016-07-01,13,3,8,1,16,9,1.77777777777778
"7307","Mono County",2016-08-01,12,3,6,2,15,8,1.875
"7308","Mono County",2016-09-01,14,2,13,2,16,15,1.06666666666667
"7309","Mono County",2016-10-01,13,2,11,3,15,14,1.07142857142857
"7310","Mono County",2016-11-01,11,1,13,2,12,15,0.8
"7311","Mono County",2016-12-01,0,0,0,0,0,0,NA
"7312","Mono County",2017-01-01,11,1,10,2,12,12,1
"7313","Mono County",2017-02-01,14,0,11,2,14,13,1.07692307692308
"7314","Mono County",2017-03-01,18,1,12,1,19,13,1.46153846153846
"7315","Mono County",2017-04-01,17,2,8,1,19,9,2.11111111111111
"7316","Mono County",2017-05-01,18,1,8,1,19,9,2.11111111111111
"7317","Mono County",2017-06-01,19,1,8,1,20,9,2.22222222222222
"7318","Mono County",2017-07-01,21,2,6,1,23,7,3.28571428571429
"7319","Mono County",2017-08-01,19,3,11,1,22,12,1.83333333333333
"7320","Mono County",2017-09-01,19,6,13,0,25,13,1.92307692307692
"7321","Mono County",2017-10-01,13,1,11,3,14,14,1
"7322","Mono County",2017-11-01,16,3,14,1,19,15,1.26666666666667
"7323","Mono County",2017-12-01,13,3,12,0,16,12,1.33333333333333
"7324","Mono County",2018-01-01,11,2,10,1,13,11,1.18181818181818
"7325","Mono County",2018-02-01,13,3,14,2,16,16,1
"7326","Mono County",2018-03-01,16,2,16,2,18,18,1
"7327","Mono County",2018-04-01,15,1,14,1,16,15,1.06666666666667
"7328","Mono County",2018-05-01,16,1,15,1,17,16,1.0625
"7329","Mono County",2018-06-01,14,2,13,0,16,13,1.23076923076923
"7330","Mono County",2018-07-01,16,2,8,1,18,9,2
"7331","Mono County",2018-08-01,15,3,9,0,18,9,2
"7332","Mono County",2018-09-01,13,1,13,1,14,14,1
"7333","Mono County",2018-10-01,11,2,12,0,13,12,1.08333333333333
"7334","Mono County",2018-11-01,11,2,13,1,13,14,0.928571428571429
"7335","Mono County",2018-12-01,10,2,11,0,12,11,1.09090909090909
"7336","Mono County",2019-01-01,12,1,10,1,13,11,1.18181818181818
"7337","Mono County",2019-02-01,13,3,10,0,16,10,1.6
"7338","Mono County",2019-03-01,13,2,10,0,15,10,1.5
"7339","Mono County",2019-04-01,15,2,12,0,17,12,1.41666666666667
"7340","Mono County",2019-05-01,18,1,14,1,19,15,1.26666666666667
"7341","Mono County",2019-06-01,19,1,14,1,20,15,1.33333333333333
"7342","Mono County",2019-07-01,20,0,14,1,20,15,1.33333333333333
"7343","Mono County",2019-08-01,19,0,12,0,19,12,1.58333333333333
"7344","Mono County",2019-09-01,21,1,12,0,22,12,1.83333333333333
"7345","Mono County",2019-10-01,19,2,12,0,21,12,1.75
"7346","Mono County",2019-11-01,17,2,7,0,19,7,2.71428571428571
"7347","Mono County",2019-12-01,17,2,7,0,19,7,2.71428571428571
"7348","Mono County",2020-01-01,19,2,9,0,21,9,2.33333333333333
"7349","Mono County",2020-02-01,20,0,9,1,20,10,2
"7350","Mono County",2020-03-01,17,1,7,1,18,8,2.25
"7351","Monterey County",1995-10-01,573,69,291,32,642,323,1.98761609907121
"7352","Monterey County",1995-11-01,593,74,295,32,667,327,2.03975535168196
"7353","Monterey County",1995-12-01,560,61,296,30,621,326,1.90490797546012
"7354","Monterey County",1996-01-01,615,65,263,32,680,295,2.30508474576271
"7355","Monterey County",1996-02-01,625,64,292,28,689,320,2.153125
"7356","Monterey County",1996-03-01,626,65,308,30,691,338,2.04437869822485
"7357","Monterey County",1996-04-01,596,64,310,35,660,345,1.91304347826087
"7358","Monterey County",1996-05-01,585,59,303,36,644,339,1.89970501474926
"7359","Monterey County",1996-06-01,586,68,293,37,654,330,1.98181818181818
"7360","Monterey County",1996-07-01,595,72,307,47,667,354,1.88418079096045
"7361","Monterey County",1996-08-01,566,69,359,48,635,407,1.56019656019656
"7362","Monterey County",1996-09-01,567,61,360,44,628,404,1.55445544554455
"7363","Monterey County",1996-10-01,549,63,345,44,612,389,1.573264781491
"7364","Monterey County",1996-11-01,581,69,320,43,650,363,1.79063360881543
"7365","Monterey County",1996-12-01,580,72,289,46,652,335,1.94626865671642
"7366","Monterey County",1997-01-01,580,75,321,50,655,371,1.76549865229111
"7367","Monterey County",1997-02-01,707,82,225,47,789,272,2.90073529411765
"7368","Monterey County",1997-03-01,612,83,359,46,695,405,1.71604938271605
"7369","Monterey County",1997-04-01,577,67,328,38,644,366,1.75956284153005
"7370","Monterey County",1997-05-01,575,70,338,38,645,376,1.71542553191489
"7371","Monterey County",1997-06-01,591,78,343,33,669,376,1.77925531914894
"7372","Monterey County",1997-07-01,611,72,349,42,683,391,1.74680306905371
"7373","Monterey County",1997-08-01,629,72,348,37,701,385,1.82077922077922
"7374","Monterey County",1997-09-01,641,77,360,50,718,410,1.75121951219512
"7375","Monterey County",1997-10-01,642,53,370,68,695,438,1.58675799086758
"7376","Monterey County",1997-11-01,609,86,359,58,695,417,1.66666666666667
"7377","Monterey County",1997-12-01,613,85,327,53,698,380,1.83684210526316
"7378","Monterey County",1998-01-01,602,68,327,57,670,384,1.74479166666667
"7379","Monterey County",1998-02-01,585,65,321,50,650,371,1.75202156334232
"7380","Monterey County",1998-03-01,634,80,300,44,714,344,2.07558139534884
"7381","Monterey County",1998-04-01,628,70,306,53,698,359,1.94428969359331
"7382","Monterey County",1998-05-01,622,78,309,45,700,354,1.9774011299435
"7383","Monterey County",1998-06-01,631,70,349,44,701,393,1.78371501272265
"7384","Monterey County",1998-07-01,677,75,330,49,752,379,1.98416886543536
"7385","Monterey County",1998-08-01,686,72,332,47,758,379,2
"7386","Monterey County",1998-09-01,654,80,333,51,734,384,1.91145833333333
"7387","Monterey County",1998-10-01,606,65,325,49,671,374,1.79411764705882
"7388","Monterey County",1998-11-01,572,63,334,46,635,380,1.67105263157895
"7389","Monterey County",1998-12-01,524,64,332,51,588,383,1.53524804177546
"7390","Monterey County",1999-01-01,559,72,311,47,631,358,1.76256983240223
"7391","Monterey County",1999-02-01,559,72,311,47,631,358,1.76256983240223
"7392","Monterey County",1999-03-01,561,47,333,41,608,374,1.62566844919786
"7393","Monterey County",1999-04-01,541,52,325,32,593,357,1.66106442577031
"7394","Monterey County",1999-05-01,542,56,343,36,598,379,1.5778364116095
"7395","Monterey County",1999-06-01,577,55,318,33,632,351,1.8005698005698
"7396","Monterey County",1999-07-01,572,59,329,34,631,363,1.73829201101928
"7397","Monterey County",1999-08-01,564,62,338,35,626,373,1.67828418230563
"7398","Monterey County",1999-09-01,575,71,332,35,646,367,1.76021798365123
"7399","Monterey County",1999-10-01,600,63,327,38,663,365,1.81643835616438
"7400","Monterey County",1999-11-01,581,52,312,33,633,345,1.83478260869565
"7401","Monterey County",1999-12-01,578,48,284,32,626,316,1.98101265822785
"7402","Monterey County",2000-01-01,555,60,304,31,615,335,1.83582089552239
"7403","Monterey County",2000-02-01,532,79,354,39,611,393,1.55470737913486
"7404","Monterey County",2000-03-01,517,68,360,47,585,407,1.43734643734644
"7405","Monterey County",2000-04-01,497,47,352,52,544,404,1.34653465346535
"7406","Monterey County",2000-05-01,508,52,348,49,560,397,1.41057934508816
"7407","Monterey County",2000-06-01,518,56,338,49,574,387,1.48320413436693
"7408","Monterey County",2000-07-01,426,54,457,58,480,515,0.932038834951456
"7409","Monterey County",2000-08-01,436,54,448,56,490,504,0.972222222222222
"7410","Monterey County",2000-09-01,411,50,474,57,461,531,0.868173258003766
"7411","Monterey County",2000-10-01,404,52,451,58,456,509,0.895874263261297
"7412","Monterey County",2000-11-01,405,50,457,62,455,519,0.876685934489403
"7413","Monterey County",2000-12-01,422,48,435,56,470,491,0.957230142566191
"7414","Monterey County",2001-01-01,432,49,409,52,481,461,1.04338394793926
"7415","Monterey County",2001-02-01,417,44,404,61,461,465,0.991397849462366
"7416","Monterey County",2001-03-01,413,50,410,57,463,467,0.991434689507495
"7417","Monterey County",2001-04-01,437,53,417,56,490,473,1.03594080338266
"7418","Monterey County",2001-05-01,440,59,416,52,499,468,1.06623931623932
"7419","Monterey County",2001-06-01,437,63,430,49,500,479,1.04384133611691
"7420","Monterey County",2001-07-01,422,41,463,47,463,510,0.907843137254902
"7421","Monterey County",2001-08-01,431,43,456,55,474,511,0.927592954990215
"7422","Monterey County",2001-09-01,433,48,491,62,481,553,0.869801084990958
"7423","Monterey County",2001-10-01,424,45,476,68,469,544,0.862132352941177
"7424","Monterey County",2001-11-01,411,47,469,56,458,525,0.872380952380952
"7425","Monterey County",2001-12-01,404,45,458,55,449,513,0.875243664717349
"7426","Monterey County",2002-01-01,453,46,388,55,499,443,1.12641083521445
"7427","Monterey County",2002-02-01,434,46,356,48,480,404,1.18811881188119
"7428","Monterey County",2002-03-01,469,34,352,53,503,405,1.24197530864198
"7429","Monterey County",2002-04-01,486,43,349,57,529,406,1.30295566502463
"7430","Monterey County",2002-05-01,495,46,359,54,541,413,1.30992736077482
"7431","Monterey County",2002-06-01,480,48,378,62,528,440,1.2
"7432","Monterey County",2002-07-01,448,51,393,60,499,453,1.10154525386313
"7433","Monterey County",2002-08-01,453,58,418,52,511,470,1.08723404255319
"7434","Monterey County",2002-09-01,473,51,415,52,524,467,1.1220556745182
"7435","Monterey County",2002-10-01,454,54,441,61,508,502,1.01195219123506
"7436","Monterey County",2002-11-01,461,56,405,72,517,477,1.08385744234801
"7437","Monterey County",2002-12-01,492,56,409,61,548,470,1.16595744680851
"7438","Monterey County",2003-01-01,533,45,398,69,578,467,1.23768736616702
"7439","Monterey County",2003-02-01,511,43,398,71,554,469,1.18123667377399
"7440","Monterey County",2003-03-01,501,54,377,67,555,444,1.25
"7441","Monterey County",2003-04-01,522,54,389,62,576,451,1.27716186252772
"7442","Monterey County",2003-05-01,530,47,401,69,577,470,1.22765957446809
"7443","Monterey County",2003-06-01,521,42,408,66,563,474,1.18776371308017
"7444","Monterey County",2003-07-01,511,66,422,43,577,465,1.24086021505376
"7445","Monterey County",2003-08-01,500,70,446,59,570,505,1.12871287128713
"7446","Monterey County",2003-09-01,518,65,430,59,583,489,1.19222903885481
"7447","Monterey County",2003-10-01,561,78,432,58,639,490,1.30408163265306
"7448","Monterey County",2003-11-01,570,82,450,60,652,510,1.27843137254902
"7449","Monterey County",2003-12-01,537,72,426,60,609,486,1.25308641975309
"7450","Monterey County",2004-01-01,561,84,410,60,645,470,1.37234042553191
"7451","Monterey County",2004-02-01,593,84,425,54,677,479,1.4133611691023
"7452","Monterey County",2004-03-01,563,76,445,54,639,499,1.28056112224449
"7453","Monterey County",2004-04-01,548,67,453,60,615,513,1.19883040935673
"7454","Monterey County",2004-05-01,547,71,440,68,618,508,1.21653543307087
"7455","Monterey County",2004-06-01,545,74,427,70,619,497,1.24547283702213
"7456","Monterey County",2004-07-01,528,77,444,54,605,498,1.214859437751
"7457","Monterey County",2004-08-01,548,83,418,50,631,468,1.3482905982906
"7458","Monterey County",2004-09-01,570,82,408,69,652,477,1.36687631027254
"7459","Monterey County",2004-10-01,611,81,399,65,692,464,1.49137931034483
"7460","Monterey County",2004-11-01,616,79,401,49,695,450,1.54444444444444
"7461","Monterey County",2004-12-01,603,74,391,49,677,440,1.53863636363636
"7462","Monterey County",2005-01-01,653,81,338,41,734,379,1.93667546174142
"7463","Monterey County",2005-02-01,672,90,349,48,762,397,1.91939546599496
"7464","Monterey County",2005-03-01,622,87,362,58,709,420,1.68809523809524
"7465","Monterey County",2005-04-01,629,83,369,67,712,436,1.63302752293578
"7466","Monterey County",2005-05-01,638,90,382,61,728,443,1.64334085778781
"7467","Monterey County",2005-06-01,662,94,382,65,756,447,1.69127516778523
"7468","Monterey County",2005-07-01,669,82,386,68,751,454,1.65418502202643
"7469","Monterey County",2005-08-01,657,80,358,55,737,413,1.78450363196126
"7470","Monterey County",2005-09-01,666,94,378,50,760,428,1.77570093457944
"7471","Monterey County",2005-10-01,622,85,391,55,707,446,1.58520179372197
"7472","Monterey County",2005-11-01,611,71,373,56,682,429,1.58974358974359
"7473","Monterey County",2005-12-01,582,69,370,42,651,412,1.58009708737864
"7474","Monterey County",2006-01-01,623,84,356,44,707,400,1.7675
"7475","Monterey County",2006-02-01,657,95,373,45,752,418,1.79904306220096
"7476","Monterey County",2006-03-01,709,96,332,43,805,375,2.14666666666667
"7477","Monterey County",2006-04-01,726,103,316,57,829,373,2.22252010723861
"7478","Monterey County",2006-05-01,752,102,302,57,854,359,2.37883008356546
"7479","Monterey County",2006-06-01,757,82,302,62,839,364,2.30494505494505
"7480","Monterey County",2006-07-01,742,87,289,67,829,356,2.32865168539326
"7481","Monterey County",2006-08-01,757,79,296,61,836,357,2.34173669467787
"7482","Monterey County",2006-09-01,782,88,297,51,870,348,2.5
"7483","Monterey County",2006-10-01,794,89,305,56,883,361,2.44598337950139
"7484","Monterey County",2006-11-01,756,94,318,56,850,374,2.27272727272727
"7485","Monterey County",2006-12-01,772,93,309,46,865,355,2.43661971830986
"7486","Monterey County",2007-01-01,786,109,238,40,895,278,3.21942446043165
"7487","Monterey County",2007-02-01,785,116,253,40,901,293,3.07508532423208
"7488","Monterey County",2007-03-01,780,95,260,35,875,295,2.96610169491525
"7489","Monterey County",2007-04-01,768,118,232,28,886,260,3.40769230769231
"7490","Monterey County",2007-05-01,755,95,245,42,850,287,2.9616724738676
"7491","Monterey County",2007-06-01,751,109,281,49,860,330,2.60606060606061
"7492","Monterey County",2007-07-01,779,100,277,47,879,324,2.71296296296296
"7493","Monterey County",2007-08-01,769,94,257,49,863,306,2.8202614379085
"7494","Monterey County",2007-09-01,743,109,247,45,852,292,2.91780821917808
"7495","Monterey County",2007-10-01,781,114,246,41,895,287,3.1184668989547
"7496","Monterey County",2007-11-01,788,110,239,41,898,280,3.20714285714286
"7497","Monterey County",2007-12-01,746,90,237,38,836,275,3.04
"7498","Monterey County",2008-01-01,732,102,189,31,834,220,3.79090909090909
"7499","Monterey County",2008-02-01,777,115,164,30,892,194,4.5979381443299
"7500","Monterey County",2008-03-01,801,111,187,32,912,219,4.16438356164384
"7501","Monterey County",2008-04-01,796,103,175,28,899,203,4.42857142857143
"7502","Monterey County",2008-05-01,772,89,195,38,861,233,3.69527896995708
"7503","Monterey County",2008-06-01,804,93,188,34,897,222,4.04054054054054
"7504","Monterey County",2008-07-01,791,89,200,39,880,239,3.68200836820084
"7505","Monterey County",2008-08-01,770,91,215,35,861,250,3.444
"7506","Monterey County",2008-09-01,788,93,214,34,881,248,3.55241935483871
"7507","Monterey County",2008-10-01,762,93,187,26,855,213,4.01408450704225
"7508","Monterey County",2008-11-01,728,81,176,29,809,205,3.94634146341463
"7509","Monterey County",2008-12-01,712,78,180,34,790,214,3.69158878504673
"7510","Monterey County",2009-01-01,715,78,185,31,793,216,3.6712962962963
"7511","Monterey County",2009-02-01,694,80,194,32,774,226,3.42477876106195
"7512","Monterey County",2009-03-01,676,75,199,43,751,242,3.10330578512397
"7513","Monterey County",2009-04-01,692,82,183,39,774,222,3.48648648648649
"7514","Monterey County",2009-05-01,707,85,198,42,792,240,3.3
"7515","Monterey County",2009-06-01,683,92,210,49,775,259,2.99227799227799
"7516","Monterey County",2009-07-01,680,91,211,52,771,263,2.93155893536122
"7517","Monterey County",2009-08-01,686,79,248,52,765,300,2.55
"7518","Monterey County",2009-09-01,647,77,285,49,724,334,2.16766467065868
"7519","Monterey County",2009-10-01,642,77,279,50,719,329,2.1854103343465
"7520","Monterey County",2009-11-01,613,83,281,40,696,321,2.16822429906542
"7521","Monterey County",2009-12-01,582,76,295,54,658,349,1.88538681948424
"7522","Monterey County",2010-01-01,628,85,290,36,713,326,2.18711656441718
"7523","Monterey County",2010-02-01,635,80,241,27,715,268,2.66791044776119
"7524","Monterey County",2010-03-01,651,74,247,23,725,270,2.68518518518519
"7525","Monterey County",2010-04-01,649,86,235,26,735,261,2.81609195402299
"7526","Monterey County",2010-05-01,611,98,246,28,709,274,2.58759124087591
"7527","Monterey County",2010-06-01,610,98,260,36,708,296,2.39189189189189
"7528","Monterey County",2010-07-01,608,85,256,38,693,294,2.35714285714286
"7529","Monterey County",2010-08-01,631,91,270,38,722,308,2.34415584415584
"7530","Monterey County",2010-09-01,645,84,290,34,729,324,2.25
"7531","Monterey County",2010-10-01,643,82,294,40,725,334,2.17065868263473
"7532","Monterey County",2010-11-01,636,83,279,38,719,317,2.26813880126183
"7533","Monterey County",2010-12-01,670,79,242,33,749,275,2.72363636363636
"7534","Monterey County",2011-01-01,708,89,251,28,797,279,2.85663082437276
"7535","Monterey County",2011-02-01,730,86,259,32,816,291,2.80412371134021
"7536","Monterey County",2011-03-01,699,79,262,31,778,293,2.65529010238908
"7537","Monterey County",2011-04-01,657,70,279,42,727,321,2.26479750778816
"7538","Monterey County",2011-05-01,627,83,285,49,710,334,2.12574850299401
"7539","Monterey County",2011-06-01,645,79,264,49,724,313,2.31309904153355
"7540","Monterey County",2011-07-01,774,72,179,46,846,225,3.76
"7541","Monterey County",2011-08-01,737,79,191,47,816,238,3.42857142857143
"7542","Monterey County",2011-09-01,757,84,183,46,841,229,3.67248908296943
"7543","Monterey County",2011-10-01,739,82,184,47,821,231,3.55411255411255
"7544","Monterey County",2011-11-01,717,90,190,48,807,238,3.39075630252101
"7545","Monterey County",2011-12-01,714,94,192,45,808,237,3.40928270042194
"7546","Monterey County",2012-01-01,661,91,228,49,752,277,2.71480144404332
"7547","Monterey County",2012-02-01,675,100,260,54,775,314,2.46815286624204
"7548","Monterey County",2012-03-01,668,97,254,59,765,313,2.44408945686901
"7549","Monterey County",2012-04-01,669,90,288,57,759,345,2.2
"7550","Monterey County",2012-05-01,722,98,287,63,820,350,2.34285714285714
"7551","Monterey County",2012-06-01,729,90,278,61,819,339,2.41592920353982
"7552","Monterey County",2012-07-01,709,96,306,55,805,361,2.22991689750693
"7553","Monterey County",2012-08-01,652,98,280,60,750,340,2.20588235294118
"7554","Monterey County",2012-09-01,601,85,257,39,686,296,2.31756756756757
"7555","Monterey County",2012-10-01,635,88,262,54,723,316,2.2879746835443
"7556","Monterey County",2012-11-01,669,104,244,51,773,295,2.62033898305085
"7557","Monterey County",2012-12-01,662,103,246,58,765,304,2.51644736842105
"7558","Monterey County",2013-01-01,679,100,256,59,779,315,2.47301587301587
"7559","Monterey County",2013-02-01,699,58,270,98,757,368,2.0570652173913
"7560","Monterey County",2013-03-01,716,119,288,53,835,341,2.44868035190616
"7561","Monterey County",2013-04-01,677,113,285,47,790,332,2.37951807228916
"7562","Monterey County",2013-05-01,721,107,261,55,828,316,2.62025316455696
"7563","Monterey County",2013-06-01,705,118,262,53,823,315,2.61269841269841
"7564","Monterey County",2013-07-01,710,115,236,36,825,272,3.03308823529412
"7565","Monterey County",2013-08-01,727,108,217,32,835,249,3.35341365461847
"7566","Monterey County",2013-09-01,635,100,262,41,735,303,2.42574257425743
"7567","Monterey County",2013-10-01,664,94,196,51,758,247,3.06882591093117
"7568","Monterey County",2013-11-01,617,89,183,45,706,228,3.09649122807018
"7569","Monterey County",2013-12-01,624,90,192,36,714,228,3.13157894736842
"7570","Monterey County",2014-01-01,660,92,183,39,752,222,3.38738738738739
"7571","Monterey County",2014-02-01,608,81,192,43,689,235,2.93191489361702
"7572","Monterey County",2014-03-01,622,83,211,45,705,256,2.75390625
"7573","Monterey County",2014-04-01,599,201,82,46,800,128,6.25
"7574","Monterey County",2014-05-01,650,97,202,53,747,255,2.92941176470588
"7575","Monterey County",2014-06-01,638,96,198,55,734,253,2.90118577075099
"7576","Monterey County",2014-07-01,634,108,217,58,742,275,2.69818181818182
"7577","Monterey County",2014-08-01,666,109,217,50,775,267,2.90262172284644
"7578","Monterey County",2014-09-01,639,104,215,44,743,259,2.86872586872587
"7579","Monterey County",2014-10-01,678,105,225,45,783,270,2.9
"7580","Monterey County",2014-11-01,643,92,204,41,735,245,3
"7581","Monterey County",2014-12-01,592,76,218,42,668,260,2.56923076923077
"7582","Monterey County",2015-01-01,623,66,182,39,689,221,3.11764705882353
"7583","Monterey County",2015-02-01,562,67,174,27,629,201,3.12935323383085
"7584","Monterey County",2015-03-01,555,66,269,34,621,303,2.04950495049505
"7585","Monterey County",2015-04-01,535,67,272,40,602,312,1.92948717948718
"7586","Monterey County",2015-05-01,525,64,276,52,589,328,1.79573170731707
"7587","Monterey County",2015-06-01,520,54,257,53,574,310,1.85161290322581
"7588","Monterey County",2015-07-01,567,63,258,60,630,318,1.9811320754717
"7589","Monterey County",2015-08-01,541,58,240,56,599,296,2.02364864864865
"7590","Monterey County",2015-09-01,538,64,264,50,602,314,1.9171974522293
"7591","Monterey County",2015-10-01,548,73,279,49,621,328,1.89329268292683
"7592","Monterey County",2015-11-01,530,66,301,54,596,355,1.67887323943662
"7593","Monterey County",2015-12-01,529,58,290,52,587,342,1.71637426900585
"7594","Monterey County",2016-01-01,543,62,271,51,605,322,1.87888198757764
"7595","Monterey County",2016-02-01,524,55,294,49,579,343,1.68804664723032
"7596","Monterey County",2016-03-01,470,61,302,52,531,354,1.5
"7597","Monterey County",2016-04-01,461,60,298,50,521,348,1.49712643678161
"7598","Monterey County",2016-05-01,456,60,293,47,516,340,1.51764705882353
"7599","Monterey County",2016-06-01,466,75,298,55,541,353,1.53257790368272
"7600","Monterey County",2016-07-01,494,74,276,53,568,329,1.72644376899696
"7601","Monterey County",2016-08-01,495,74,305,59,569,364,1.56318681318681
"7602","Monterey County",2016-09-01,508,67,299,64,575,363,1.58402203856749
"7603","Monterey County",2016-10-01,510,71,290,47,581,337,1.72403560830861
"7604","Monterey County",2016-11-01,511,68,291,57,579,348,1.66379310344828
"7605","Monterey County",2016-12-01,512,64,278,51,576,329,1.75075987841945
"7606","Monterey County",2017-01-01,535,68,260,46,603,306,1.97058823529412
"7607","Monterey County",2017-02-01,548,69,251,48,617,299,2.06354515050167
"7608","Monterey County",2017-03-01,531,67,261,43,598,304,1.96710526315789
"7609","Monterey County",2017-04-01,538,64,247,50,602,297,2.02693602693603
"7610","Monterey County",2017-05-01,521,61,246,55,582,301,1.93355481727575
"7611","Monterey County",2017-06-01,513,58,235,57,571,292,1.95547945205479
"7612","Monterey County",2017-07-01,524,58,249,57,582,306,1.90196078431373
"7613","Monterey County",2017-08-01,504,62,276,58,566,334,1.69461077844311
"7614","Monterey County",2017-09-01,490,62,291,52,552,343,1.60932944606414
"7615","Monterey County",2017-10-01,494,58,298,54,552,352,1.56818181818182
"7616","Monterey County",2017-11-01,486,54,286,56,540,342,1.57894736842105
"7617","Monterey County",2017-12-01,461,53,282,50,514,332,1.54819277108434
"7618","Monterey County",2018-01-01,460,55,285,49,515,334,1.54191616766467
"7619","Monterey County",2018-02-01,452,59,313,51,511,364,1.40384615384615
"7620","Monterey County",2018-03-01,444,60,303,53,504,356,1.41573033707865
"7621","Monterey County",2018-04-01,471,61,298,62,532,360,1.47777777777778
"7622","Monterey County",2018-05-01,462,70,292,56,532,348,1.52873563218391
"7623","Monterey County",2018-06-01,464,72,286,54,536,340,1.57647058823529
"7624","Monterey County",2018-07-01,466,79,282,59,545,341,1.59824046920821
"7625","Monterey County",2018-08-01,476,78,277,67,554,344,1.61046511627907
"7626","Monterey County",2018-09-01,481,81,278,63,562,341,1.64809384164223
"7627","Monterey County",2018-10-01,467,76,266,65,543,331,1.6404833836858
"7628","Monterey County",2018-11-01,458,68,264,65,526,329,1.59878419452888
"7629","Monterey County",2018-12-01,449,67,264,56,516,320,1.6125
"7630","Monterey County",2019-01-01,471,70,240,51,541,291,1.85910652920962
"7631","Monterey County",2019-02-01,489,64,262,51,553,313,1.7667731629393
"7632","Monterey County",2019-03-01,488,55,269,47,543,316,1.71835443037975
"7633","Monterey County",2019-04-01,491,65,277,46,556,323,1.72136222910217
"7634","Monterey County",2019-05-01,472,63,289,55,535,344,1.55523255813953
"7635","Monterey County",2019-06-01,480,58,283,54,538,337,1.59643916913947
"7636","Monterey County",2019-07-01,506,47,273,57,553,330,1.67575757575758
"7637","Monterey County",2019-08-01,497,46,292,51,543,343,1.58309037900875
"7638","Monterey County",2019-09-01,498,47,279,46,545,325,1.67692307692308
"7639","Monterey County",2019-10-01,492,50,258,41,542,299,1.81270903010033
"7640","Monterey County",2019-11-01,509,55,248,38,564,286,1.97202797202797
"7641","Monterey County",2019-12-01,500,54,252,44,554,296,1.87162162162162
"7642","Monterey County",2020-01-01,497,55,227,42,552,269,2.05204460966543
"7643","Monterey County",2020-02-01,505,63,270,38,568,308,1.84415584415584
"7644","Monterey County",2020-03-01,467,54,238,38,521,276,1.88768115942029
"7645","Napa County",1995-10-01,132,13,74,10,145,84,1.72619047619048
"7646","Napa County",1995-11-01,126,17,64,9,143,73,1.95890410958904
"7647","Napa County",1995-12-01,122,15,63,9,137,72,1.90277777777778
"7648","Napa County",1996-01-01,121,9,79,12,130,91,1.42857142857143
"7649","Napa County",1996-02-01,110,7,90,11,117,101,1.15841584158416
"7650","Napa County",1996-03-01,100,10,95,14,110,109,1.00917431192661
"7651","Napa County",1996-04-01,103,11,83,12,114,95,1.2
"7652","Napa County",1996-05-01,103,15,67,9,118,76,1.55263157894737
"7653","Napa County",1996-06-01,98,9,59,12,107,71,1.50704225352113
"7654","Napa County",1996-07-01,92,10,60,14,102,74,1.37837837837838
"7655","Napa County",1996-08-01,93,9,59,11,102,70,1.45714285714286
"7656","Napa County",1996-09-01,90,10,64,12,100,76,1.31578947368421
"7657","Napa County",1996-10-01,93,9,72,11,102,83,1.2289156626506
"7658","Napa County",1996-11-01,92,10,71,12,102,83,1.2289156626506
"7659","Napa County",1996-12-01,93,11,72,11,104,83,1.25301204819277
"7660","Napa County",1997-01-01,102,8,62,11,110,73,1.50684931506849
"7661","Napa County",1997-02-01,104,9,64,11,113,75,1.50666666666667
"7662","Napa County",1997-03-01,105,10,66,12,115,78,1.47435897435897
"7663","Napa County",1997-04-01,124,10,69,8,134,77,1.74025974025974
"7664","Napa County",1997-05-01,113,9,61,7,122,68,1.79411764705882
"7665","Napa County",1997-06-01,100,13,60,11,113,71,1.59154929577465
"7666","Napa County",1997-07-01,107,11,60,6,118,66,1.78787878787879
"7667","Napa County",1997-08-01,103,10,62,9,113,71,1.59154929577465
"7668","Napa County",1997-09-01,101,12,69,10,113,79,1.43037974683544
"7669","Napa County",1997-10-01,114,12,71,10,126,81,1.55555555555556
"7670","Napa County",1997-11-01,114,10,70,12,124,82,1.51219512195122
"7671","Napa County",1997-12-01,114,10,68,10,124,78,1.58974358974359
"7672","Napa County",1998-01-01,112,13,74,10,125,84,1.48809523809524
"7673","Napa County",1998-02-01,110,13,74,10,123,84,1.46428571428571
"7674","Napa County",1998-03-01,105,10,74,10,115,84,1.36904761904762
"7675","Napa County",1998-04-01,126,9,55,14,135,69,1.95652173913043
"7676","Napa County",1998-05-01,121,11,70,14,132,84,1.57142857142857
"7677","Napa County",1998-06-01,132,16,72,11,148,83,1.78313253012048
"7678","Napa County",1998-07-01,126,9,55,14,135,69,1.95652173913043
"7679","Napa County",1998-08-01,121,11,70,14,132,84,1.57142857142857
"7680","Napa County",1998-09-01,132,16,72,11,148,83,1.78313253012048
"7681","Napa County",1998-10-01,124,11,74,9,135,83,1.62650602409639
"7682","Napa County",1998-11-01,121,13,63,8,134,71,1.88732394366197
"7683","Napa County",1998-12-01,113,13,47,8,126,55,2.29090909090909
"7684","Napa County",1999-01-01,115,11,55,6,126,61,2.0655737704918
"7685","Napa County",1999-02-01,118,16,45,5,134,50,2.68
"7686","Napa County",1999-03-01,128,14,42,6,142,48,2.95833333333333
"7687","Napa County",1999-04-01,88,15,73,7,103,80,1.2875
"7688","Napa County",1999-05-01,116,19,55,4,135,59,2.28813559322034
"7689","Napa County",1999-06-01,92,16,87,8,108,95,1.13684210526316
"7690","Napa County",1999-07-01,80,15,120,6,95,126,0.753968253968254
"7691","Napa County",1999-08-01,105,17,88,8,122,96,1.27083333333333
"7692","Napa County",1999-09-01,115,3,80,8,118,88,1.34090909090909
"7693","Napa County",1999-10-01,92,16,87,8,108,95,1.13684210526316
"7694","Napa County",1999-11-01,92,16,87,8,108,95,1.13684210526316
"7695","Napa County",1999-12-01,135,15,45,5,150,50,3
"7696","Napa County",2000-01-01,56,5,139,18,61,157,0.388535031847134
"7697","Napa County",2000-02-01,114,15,84,4,129,88,1.46590909090909
"7698","Napa County",2000-03-01,145,15,45,5,160,50,3.2
"7699","Napa County",2000-04-01,125,18,60,2,143,62,2.30645161290323
"7700","Napa County",2000-05-01,150,18,50,10,168,60,2.8
"7701","Napa County",2000-06-01,141,15,60,12,156,72,2.16666666666667
"7702","Napa County",2000-07-01,92,18,105,8,110,113,0.973451327433628
"7703","Napa County",2000-08-01,101,19,92,8,120,100,1.2
"7704","Napa County",2000-09-01,60,10,140,10,70,150,0.466666666666667
"7705","Napa County",2000-10-01,81,15,114,8,96,122,0.786885245901639
"7706","Napa County",2000-11-01,38,5,146,19,43,165,0.260606060606061
"7707","Napa County",2000-12-01,59,8,132,23,67,155,0.432258064516129
"7708","Napa County",2001-01-01,38,7,148,26,45,174,0.258620689655172
"7709","Napa County",2001-02-01,40,5,154,18,45,172,0.261627906976744
"7710","Napa County",2001-03-01,53,6,147,12,59,159,0.371069182389937
"7711","Napa County",2001-04-01,40,4,157,15,44,172,0.255813953488372
"7712","Napa County",2001-05-01,51,4,141,18,55,159,0.345911949685535
"7713","Napa County",2001-06-01,45,9,153,19,54,172,0.313953488372093
"7714","Napa County",2001-07-01,48,1,156,13,49,169,0.289940828402367
"7715","Napa County",2001-08-01,150,19,45,3,169,48,3.52083333333333
"7716","Napa County",2001-09-01,46,3,158,16,49,174,0.281609195402299
"7717","Napa County",2001-10-01,38,5,170,20,43,190,0.226315789473684
"7718","Napa County",2001-11-01,47,5,172,18,52,190,0.273684210526316
"7719","Napa County",2001-12-01,109,15,95,9,124,104,1.19230769230769
"7720","Napa County",2002-01-01,86,13,133,16,99,149,0.664429530201342
"7721","Napa County",2002-02-01,41,5,166,22,46,188,0.24468085106383
"7722","Napa County",2002-03-01,44,6,151,18,50,169,0.29585798816568
"7723","Napa County",2002-04-01,74,10,103,19,84,122,0.688524590163934
"7724","Napa County",2002-05-01,85,12,119,21,97,140,0.692857142857143
"7725","Napa County",2002-06-01,92,14,130,22,106,152,0.697368421052632
"7726","Napa County",2002-07-01,84,12,123,14,96,137,0.700729927007299
"7727","Napa County",2002-08-01,79,11,123,14,90,137,0.656934306569343
"7728","Napa County",2002-09-01,57,5,148,21,62,169,0.366863905325444
"7729","Napa County",2002-10-01,63,6,149,22,69,171,0.403508771929825
"7730","Napa County",2002-11-01,66,8,136,28,74,164,0.451219512195122
"7731","Napa County",2002-12-01,67,11,122,22,78,144,0.541666666666667
"7732","Napa County",2003-01-01,74,8,135,25,82,160,0.5125
"7733","Napa County",2003-02-01,63,8,150,25,71,175,0.405714285714286
"7734","Napa County",2003-03-01,54,7,153,19,61,172,0.354651162790698
"7735","Napa County",2003-04-01,50,7,157,16,57,173,0.329479768786127
"7736","Napa County",2003-05-01,51,6,154,19,57,173,0.329479768786127
"7737","Napa County",2003-06-01,48,6,158,25,54,183,0.295081967213115
"7738","Napa County",2003-07-01,41,3,160,32,44,192,0.229166666666667
"7739","Napa County",2003-08-01,37,4,153,27,41,180,0.227777777777778
"7740","Napa County",2003-09-01,38,6,170,21,44,191,0.230366492146597
"7741","Napa County",2003-10-01,43,7,175,23,50,198,0.252525252525253
"7742","Napa County",2003-11-01,42,9,168,25,51,193,0.264248704663212
"7743","Napa County",2003-12-01,40,10,154,26,50,180,0.277777777777778
"7744","Napa County",2004-01-01,47,7,154,24,54,178,0.303370786516854
"7745","Napa County",2004-02-01,47,7,157,30,54,187,0.288770053475936
"7746","Napa County",2004-03-01,43,4,160,25,47,185,0.254054054054054
"7747","Napa County",2004-04-01,46,4,153,24,50,177,0.282485875706215
"7748","Napa County",2004-05-01,42,3,165,25,45,190,0.236842105263158
"7749","Napa County",2004-06-01,38,4,164,29,42,193,0.217616580310881
"7750","Napa County",2004-07-01,40,6,166,34,46,200,0.23
"7751","Napa County",2004-08-01,41,5,164,27,46,191,0.240837696335079
"7752","Napa County",2004-09-01,46,6,163,24,52,187,0.27807486631016
"7753","Napa County",2004-10-01,52,8,176,32,60,208,0.288461538461538
"7754","Napa County",2004-11-01,44,5,164,31,49,195,0.251282051282051
"7755","Napa County",2004-12-01,46,3,163,28,49,191,0.256544502617801
"7756","Napa County",2005-01-01,42,4,180,27,46,207,0.222222222222222
"7757","Napa County",2005-02-01,135,24,85,10,159,95,1.67368421052632
"7758","Napa County",2005-03-01,142,20,80,10,162,90,1.8
"7759","Napa County",2005-04-01,130,19,92,9,149,101,1.47524752475248
"7760","Napa County",2005-05-01,131,16,104,11,147,115,1.27826086956522
"7761","Napa County",2005-06-01,124,16,101,12,140,113,1.23893805309735
"7762","Napa County",2005-07-01,133,15,105,14,148,119,1.2436974789916
"7763","Napa County",2005-08-01,131,14,107,18,145,125,1.16
"7764","Napa County",2005-09-01,131,14,107,18,145,125,1.16
"7765","Napa County",2005-10-01,133,12,101,13,145,114,1.2719298245614
"7766","Napa County",2005-11-01,134,13,111,17,147,128,1.1484375
"7767","Napa County",2005-12-01,117,17,107,18,134,125,1.072
"7768","Napa County",2006-01-01,125,15,111,16,140,127,1.10236220472441
"7769","Napa County",2006-02-01,125,15,117,12,140,129,1.08527131782946
"7770","Napa County",2006-03-01,113,18,116,10,131,126,1.03968253968254
"7771","Napa County",2006-04-01,105,15,110,10,120,120,1
"7772","Napa County",2006-05-01,110,12,101,10,122,111,1.0990990990991
"7773","Napa County",2006-06-01,116,11,96,11,127,107,1.18691588785047
"7774","Napa County",2006-07-01,112,13,92,11,125,103,1.21359223300971
"7775","Napa County",2006-08-01,120,13,92,8,133,100,1.33
"7776","Napa County",2006-09-01,137,20,78,8,157,86,1.82558139534884
"7777","Napa County",2006-10-01,119,22,75,14,141,89,1.58426966292135
"7778","Napa County",2006-11-01,122,19,70,14,141,84,1.67857142857143
"7779","Napa County",2006-12-01,128,19,64,10,147,74,1.98648648648649
"7780","Napa County",2007-01-01,139,21,67,14,160,81,1.97530864197531
"7781","Napa County",2007-02-01,134,21,80,11,155,91,1.7032967032967
"7782","Napa County",2007-03-01,128,26,81,13,154,94,1.63829787234043
"7783","Napa County",2007-04-01,131,25,65,13,156,78,2
"7784","Napa County",2007-05-01,143,24,54,14,167,68,2.45588235294118
"7785","Napa County",2007-06-01,152,20,62,12,172,74,2.32432432432432
"7786","Napa County",2007-07-01,141,20,63,9,161,72,2.23611111111111
"7787","Napa County",2007-08-01,140,22,59,8,162,67,2.41791044776119
"7788","Napa County",2007-09-01,139,25,59,13,164,72,2.27777777777778
"7789","Napa County",2007-10-01,120,19,70,17,139,87,1.59770114942529
"7790","Napa County",2007-11-01,119,19,73,16,138,89,1.55056179775281
"7791","Napa County",2007-12-01,118,16,67,10,134,77,1.74025974025974
"7792","Napa County",2008-01-01,128,20,77,10,148,87,1.70114942528736
"7793","Napa County",2008-02-01,119,27,81,15,146,96,1.52083333333333
"7794","Napa County",2008-03-01,138,16,71,15,154,86,1.7906976744186
"7795","Napa County",2008-04-01,142,16,68,10,158,78,2.02564102564103
"7796","Napa County",2008-05-01,142,15,70,8,157,78,2.01282051282051
"7797","Napa County",2008-06-01,149,16,62,11,165,73,2.26027397260274
"7798","Napa County",2008-07-01,140,18,70,13,158,83,1.90361445783133
"7799","Napa County",2008-08-01,135,18,69,13,153,82,1.86585365853659
"7800","Napa County",2008-09-01,133,27,74,9,160,83,1.92771084337349
"7801","Napa County",2008-10-01,131,27,73,17,158,90,1.75555555555556
"7802","Napa County",2008-11-01,137,27,64,14,164,78,2.1025641025641
"7803","Napa County",2008-12-01,136,27,64,14,163,78,2.08974358974359
"7804","Napa County",2009-01-01,139,21,66,12,160,78,2.05128205128205
"7805","Napa County",2009-02-01,163,23,66,11,186,77,2.41558441558442
"7806","Napa County",2009-03-01,159,20,72,13,179,85,2.10588235294118
"7807","Napa County",2009-04-01,158,17,74,13,175,87,2.01149425287356
"7808","Napa County",2009-05-01,135,17,72,12,152,84,1.80952380952381
"7809","Napa County",2009-06-01,132,16,70,14,148,84,1.76190476190476
"7810","Napa County",2009-07-01,146,18,68,16,164,84,1.95238095238095
"7811","Napa County",2009-08-01,159,21,65,19,180,84,2.14285714285714
"7812","Napa County",2009-09-01,158,23,68,17,181,85,2.12941176470588
"7813","Napa County",2009-10-01,155,20,74,18,175,92,1.90217391304348
"7814","Napa County",2009-11-01,158,24,67,15,182,82,2.21951219512195
"7815","Napa County",2009-12-01,140,20,66,8,160,74,2.16216216216216
"7816","Napa County",2010-01-01,135,20,65,13,155,78,1.98717948717949
"7817","Napa County",2010-02-01,135,17,53,12,152,65,2.33846153846154
"7818","Napa County",2010-03-01,147,15,61,13,162,74,2.18918918918919
"7819","Napa County",2010-04-01,147,15,61,13,162,74,2.18918918918919
"7820","Napa County",2010-05-01,152,23,68,14,175,82,2.13414634146341
"7821","Napa County",2010-06-01,135,22,68,16,157,84,1.86904761904762
"7822","Napa County",2010-07-01,128,15,69,19,143,88,1.625
"7823","Napa County",2010-08-01,134,13,78,19,147,97,1.51546391752577
"7824","Napa County",2010-09-01,154,20,76,15,174,91,1.91208791208791
"7825","Napa County",2010-10-01,164,21,70,15,185,85,2.17647058823529
"7826","Napa County",2010-11-01,164,22,72,14,186,86,2.16279069767442
"7827","Napa County",2010-12-01,152,15,74,12,167,86,1.94186046511628
"7828","Napa County",2011-01-01,151,14,81,15,165,96,1.71875
"7829","Napa County",2011-02-01,168,14,71,19,182,90,2.02222222222222
"7830","Napa County",2011-03-01,175,15,61,18,190,79,2.40506329113924
"7831","Napa County",2011-04-01,168,20,69,17,188,86,2.18604651162791
"7832","Napa County",2011-05-01,164,17,70,15,181,85,2.12941176470588
"7833","Napa County",2011-06-01,162,18,84,16,180,100,1.8
"7834","Napa County",2011-07-01,141,17,75,20,158,95,1.66315789473684
"7835","Napa County",2011-08-01,142,14,74,20,156,94,1.65957446808511
"7836","Napa County",2011-09-01,164,18,65,18,182,83,2.19277108433735
"7837","Napa County",2011-10-01,178,19,68,16,197,84,2.3452380952381
"7838","Napa County",2011-11-01,178,19,60,10,197,70,2.81428571428571
"7839","Napa County",2011-12-01,168,14,61,10,182,71,2.56338028169014
"7840","Napa County",2012-01-01,159,15,77,11,174,88,1.97727272727273
"7841","Napa County",2012-02-01,157,10,73,12,167,85,1.96470588235294
"7842","Napa County",2012-03-01,161,10,76,11,171,87,1.96551724137931
"7843","Napa County",2012-04-01,163,10,73,13,173,86,2.01162790697674
"7844","Napa County",2012-05-01,146,13,77,9,159,86,1.84883720930233
"7845","Napa County",2012-06-01,148,16,76,11,164,87,1.88505747126437
"7846","Napa County",2012-07-01,136,18,82,14,154,96,1.60416666666667
"7847","Napa County",2012-08-01,130,20,75,16,150,91,1.64835164835165
"7848","Napa County",2012-09-01,141,18,79,14,159,93,1.70967741935484
"7849","Napa County",2012-10-01,131,21,76,13,152,89,1.70786516853933
"7850","Napa County",2012-11-01,144,23,77,16,167,93,1.79569892473118
"7851","Napa County",2012-12-01,154,24,64,13,178,77,2.31168831168831
"7852","Napa County",2013-01-01,163,21,76,10,184,86,2.13953488372093
"7853","Napa County",2013-02-01,165,19,73,9,184,82,2.24390243902439
"7854","Napa County",2013-03-01,147,21,79,13,168,92,1.82608695652174
"7855","Napa County",2013-04-01,127,18,83,10,145,93,1.55913978494624
"7856","Napa County",2013-05-01,120,14,73,11,134,84,1.5952380952381
"7857","Napa County",2013-06-01,131,20,82,10,151,92,1.64130434782609
"7858","Napa County",2013-07-01,149,16,68,10,165,78,2.11538461538462
"7859","Napa County",2013-08-01,164,11,65,8,175,73,2.3972602739726
"7860","Napa County",2013-09-01,165,15,69,6,180,75,2.4
"7861","Napa County",2013-10-01,163,20,62,8,183,70,2.61428571428571
"7862","Napa County",2013-11-01,160,22,63,8,182,71,2.56338028169014
"7863","Napa County",2013-12-01,153,22,53,10,175,63,2.77777777777778
"7864","Napa County",2014-01-01,156,23,51,12,179,63,2.84126984126984
"7865","Napa County",2014-02-01,165,28,47,10,193,57,3.3859649122807
"7866","Napa County",2014-03-01,159,21,51,8,180,59,3.05084745762712
"7867","Napa County",2014-04-01,160,21,53,5,181,58,3.12068965517241
"7868","Napa County",2014-05-01,153,23,55,6,176,61,2.88524590163934
"7869","Napa County",2014-06-01,162,25,50,7,187,57,3.28070175438596
"7870","Napa County",2014-07-01,153,24,52,8,177,60,2.95
"7871","Napa County",2014-08-01,147,24,57,8,171,65,2.63076923076923
"7872","Napa County",2014-09-01,135,15,43,2,150,45,3.33333333333333
"7873","Napa County",2014-10-01,114,12,52,2,126,54,2.33333333333333
"7874","Napa County",2014-11-01,113,17,46,2,130,48,2.70833333333333
"7875","Napa County",2014-12-01,109,15,43,4,124,47,2.63829787234043
"7876","Napa County",2015-01-01,98,15,41,4,113,45,2.51111111111111
"7877","Napa County",2015-02-01,110,17,46,3,127,49,2.59183673469388
"7878","Napa County",2015-03-01,114,16,45,7,130,52,2.5
"7879","Napa County",2015-04-01,121,18,45,4,139,49,2.83673469387755
"7880","Napa County",2015-05-01,126,14,48,5,140,53,2.64150943396226
"7881","Napa County",2015-06-01,122,14,43,2,136,45,3.02222222222222
"7882","Napa County",2015-07-01,96,12,40,3,108,43,2.51162790697674
"7883","Napa County",2015-08-01,107,12,47,12,119,59,2.01694915254237
"7884","Napa County",2015-09-01,101,11,53,10,112,63,1.77777777777778
"7885","Napa County",2015-10-01,121,16,38,6,137,44,3.11363636363636
"7886","Napa County",2015-11-01,106,10,38,4,116,42,2.76190476190476
"7887","Napa County",2015-12-01,84,12,42,3,96,45,2.13333333333333
"7888","Napa County",2016-01-01,94,12,40,4,106,44,2.40909090909091
"7889","Napa County",2016-02-01,98,19,44,3,117,47,2.48936170212766
"7890","Napa County",2016-03-01,97,15,46,4,112,50,2.24
"7891","Napa County",2016-04-01,117,23,72,11,140,83,1.68674698795181
"7892","Napa County",2016-05-01,111,15,76,11,126,87,1.44827586206897
"7893","Napa County",2016-06-01,106,17,68,12,123,80,1.5375
"7894","Napa County",2016-07-01,126,17,63,11,143,74,1.93243243243243
"7895","Napa County",2016-08-01,116,14,59,14,130,73,1.78082191780822
"7896","Napa County",2016-09-01,112,13,57,11,125,68,1.83823529411765
"7897","Napa County",2016-10-01,89,13,40,5,102,45,2.26666666666667
"7898","Napa County",2016-11-01,158,23,15,3,181,18,10.0555555555556
"7899","Napa County",2016-12-01,190,28,14,4,218,18,12.1111111111111
"7900","Napa County",2017-01-01,192,32,19,5,224,24,9.33333333333333
"7901","Napa County",2017-02-01,152,19,12,3,171,15,11.4
"7902","Napa County",2017-03-01,119,22,34,4,141,38,3.71052631578947
"7903","Napa County",2017-04-01,120,19,29,6,139,35,3.97142857142857
"7904","Napa County",2017-05-01,101,20,46,11,121,57,2.12280701754386
"7905","Napa County",2017-06-01,108,23,49,11,131,60,2.18333333333333
"7906","Napa County",2017-07-01,119,20,48,8,139,56,2.48214285714286
"7907","Napa County",2017-08-01,112,15,41,10,127,51,2.49019607843137
"7908","Napa County",2017-09-01,112,19,40,7,131,47,2.78723404255319
"7909","Napa County",2017-10-01,94,17,34,8,111,42,2.64285714285714
"7910","Napa County",2017-11-01,114,25,32,13,139,45,3.08888888888889
"7911","Napa County",2017-12-01,104,24,40,10,128,50,2.56
"7912","Napa County",2018-01-01,122,20,47,12,142,59,2.40677966101695
"7913","Napa County",2018-02-01,115,18,53,15,133,68,1.95588235294118
"7914","Napa County",2018-03-01,131,22,58,13,153,71,2.15492957746479
"7915","Napa County",2018-04-01,139,25,61,10,164,71,2.30985915492958
"7916","Napa County",2018-05-01,126,20,62,13,146,75,1.94666666666667
"7917","Napa County",2018-06-01,133,16,60,21,149,81,1.83950617283951
"7918","Napa County",2018-07-01,135,17,59,16,152,75,2.02666666666667
"7919","Napa County",2018-08-01,139,16,66,19,155,85,1.82352941176471
"7920","Napa County",2018-09-01,146,19,70,15,165,85,1.94117647058824
"7921","Napa County",2018-10-01,146,19,68,12,165,80,2.0625
"7922","Napa County",2018-11-01,149,14,74,15,163,89,1.8314606741573
"7923","Napa County",2018-12-01,145,11,79,18,156,97,1.60824742268041
"7924","Napa County",2019-01-01,134,13,82,17,147,99,1.48484848484848
"7925","Napa County",2019-02-01,137,16,72,23,153,95,1.61052631578947
"7926","Napa County",2019-03-01,138,18,71,24,156,95,1.64210526315789
"7927","Napa County",2019-04-01,150,22,69,17,172,86,2
"7928","Napa County",2019-05-01,151,19,68,11,170,79,2.15189873417722
"7929","Napa County",2019-06-01,141,24,79,11,165,90,1.83333333333333
"7930","Napa County",2019-07-01,152,23,73,17,175,90,1.94444444444444
"7931","Napa County",2019-08-01,141,17,78,16,158,94,1.68085106382979
"7932","Napa County",2019-09-01,128,24,85,14,152,99,1.53535353535354
"7933","Napa County",2019-10-01,119,20,93,13,139,106,1.31132075471698
"7934","Napa County",2019-11-01,124,25,87,19,149,106,1.40566037735849
"7935","Napa County",2019-12-01,117,18,84,18,135,102,1.32352941176471
"7936","Napa County",2020-01-01,130,20,81,12,150,93,1.61290322580645
"7937","Napa County",2020-02-01,136,25,83,10,161,93,1.73118279569892
"7938","Napa County",2020-03-01,128,21,74,13,149,87,1.71264367816092
"7939","Nevada County",1995-10-01,81,13,59,14,94,73,1.28767123287671
"7940","Nevada County",1995-11-01,75,8,66,16,83,82,1.01219512195122
"7941","Nevada County",1995-12-01,78,5,70,10,83,80,1.0375
"7942","Nevada County",1996-01-01,79,11,78,11,90,89,1.01123595505618
"7943","Nevada County",1996-02-01,78,9,84,12,87,96,0.90625
"7944","Nevada County",1996-03-01,76,10,81,9,86,90,0.955555555555556
"7945","Nevada County",1996-04-01,80,10,71,7,90,78,1.15384615384615
"7946","Nevada County",1996-05-01,65,5,64,7,70,71,0.985915492957746
"7947","Nevada County",1996-06-01,66,7,61,8,73,69,1.05797101449275
"7948","Nevada County",1996-07-01,77,6,58,7,83,65,1.27692307692308
"7949","Nevada County",1996-08-01,89,7,51,10,96,61,1.57377049180328
"7950","Nevada County",1996-09-01,79,5,57,11,84,68,1.23529411764706
"7951","Nevada County",1996-10-01,68,5,55,9,73,64,1.140625
"7952","Nevada County",1996-11-01,60,9,58,22,69,80,0.8625
"7953","Nevada County",1996-12-01,69,9,52,10,78,62,1.25806451612903
"7954","Nevada County",1997-01-01,83,6,53,9,89,62,1.43548387096774
"7955","Nevada County",1997-02-01,72,4,59,9,76,68,1.11764705882353
"7956","Nevada County",1997-03-01,69,9,61,9,78,70,1.11428571428571
"7957","Nevada County",1997-04-01,66,11,64,8,77,72,1.06944444444444
"7958","Nevada County",1997-05-01,71,11,69,8,82,77,1.06493506493506
"7959","Nevada County",1997-06-01,70,13,63,10,83,73,1.13698630136986
"7960","Nevada County",1997-07-01,72,14,50,13,86,63,1.36507936507937
"7961","Nevada County",1997-08-01,80,15,52,13,95,65,1.46153846153846
"7962","Nevada County",1997-09-01,76,14,51,11,90,62,1.45161290322581
"7963","Nevada County",1997-10-01,70,11,44,13,81,57,1.42105263157895
"7964","Nevada County",1997-11-01,67,10,48,8,77,56,1.375
"7965","Nevada County",1997-12-01,71,8,48,8,79,56,1.41071428571429
"7966","Nevada County",1998-01-01,74,12,51,10,86,61,1.40983606557377
"7967","Nevada County",1998-02-01,73,13,53,11,86,64,1.34375
"7968","Nevada County",1998-03-01,75,11,47,16,86,63,1.36507936507937
"7969","Nevada County",1998-04-01,77,15,53,17,92,70,1.31428571428571
"7970","Nevada County",1998-05-01,75,14,51,11,89,62,1.43548387096774
"7971","Nevada County",1998-06-01,70,11,42,16,81,58,1.39655172413793
"7972","Nevada County",1998-07-01,71,12,43,14,83,57,1.45614035087719
"7973","Nevada County",1998-08-01,62,10,47,9,72,56,1.28571428571429
"7974","Nevada County",1998-09-01,67,9,38,7,76,45,1.68888888888889
"7975","Nevada County",1998-10-01,61,14,27,8,75,35,2.14285714285714
"7976","Nevada County",1998-11-01,69,11,26,8,80,34,2.35294117647059
"7977","Nevada County",1998-12-01,68,9,30,8,77,38,2.02631578947368
"7978","Nevada County",1999-01-01,77,10,36,5,87,41,2.1219512195122
"7979","Nevada County",1999-02-01,79,12,45,9,91,54,1.68518518518519
"7980","Nevada County",1999-03-01,85,11,53,4,96,57,1.68421052631579
"7981","Nevada County",1999-04-01,80,14,50,6,94,56,1.67857142857143
"7982","Nevada County",1999-05-01,86,12,47,7,98,54,1.81481481481481
"7983","Nevada County",1999-06-01,95,9,47,8,104,55,1.89090909090909
"7984","Nevada County",1999-07-01,87,10,54,12,97,66,1.46969696969697
"7985","Nevada County",1999-08-01,75,9,48,13,84,61,1.37704918032787
"7986","Nevada County",1999-09-01,75,8,53,13,83,66,1.25757575757576
"7987","Nevada County",1999-10-01,84,7,59,12,91,71,1.28169014084507
"7988","Nevada County",1999-11-01,94,6,71,15,100,86,1.16279069767442
"7989","Nevada County",1999-12-01,92,3,67,10,95,77,1.23376623376623
"7990","Nevada County",2000-01-01,80,5,65,10,85,75,1.13333333333333
"7991","Nevada County",2000-02-01,81,4,60,12,85,72,1.18055555555556
"7992","Nevada County",2000-03-01,81,5,59,12,86,71,1.2112676056338
"7993","Nevada County",2000-04-01,82,4,65,12,86,77,1.11688311688312
"7994","Nevada County",2000-05-01,72,6,63,13,78,76,1.02631578947368
"7995","Nevada County",2000-06-01,75,4,64,14,79,78,1.01282051282051
"7996","Nevada County",2000-07-01,67,6,56,14,73,70,1.04285714285714
"7997","Nevada County",2000-08-01,55,6,51,9,61,60,1.01666666666667
"7998","Nevada County",2000-09-01,67,7,49,10,74,59,1.25423728813559
"7999","Nevada County",2000-10-01,70,8,39,9,78,48,1.625
"8000","Nevada County",2000-11-01,73,8,45,9,81,54,1.5
"8001","Nevada County",2000-12-01,64,6,47,6,70,53,1.32075471698113
"8002","Nevada County",2001-01-01,65,7,43,9,72,52,1.38461538461538
"8003","Nevada County",2001-02-01,68,8,42,11,76,53,1.43396226415094
"8004","Nevada County",2001-03-01,73,9,48,11,82,59,1.38983050847458
"8005","Nevada County",2001-04-01,71,6,54,11,77,65,1.18461538461538
"8006","Nevada County",2001-05-01,70,6,53,11,76,64,1.1875
"8007","Nevada County",2001-06-01,69,6,52,11,75,63,1.19047619047619
"8008","Nevada County",2001-07-01,60,3,46,10,63,56,1.125
"8009","Nevada County",2001-08-01,62,4,46,10,66,56,1.17857142857143
"8010","Nevada County",2001-09-01,66,4,50,10,70,60,1.16666666666667
"8011","Nevada County",2001-10-01,68,5,50,9,73,59,1.23728813559322
"8012","Nevada County",2001-11-01,63,5,47,8,68,55,1.23636363636364
"8013","Nevada County",2001-12-01,60,4,44,9,64,53,1.20754716981132
"8014","Nevada County",2002-01-01,61,4,45,9,65,54,1.2037037037037
"8015","Nevada County",2002-02-01,68,4,51,11,72,62,1.16129032258065
"8016","Nevada County",2002-03-01,72,5,54,11,77,65,1.18461538461538
"8017","Nevada County",2002-04-01,86,9,46,12,95,58,1.63793103448276
"8018","Nevada County",2002-05-01,90,9,50,5,99,55,1.8
"8019","Nevada County",2002-06-01,87,9,47,12,96,59,1.6271186440678
"8020","Nevada County",2002-07-01,81,10,42,8,91,50,1.82
"8021","Nevada County",2002-08-01,78,11,35,10,89,45,1.97777777777778
"8022","Nevada County",2002-09-01,73,13,48,11,86,59,1.45762711864407
"8023","Nevada County",2002-10-01,64,10,50,16,74,66,1.12121212121212
"8024","Nevada County",2002-11-01,57,9,54,17,66,71,0.929577464788732
"8025","Nevada County",2002-12-01,53,11,59,13,64,72,0.888888888888889
"8026","Nevada County",2003-01-01,64,11,47,15,75,62,1.20967741935484
"8027","Nevada County",2003-02-01,76,11,56,12,87,68,1.27941176470588
"8028","Nevada County",2003-03-01,71,12,59,9,83,68,1.22058823529412
"8029","Nevada County",2003-04-01,75,13,62,11,88,73,1.20547945205479
"8030","Nevada County",2003-05-01,84,13,63,11,97,74,1.31081081081081
"8031","Nevada County",2003-06-01,81,15,57,12,96,69,1.39130434782609
"8032","Nevada County",2003-07-01,68,18,63,12,86,75,1.14666666666667
"8033","Nevada County",2003-08-01,67,12,64,10,79,74,1.06756756756757
"8034","Nevada County",2003-09-01,70,12,66,11,82,77,1.06493506493506
"8035","Nevada County",2003-10-01,68,11,55,33,79,88,0.897727272727273
"8036","Nevada County",2003-11-01,60,11,78,16,71,94,0.75531914893617
"8037","Nevada County",2003-12-01,60,8,70,13,68,83,0.819277108433735
"8038","Nevada County",2004-01-01,60,11,70,11,71,81,0.876543209876543
"8039","Nevada County",2004-02-01,74,11,70,12,85,82,1.03658536585366
"8040","Nevada County",2004-03-01,69,9,75,17,78,92,0.847826086956522
"8041","Nevada County",2004-04-01,80,14,66,15,94,81,1.16049382716049
"8042","Nevada County",2004-05-01,90,16,62,11,106,73,1.45205479452055
"8043","Nevada County",2004-06-01,98,13,62,11,111,73,1.52054794520548
"8044","Nevada County",2004-07-01,90,14,76,10,104,86,1.2093023255814
"8045","Nevada County",2004-08-01,99,14,65,12,113,77,1.46753246753247
"8046","Nevada County",2004-09-01,80,11,64,10,91,74,1.22972972972973
"8047","Nevada County",2004-10-01,84,15,68,13,99,81,1.22222222222222
"8048","Nevada County",2004-11-01,84,14,71,20,98,91,1.07692307692308
"8049","Nevada County",2004-12-01,91,10,56,13,101,69,1.46376811594203
"8050","Nevada County",2005-01-01,99,11,64,10,110,74,1.48648648648649
"8051","Nevada County",2005-02-01,91,13,79,18,104,97,1.07216494845361
"8052","Nevada County",2005-03-01,91,11,83,20,102,103,0.990291262135922
"8053","Nevada County",2005-04-01,92,12,82,16,104,98,1.06122448979592
"8054","Nevada County",2005-05-01,90,13,71,13,103,84,1.22619047619048
"8055","Nevada County",2005-06-01,87,13,54,16,100,70,1.42857142857143
"8056","Nevada County",2005-07-01,73,17,67,21,90,88,1.02272727272727
"8057","Nevada County",2005-08-01,71,20,77,21,91,98,0.928571428571429
"8058","Nevada County",2005-09-01,85,19,67,17,104,84,1.23809523809524
"8059","Nevada County",2005-10-01,71,19,74,11,90,85,1.05882352941176
"8060","Nevada County",2005-11-01,78,16,62,14,94,76,1.23684210526316
"8061","Nevada County",2005-12-01,79,9,53,16,88,69,1.27536231884058
"8062","Nevada County",2006-01-01,82,14,70,11,96,81,1.18518518518519
"8063","Nevada County",2006-02-01,72,13,79,14,85,93,0.913978494623656
"8064","Nevada County",2006-03-01,88,18,65,19,106,84,1.26190476190476
"8065","Nevada County",2006-04-01,109,19,67,15,128,82,1.5609756097561
"8066","Nevada County",2006-05-01,77,16,68,16,93,84,1.10714285714286
"8067","Nevada County",2006-06-01,65,7,38,28,72,66,1.09090909090909
"8068","Nevada County",2006-07-01,66,12,64,15,78,79,0.987341772151899
"8069","Nevada County",2006-08-01,83,9,61,13,92,74,1.24324324324324
"8070","Nevada County",2006-09-01,78,12,58,13,90,71,1.26760563380282
"8071","Nevada County",2006-10-01,94,15,62,11,109,73,1.49315068493151
"8072","Nevada County",2006-11-01,89,10,65,11,99,76,1.30263157894737
"8073","Nevada County",2006-12-01,80,12,57,8,92,65,1.41538461538462
"8074","Nevada County",2007-01-01,80,15,60,9,95,69,1.3768115942029
"8075","Nevada County",2007-02-01,82,16,53,10,98,63,1.55555555555556
"8076","Nevada County",2007-03-01,91,18,55,13,109,68,1.60294117647059
"8077","Nevada County",2007-04-01,103,17,60,11,120,71,1.69014084507042
"8078","Nevada County",2007-05-01,87,12,61,13,99,74,1.33783783783784
"8079","Nevada County",2007-06-01,79,19,58,13,98,71,1.38028169014085
"8080","Nevada County",2007-07-01,84,14,46,9,98,55,1.78181818181818
"8081","Nevada County",2007-08-01,57,10,85,10,67,95,0.705263157894737
"8082","Nevada County",2007-09-01,72,12,65,11,84,76,1.10526315789474
"8083","Nevada County",2007-10-01,86,13,45,13,99,58,1.70689655172414
"8084","Nevada County",2007-11-01,113,14,42,10,127,52,2.44230769230769
"8085","Nevada County",2007-12-01,91,15,45,7,106,52,2.03846153846154
"8086","Nevada County",2008-01-01,114,38,48,8,152,56,2.71428571428571
"8087","Nevada County",2008-02-01,101,11,63,11,112,74,1.51351351351351
"8088","Nevada County",2008-03-01,86,15,66,11,101,77,1.31168831168831
"8089","Nevada County",2008-04-01,95,16,54,9,111,63,1.76190476190476
"8090","Nevada County",2008-05-01,84,22,52,13,106,65,1.63076923076923
"8091","Nevada County",2008-06-01,123,41,52,9,164,61,2.68852459016393
"8092","Nevada County",2008-07-01,113,39,47,9,152,56,2.71428571428571
"8093","Nevada County",2008-08-01,108,42,40,8,150,48,3.125
"8094","Nevada County",2008-09-01,105,14,56,12,119,68,1.75
"8095","Nevada County",2008-10-01,79,16,57,8,95,65,1.46153846153846
"8096","Nevada County",2008-11-01,48,12,57,5,60,62,0.967741935483871
"8097","Nevada County",2008-12-01,64,12,55,9,76,64,1.1875
"8098","Nevada County",2009-01-01,72,11,66,14,83,80,1.0375
"8099","Nevada County",2009-02-01,85,12,57,11,97,68,1.42647058823529
"8100","Nevada County",2009-03-01,88,11,52,14,99,66,1.5
"8101","Nevada County",2009-04-01,84,11,58,15,95,73,1.3013698630137
"8102","Nevada County",2009-05-01,85,10,67,17,95,84,1.13095238095238
"8103","Nevada County",2009-06-01,83,13,59,17,96,76,1.26315789473684
"8104","Nevada County",2009-07-01,73,16,52,15,89,67,1.32835820895522
"8105","Nevada County",2009-08-01,72,20,45,11,92,56,1.64285714285714
"8106","Nevada County",2009-09-01,74,18,51,12,92,63,1.46031746031746
"8107","Nevada County",2009-10-01,74,16,54,13,90,67,1.34328358208955
"8108","Nevada County",2009-11-01,76,16,52,12,92,64,1.4375
"8109","Nevada County",2009-12-01,64,14,55,9,78,64,1.21875
"8110","Nevada County",2010-01-01,63,13,49,10,76,59,1.28813559322034
"8111","Nevada County",2010-02-01,66,12,41,13,78,54,1.44444444444444
"8112","Nevada County",2010-03-01,58,13,42,13,71,55,1.29090909090909
"8113","Nevada County",2010-04-01,54,15,78,14,69,92,0.75
"8114","Nevada County",2010-05-01,59,11,71,16,70,87,0.804597701149425
"8115","Nevada County",2010-06-01,67,11,75,24,78,99,0.787878787878788
"8116","Nevada County",2010-07-01,61,11,74,19,72,93,0.774193548387097
"8117","Nevada County",2010-08-01,68,14,73,15,82,88,0.931818181818182
"8118","Nevada County",2010-09-01,70,14,71,14,84,85,0.988235294117647
"8119","Nevada County",2010-10-01,79,11,81,15,90,96,0.9375
"8120","Nevada County",2010-11-01,72,10,73,18,82,91,0.901098901098901
"8121","Nevada County",2010-12-01,72,14,69,16,86,85,1.01176470588235
"8122","Nevada County",2011-01-01,75,15,73,14,90,87,1.03448275862069
"8123","Nevada County",2011-02-01,76,17,82,13,93,95,0.978947368421053
"8124","Nevada County",2011-03-01,70,18,64,10,88,74,1.18918918918919
"8125","Nevada County",2011-04-01,72,19,56,13,91,69,1.31884057971015
"8126","Nevada County",2011-05-01,60,13,61,18,73,79,0.924050632911392
"8127","Nevada County",2011-06-01,63,17,53,17,80,70,1.14285714285714
"8128","Nevada County",2011-07-01,88,19,59,13,107,72,1.48611111111111
"8129","Nevada County",2011-08-01,87,21,63,13,108,76,1.42105263157895
"8130","Nevada County",2011-09-01,71,20,63,9,91,72,1.26388888888889
"8131","Nevada County",2011-10-01,84,19,65,7,103,72,1.43055555555556
"8132","Nevada County",2011-11-01,84,13,57,8,97,65,1.49230769230769
"8133","Nevada County",2011-12-01,89,13,67,9,102,76,1.34210526315789
"8134","Nevada County",2012-01-01,88,15,72,11,103,83,1.24096385542169
"8135","Nevada County",2012-02-01,93,18,70,10,111,80,1.3875
"8136","Nevada County",2012-03-01,93,17,67,8,110,75,1.46666666666667
"8137","Nevada County",2012-04-01,101,20,68,9,121,77,1.57142857142857
"8138","Nevada County",2012-05-01,103,18,63,10,121,73,1.65753424657534
"8139","Nevada County",2012-06-01,113,22,56,12,135,68,1.98529411764706
"8140","Nevada County",2012-07-01,118,23,54,11,141,65,2.16923076923077
"8141","Nevada County",2012-08-01,117,26,43,14,143,57,2.50877192982456
"8142","Nevada County",2012-09-01,114,24,38,14,138,52,2.65384615384615
"8143","Nevada County",2012-10-01,102,19,67,10,121,77,1.57142857142857
"8144","Nevada County",2012-11-01,93,18,70,10,111,80,1.3875
"8145","Nevada County",2012-12-01,119,19,36,5,138,41,3.36585365853659
"8146","Nevada County",2013-01-01,101,17,64,11,118,75,1.57333333333333
"8147","Nevada County",2013-02-01,115,23,53,11,138,64,2.15625
"8148","Nevada County",2013-03-01,115,23,54,11,138,65,2.12307692307692
"8149","Nevada County",2013-04-01,108,19,23,7,127,30,4.23333333333333
"8150","Nevada County",2013-05-01,109,15,21,6,124,27,4.59259259259259
"8151","Nevada County",2013-06-01,104,15,24,5,119,29,4.10344827586207
"8152","Nevada County",2013-07-01,101,19,21,3,120,24,5
"8153","Nevada County",2013-08-01,112,25,20,3,137,23,5.95652173913043
"8154","Nevada County",2013-09-01,124,23,18,6,147,24,6.125
"8155","Nevada County",2013-10-01,159,43,18,8,202,26,7.76923076923077
"8156","Nevada County",2013-11-01,107,25,20,10,132,30,4.4
"8157","Nevada County",2013-12-01,160,38,17,7,198,24,8.25
"8158","Nevada County",2014-01-01,150,40,21,11,190,32,5.9375
"8159","Nevada County",2014-02-01,148,41,23,8,189,31,6.09677419354839
"8160","Nevada County",2014-03-01,158,38,26,6,196,32,6.125
"8161","Nevada County",2014-04-01,164,39,23,7,203,30,6.76666666666667
"8162","Nevada County",2014-05-01,136,32,23,7,168,30,5.6
"8163","Nevada County",2014-06-01,177,41,29,8,218,37,5.89189189189189
"8164","Nevada County",2014-07-01,155,47,39,5,202,44,4.59090909090909
"8165","Nevada County",2014-08-01,155,45,42,4,200,46,4.34782608695652
"8166","Nevada County",2014-09-01,149,46,38,4,195,42,4.64285714285714
"8167","Nevada County",2014-10-01,143,39,45,9,182,54,3.37037037037037
"8168","Nevada County",2014-11-01,120,35,58,10,155,68,2.27941176470588
"8169","Nevada County",2014-12-01,108,33,47,8,141,55,2.56363636363636
"8170","Nevada County",2015-01-01,130,38,36,8,168,44,3.81818181818182
"8171","Nevada County",2015-02-01,138,41,42,12,179,54,3.31481481481481
"8172","Nevada County",2015-03-01,122,41,45,9,163,54,3.01851851851852
"8173","Nevada County",2015-04-01,125,33,46,9,158,55,2.87272727272727
"8174","Nevada County",2015-05-01,140,39,42,11,179,53,3.37735849056604
"8175","Nevada County",2015-06-01,158,41,31,9,199,40,4.975
"8176","Nevada County",2015-07-01,147,39,36,7,186,43,4.32558139534884
"8177","Nevada County",2015-08-01,146,36,41,8,182,49,3.71428571428571
"8178","Nevada County",2015-09-01,135,37,42,9,172,51,3.37254901960784
"8179","Nevada County",2015-10-01,134,37,43,11,171,54,3.16666666666667
"8180","Nevada County",2015-11-01,141,33,49,11,174,60,2.9
"8181","Nevada County",2015-12-01,126,31,50,8,157,58,2.70689655172414
"8182","Nevada County",2016-01-01,120,29,46,10,149,56,2.66071428571429
"8183","Nevada County",2016-02-01,135,29,43,14,164,57,2.87719298245614
"8184","Nevada County",2016-03-01,139,29,35,10,168,45,3.73333333333333
"8185","Nevada County",2016-04-01,136,33,30,10,169,40,4.225
"8186","Nevada County",2016-05-01,131,26,44,8,157,52,3.01923076923077
"8187","Nevada County",2016-06-01,132,28,43,6,160,49,3.26530612244898
"8188","Nevada County",2016-07-01,130,33,43,8,163,51,3.19607843137255
"8189","Nevada County",2016-08-01,129,33,35,7,162,42,3.85714285714286
"8190","Nevada County",2016-09-01,120,33,38,10,153,48,3.1875
"8191","Nevada County",2016-10-01,119,34,38,10,153,48,3.1875
"8192","Nevada County",2016-11-01,114,27,35,10,141,45,3.13333333333333
"8193","Nevada County",2016-12-01,110,25,29,9,135,38,3.55263157894737
"8194","Nevada County",2017-01-01,109,23,31,11,132,42,3.14285714285714
"8195","Nevada County",2017-02-01,128,23,39,13,151,52,2.90384615384615
"8196","Nevada County",2017-03-01,123,26,38,10,149,48,3.10416666666667
"8197","Nevada County",2017-04-01,126,30,29,10,156,39,4
"8198","Nevada County",2017-05-01,124,29,30,8,153,38,4.02631578947368
"8199","Nevada County",2017-06-01,124,24,30,7,148,37,4
"8200","Nevada County",2017-07-01,128,26,40,8,154,48,3.20833333333333
"8201","Nevada County",2017-08-01,139,29,46,7,168,53,3.16981132075472
"8202","Nevada County",2017-09-01,148,34,44,5,182,49,3.71428571428571
"8203","Nevada County",2017-10-01,146,34,37,5,180,42,4.28571428571429
"8204","Nevada County",2017-11-01,139,35,38,5,174,43,4.04651162790698
"8205","Nevada County",2017-12-01,140,30,37,7,170,44,3.86363636363636
"8206","Nevada County",2018-01-01,150,32,41,7,182,48,3.79166666666667
"8207","Nevada County",2018-02-01,153,38,37,7,191,44,4.34090909090909
"8208","Nevada County",2018-03-01,135,38,35,5,173,40,4.325
"8209","Nevada County",2018-04-01,144,41,39,8,185,47,3.93617021276596
"8210","Nevada County",2018-05-01,136,36,40,7,172,47,3.65957446808511
"8211","Nevada County",2018-06-01,140,38,41,6,178,47,3.78723404255319
"8212","Nevada County",2018-07-01,146,31,47,8,177,55,3.21818181818182
"8213","Nevada County",2018-08-01,134,29,46,10,163,56,2.91071428571429
"8214","Nevada County",2018-09-01,144,34,31,10,178,41,4.34146341463415
"8215","Nevada County",2018-10-01,143,20,39,11,163,50,3.26
"8216","Nevada County",2018-11-01,143,23,48,10,166,58,2.86206896551724
"8217","Nevada County",2018-12-01,143,21,36,12,164,48,3.41666666666667
"8218","Nevada County",2019-01-01,145,21,37,9,166,46,3.60869565217391
"8219","Nevada County",2019-02-01,145,26,39,8,171,47,3.63829787234043
"8220","Nevada County",2019-03-01,139,29,39,9,168,48,3.5
"8221","Nevada County",2019-04-01,128,28,39,10,156,49,3.18367346938776
"8222","Nevada County",2019-05-01,130,26,41,6,156,47,3.31914893617021
"8223","Nevada County",2019-06-01,122,27,34,5,149,39,3.82051282051282
"8224","Nevada County",2019-07-01,113,29,27,6,142,33,4.3030303030303
"8225","Nevada County",2019-08-01,118,32,32,5,150,37,4.05405405405405
"8226","Nevada County",2019-09-01,119,32,31,7,151,38,3.97368421052632
"8227","Nevada County",2019-10-01,129,36,31,9,165,40,4.125
"8228","Nevada County",2019-11-01,131,31,27,9,162,36,4.5
"8229","Nevada County",2019-12-01,131,32,24,8,163,32,5.09375
"8230","Nevada County",2020-01-01,123,29,30,5,152,35,4.34285714285714
"8231","Nevada County",2020-02-01,136,30,32,10,166,42,3.95238095238095
"8232","Nevada County",2020-03-01,131,32,36,6,163,42,3.88095238095238
"8233","Orange County",1995-10-01,1822,187,2623,415,2009,3038,0.661290322580645
"8234","Orange County",1995-11-01,1816,183,2614,387,1999,3001,0.666111296234588
"8235","Orange County",1995-12-01,1809,169,2524,367,1978,2891,0.684192320996195
"8236","Orange County",1996-01-01,1815,179,2532,358,1994,2890,0.689965397923875
"8237","Orange County",1996-02-01,1862,197,2530,364,2059,2894,0.71147201105736
"8238","Orange County",1996-03-01,1806,169,2558,381,1975,2939,0.671997277985709
"8239","Orange County",1996-04-01,1829,162,2581,396,1991,2977,0.668794088008062
"8240","Orange County",1996-05-01,1867,195,2600,413,2062,3013,0.684367739794225
"8241","Orange County",1996-06-01,1829,187,2651,421,2016,3072,0.65625
"8242","Orange County",1996-07-01,1790,192,2662,411,1982,3073,0.64497233973316
"8243","Orange County",1996-08-01,1834,197,2681,417,2031,3098,0.655584247901872
"8244","Orange County",1996-09-01,1814,202,2736,419,2016,3155,0.638985736925515
"8245","Orange County",1996-10-01,1778,195,2740,417,1973,3157,0.62496040544821
"8246","Orange County",1996-11-01,1772,217,2712,417,1989,3129,0.635666347075743
"8247","Orange County",1996-12-01,1693,212,2619,413,1905,3032,0.628298153034301
"8248","Orange County",1997-01-01,1836,225,2631,409,2061,3040,0.67796052631579
"8249","Orange County",1997-02-01,1872,233,2533,405,2105,2938,0.716473791695031
"8250","Orange County",1997-03-01,1839,227,2590,417,2066,3007,0.687063518456934
"8251","Orange County",1997-04-01,1876,233,2542,416,2109,2958,0.712981744421907
"8252","Orange County",1997-05-01,1841,207,2599,422,2048,3021,0.677921218139689
"8253","Orange County",1997-06-01,1834,229,2634,437,2063,3071,0.671768153695865
"8254","Orange County",1997-07-01,2142,281,2577,448,2423,3025,0.80099173553719
"8255","Orange County",1997-08-01,2178,289,1936,1037,2467,2973,0.829801547258661
"8256","Orange County",1997-09-01,2318,309,2378,412,2627,2790,0.9415770609319
"8257","Orange County",1997-10-01,2317,301,2471,436,2618,2907,0.900584795321637
"8258","Orange County",1997-11-01,2360,288,2498,456,2648,2954,0.896411645226811
"8259","Orange County",1997-12-01,2267,266,2539,462,2533,3001,0.844051982672443
"8260","Orange County",1998-01-01,2295,263,2631,453,2558,3084,0.829442282749676
"8261","Orange County",1998-02-01,2282,289,2545,430,2571,2975,0.864201680672269
"8262","Orange County",1998-03-01,2310,287,2608,471,2597,3079,0.843455667424489
"8263","Orange County",1998-04-01,2331,286,2586,458,2617,3044,0.859724047306176
"8264","Orange County",1998-05-01,2370,298,2617,448,2668,3065,0.87047308319739
"8265","Orange County",1998-06-01,2366,1291,1660,446,3657,2106,1.73646723646724
"8266","Orange County",1998-07-01,2304,300,2673,445,2604,3118,0.835150737652341
"8267","Orange County",1998-08-01,2276,286,2620,452,2562,3072,0.833984375
"8268","Orange County",1998-09-01,2323,269,2510,456,2592,2966,0.873904248145651
"8269","Orange County",1998-10-01,2316,290,2524,459,2606,2983,0.873617163928931
"8270","Orange County",1998-11-01,2276,262,2541,469,2538,3010,0.843189368770764
"8271","Orange County",1998-12-01,2212,256,2445,461,2468,2906,0.849277357192016
"8272","Orange County",1999-01-01,2309,270,2457,443,2579,2900,0.889310344827586
"8273","Orange County",1999-02-01,2175,246,2430,467,2421,2897,0.83569209527097
"8274","Orange County",1999-03-01,2184,259,2509,451,2443,2960,0.825337837837838
"8275","Orange County",1999-04-01,2145,261,2506,418,2406,2924,0.822845417236662
"8276","Orange County",1999-05-01,2110,263,2469,397,2373,2866,0.827983251919051
"8277","Orange County",1999-06-01,2098,280,2402,377,2378,2779,0.855703490464196
"8278","Orange County",1999-07-01,2085,256,2442,395,2341,2837,0.825167430384209
"8279","Orange County",1999-08-01,2134,285,2511,390,2419,2901,0.833850396415029
"8280","Orange County",1999-09-01,2190,277,2560,415,2467,2975,0.829243697478992
"8281","Orange County",1999-10-01,2185,272,2602,407,2457,3009,0.816550348953141
"8282","Orange County",1999-11-01,2102,260,2486,396,2362,2882,0.819569743233865
"8283","Orange County",1999-12-01,2061,266,2260,366,2327,2626,0.886138613861386
"8284","Orange County",2000-01-01,2209,285,2289,380,2494,2669,0.934432371674785
"8285","Orange County",2000-02-01,2245,274,2280,388,2519,2668,0.944152923538231
"8286","Orange County",2000-03-01,2223,292,2291,384,2515,2675,0.94018691588785
"8287","Orange County",2000-04-01,2157,279,2381,401,2436,2782,0.875629043853343
"8288","Orange County",2000-05-01,2093,271,2392,409,2364,2801,0.843984291324527
"8289","Orange County",2000-06-01,2137,270,2342,404,2407,2746,0.876547705753824
"8290","Orange County",2000-07-01,2160,261,2318,401,2421,2719,0.890400882677455
"8291","Orange County",2000-08-01,2113,255,2392,371,2368,2763,0.857039449873326
"8292","Orange County",2000-09-01,2122,261,2390,353,2383,2743,0.86875683558148
"8293","Orange County",2000-10-01,2223,285,2388,377,2508,2765,0.907052441229656
"8294","Orange County",2000-11-01,2180,268,2373,374,2448,2747,0.891153986166727
"8295","Orange County",2000-12-01,2173,269,2313,372,2442,2685,0.909497206703911
"8296","Orange County",2001-01-01,2159,255,2333,394,2414,2727,0.885221855518885
"8297","Orange County",2001-02-01,2071,291,2192,456,2362,2648,0.891993957703928
"8298","Orange County",2001-03-01,2066,252,2220,380,2318,2600,0.891538461538462
"8299","Orange County",2001-04-01,2044,246,2169,337,2290,2506,0.913806863527534
"8300","Orange County",2001-05-01,2065,249,2112,344,2314,2456,0.942182410423453
"8301","Orange County",2001-06-01,2081,266,2025,330,2347,2355,0.996602972399151
"8302","Orange County",2001-07-01,2092,260,2012,335,2352,2347,1.0021303792075
"8303","Orange County",2001-08-01,2103,256,2042,337,2359,2379,0.991593106347205
"8304","Orange County",2001-09-01,2183,280,2003,320,2463,2323,1.06026689625484
"8305","Orange County",2001-10-01,2188,287,2093,315,2475,2408,1.02782392026578
"8306","Orange County",2001-11-01,2205,265,2052,315,2470,2367,1.04351499788762
"8307","Orange County",2001-12-01,2211,257,1962,305,2468,2267,1.08866343184826
"8308","Orange County",2002-01-01,2295,272,1960,297,2567,2257,1.13735046521932
"8309","Orange County",2002-02-01,2340,270,2043,309,2610,2352,1.10969387755102
"8310","Orange County",2002-03-01,2293,281,2157,328,2574,2485,1.03581488933602
"8311","Orange County",2002-04-01,2314,284,2097,308,2598,2405,1.08024948024948
"8312","Orange County",2002-05-01,2320,272,2135,356,2592,2491,1.04054596547571
"8313","Orange County",2002-06-01,2338,278,2158,352,2616,2510,1.04223107569721
"8314","Orange County",2002-07-01,2358,268,2104,357,2626,2461,1.06704591629419
"8315","Orange County",2002-08-01,2335,279,2157,361,2614,2518,1.03812549642573
"8316","Orange County",2002-09-01,2397,284,2201,347,2681,2548,1.0521978021978
"8317","Orange County",2002-10-01,2362,290,2236,351,2652,2587,1.0251256281407
"8318","Orange County",2002-11-01,2373,281,2143,328,2654,2471,1.07405908539053
"8319","Orange County",2002-12-01,2412,278,2081,305,2690,2386,1.12740989103101
"8320","Orange County",2003-01-01,2454,299,2091,322,2753,2413,1.14090343970162
"8321","Orange County",2003-02-01,2410,302,2204,335,2712,2539,1.06813706183537
"8322","Orange County",2003-03-01,2452,292,2259,359,2744,2618,1.04812834224599
"8323","Orange County",2003-04-01,2378,305,2315,375,2683,2690,0.997397769516729
"8324","Orange County",2003-05-01,2350,319,2290,382,2669,2672,0.998877245508982
"8325","Orange County",2003-06-01,2402,342,2254,359,2744,2613,1.05013394565633
"8326","Orange County",2003-07-01,2436,325,2161,356,2761,2517,1.09694080254271
"8327","Orange County",2003-08-01,2469,301,2257,393,2770,2650,1.04528301886792
"8328","Orange County",2003-09-01,2511,329,2279,418,2840,2697,1.05302187615869
"8329","Orange County",2003-10-01,2565,340,2388,432,2905,2820,1.03014184397163
"8330","Orange County",2003-11-01,2541,339,2493,432,2880,2925,0.984615384615385
"8331","Orange County",2003-12-01,2498,317,2407,414,2815,2821,0.997873094647288
"8332","Orange County",2004-01-01,2643,330,2328,419,2973,2747,1.08227156898435
"8333","Orange County",2004-02-01,2616,327,2351,445,2943,2796,1.05257510729614
"8334","Orange County",2004-03-01,2618,321,2482,477,2939,2959,0.993240959783711
"8335","Orange County",2004-04-01,2620,325,2599,493,2945,3092,0.952457956015524
"8336","Orange County",2004-05-01,2637,328,2622,499,2965,3121,0.950016020506248
"8337","Orange County",2004-06-01,2693,324,2678,517,3017,3195,0.944287949921753
"8338","Orange County",2004-07-01,2732,369,2704,476,3101,3180,0.975157232704402
"8339","Orange County",2004-08-01,2673,373,2714,458,3046,3172,0.960277427490542
"8340","Orange County",2004-09-01,2689,388,2724,456,3077,3180,0.967610062893082
"8341","Orange County",2004-10-01,2695,385,2724,491,3080,3215,0.95800933125972
"8342","Orange County",2004-11-01,2790,367,2572,469,3157,3041,1.03814534692535
"8343","Orange County",2004-12-01,2707,335,2478,451,3042,2929,1.03857972004097
"8344","Orange County",2005-01-01,2791,356,2420,462,3147,2882,1.09195003469813
"8345","Orange County",2005-02-01,2768,361,2538,475,3129,3013,1.03849983405244
"8346","Orange County",2005-03-01,2758,377,2639,500,3135,3139,0.998725708824466
"8347","Orange County",2005-04-01,2788,395,2680,490,3183,3170,1.00410094637224
"8348","Orange County",2005-05-01,2755,385,2841,503,3140,3344,0.938995215311005
"8349","Orange County",2005-06-01,2750,404,2994,506,3154,3500,0.901142857142857
"8350","Orange County",2005-07-01,2768,384,3032,534,3152,3566,0.883903533370723
"8351","Orange County",2005-08-01,2830,385,3178,541,3215,3719,0.864479698843775
"8352","Orange County",2005-09-01,2909,386,3105,544,3295,3649,0.902987119758838
"8353","Orange County",2005-10-01,2859,364,3074,537,3223,3611,0.892550540016616
"8354","Orange County",2005-11-01,2915,364,2983,546,3279,3529,0.929158401813545
"8355","Orange County",2005-12-01,2905,361,2785,530,3266,3315,0.985218702865762
"8356","Orange County",2006-01-01,3071,376,2681,522,3447,3203,1.07617858257883
"8357","Orange County",2006-02-01,3031,381,2649,520,3412,3169,1.07668034080151
"8358","Orange County",2006-03-01,3004,385,2706,511,3389,3217,1.05346596207647
"8359","Orange County",2006-04-01,2945,366,2686,492,3311,3178,1.04185022026432
"8360","Orange County",2006-05-01,2985,390,2747,517,3375,3264,1.03400735294118
"8361","Orange County",2006-06-01,3003,382,2704,538,3385,3242,1.04410857495373
"8362","Orange County",2006-07-01,3090,380,2676,511,3470,3187,1.08879824286163
"8363","Orange County",2006-08-01,3102,387,2645,514,3489,3159,1.10446343779677
"8364","Orange County",2006-09-01,3217,395,2592,526,3612,3118,1.15843489416292
"8365","Orange County",2006-10-01,3180,377,2549,533,3557,3082,1.15412070084361
"8366","Orange County",2006-11-01,3244,387,2442,483,3631,2925,1.24136752136752
"8367","Orange County",2006-12-01,3313,388,2462,455,3701,2917,1.26876928351046
"8368","Orange County",2007-01-01,3527,423,2539,480,3950,3019,1.3083802583637
"8369","Orange County",2007-02-01,3426,433,2623,489,3859,3112,1.24003856041131
"8370","Orange County",2007-03-01,3424,466,2682,484,3890,3166,1.22867972204675
"8371","Orange County",2007-04-01,3373,460,2633,455,3833,3088,1.24125647668394
"8372","Orange County",2007-05-01,3394,461,2681,464,3855,3145,1.22575516693164
"8373","Orange County",2007-06-01,3352,437,2733,500,3789,3233,1.1719764924219
"8374","Orange County",2007-07-01,3337,461,2626,480,3798,3106,1.22279459111397
"8375","Orange County",2007-08-01,3255,488,2549,492,3743,3041,1.23084511673792
"8376","Orange County",2007-09-01,3242,472,2489,500,3714,2989,1.24255603880897
"8377","Orange County",2007-10-01,3232,472,2408,471,3704,2879,1.28655783258076
"8378","Orange County",2007-11-01,3231,459,2368,470,3690,2838,1.30021141649049
"8379","Orange County",2007-12-01,3077,428,2249,448,3505,2697,1.29959213941416
"8380","Orange County",2008-01-01,3229,437,2231,441,3666,2672,1.37200598802395
"8381","Orange County",2008-02-01,3163,424,2329,427,3587,2756,1.30152394775036
"8382","Orange County",2008-03-01,3181,412,2435,446,3593,2881,1.24713641096841
"8383","Orange County",2008-04-01,3166,442,2447,435,3608,2882,1.25190839694656
"8384","Orange County",2008-05-01,3225,454,2384,434,3679,2818,1.305535841022
"8385","Orange County",2008-06-01,3251,447,2319,432,3698,2751,1.34423845874228
"8386","Orange County",2008-07-01,3320,446,2263,459,3766,2722,1.38354151359295
"8387","Orange County",2008-08-01,3327,447,2287,447,3774,2734,1.38039502560351
"8388","Orange County",2008-09-01,3328,444,2328,441,3772,2769,1.36222462983026
"8389","Orange County",2008-10-01,3379,446,2368,447,3825,2815,1.35879218472469
"8390","Orange County",2008-11-01,3353,427,2323,402,3780,2725,1.38715596330275
"8391","Orange County",2008-12-01,3240,414,2247,381,3654,2628,1.39041095890411
"8392","Orange County",2009-01-01,3355,410,2186,428,3765,2614,1.44032134659526
"8393","Orange County",2009-02-01,3145,384,2280,439,3529,2719,1.2979036410445
"8394","Orange County",2009-03-01,3069,390,2345,447,3459,2792,1.23889684813754
"8395","Orange County",2009-04-01,3078,391,2240,415,3469,2655,1.30659133709981
"8396","Orange County",2009-05-01,3140,401,2317,416,3541,2733,1.29564581046469
"8397","Orange County",2009-06-01,3141,391,2394,474,3532,2868,1.23152022315202
"8398","Orange County",2009-07-01,2975,367,2324,453,3342,2777,1.20345696795103
"8399","Orange County",2009-08-01,2980,351,2223,429,3331,2652,1.25603318250377
"8400","Orange County",2009-09-01,3086,382,2094,373,3468,2467,1.40575597892177
"8401","Orange County",2009-10-01,3134,378,1919,357,3512,2276,1.54305799648506
"8402","Orange County",2009-11-01,3042,374,1821,336,3416,2157,1.58368103847937
"8403","Orange County",2009-12-01,2964,351,1609,327,3315,1936,1.71229338842975
"8404","Orange County",2010-01-01,3135,409,1514,309,3544,1823,1.94404827207899
"8405","Orange County",2010-02-01,2965,374,1517,275,3339,1792,1.86328125
"8406","Orange County",2010-03-01,2991,381,1533,273,3372,1806,1.8671096345515
"8407","Orange County",2010-04-01,2958,368,1551,276,3326,1827,1.82047071702244
"8408","Orange County",2010-05-01,2957,380,1585,275,3337,1860,1.79408602150538
"8409","Orange County",2010-06-01,3037,399,1526,286,3436,1812,1.8962472406181
"8410","Orange County",2010-07-01,3089,384,1529,290,3473,1819,1.90929081913139
"8411","Orange County",2010-08-01,3060,408,1758,293,3468,2051,1.69088249634325
"8412","Orange County",2010-09-01,3107,447,2079,321,3554,2400,1.48083333333333
"8413","Orange County",2010-10-01,3058,410,2279,365,3468,2644,1.31164901664145
"8414","Orange County",2010-11-01,2973,391,2388,356,3364,2744,1.22594752186589
"8415","Orange County",2010-12-01,2961,380,2311,363,3341,2674,1.24943904263276
"8416","Orange County",2011-01-01,3149,419,2230,415,3568,2645,1.34896030245747
"8417","Orange County",2011-02-01,3118,406,2186,408,3524,2594,1.35851966075559
"8418","Orange County",2011-03-01,3088,413,2265,404,3501,2669,1.31172723866617
"8419","Orange County",2011-04-01,3054,426,2291,426,3480,2717,1.28082443871918
"8420","Orange County",2011-05-01,3060,421,2288,423,3481,2711,1.28402803393582
"8421","Orange County",2011-06-01,3090,420,2267,401,3510,2668,1.31559220389805
"8422","Orange County",2011-07-01,3123,438,2320,413,3561,2733,1.30296377607025
"8423","Orange County",2011-08-01,3118,428,2401,400,3546,2801,1.26597643698679
"8424","Orange County",2011-09-01,3157,414,2372,373,3571,2745,1.30091074681239
"8425","Orange County",2011-10-01,3156,417,2422,354,3573,2776,1.28710374639769
"8426","Orange County",2011-11-01,3095,369,2478,357,3464,2835,1.22186948853616
"8427","Orange County",2011-12-01,3005,409,2521,399,3414,2920,1.16917808219178
"8428","Orange County",2012-01-01,3064,393,2504,409,3457,2913,1.18674905595606
"8429","Orange County",2012-02-01,3104,405,2699,456,3509,3155,1.1122028526149
"8430","Orange County",2012-03-01,3058,399,2733,485,3457,3218,1.07426973275326
"8431","Orange County",2012-04-01,3090,412,2817,499,3502,3316,1.05609167671894
"8432","Orange County",2012-05-01,3132,419,2860,512,3551,3372,1.05308422301305
"8433","Orange County",2012-06-01,3209,443,2865,504,3652,3369,1.08400118729593
"8434","Orange County",2012-07-01,3341,451,2820,471,3792,3291,1.15223336371923
"8435","Orange County",2012-08-01,3240,446,2864,473,3686,3337,1.1045849565478
"8436","Orange County",2012-09-01,3227,445,2890,487,3672,3377,1.08735564110157
"8437","Orange County",2012-10-01,3221,434,2916,509,3655,3425,1.06715328467153
"8438","Orange County",2012-11-01,3139,450,2896,502,3589,3398,1.0562095350206
"8439","Orange County",2012-12-01,3118,440,2793,484,3558,3277,1.08574916081782
"8440","Orange County",2013-01-01,3373,492,2829,505,3865,3334,1.15926814637073
"8441","Orange County",2013-02-01,3371,504,2748,492,3875,3240,1.19598765432099
"8442","Orange County",2013-03-01,3331,488,2922,503,3819,3425,1.11503649635036
"8443","Orange County",2013-04-01,3395,501,2881,507,3896,3388,1.14994096812279
"8444","Orange County",2013-05-01,3407,516,2867,509,3923,3376,1.16202606635071
"8445","Orange County",2013-06-01,3413,497,2757,537,3910,3294,1.18700667880996
"8446","Orange County",2013-07-01,3421,494,2697,537,3915,3234,1.21057513914657
"8447","Orange County",2013-08-01,3413,489,2759,532,3902,3291,1.18565785475539
"8448","Orange County",2013-09-01,3494,513,2799,508,4007,3307,1.21167221046265
"8449","Orange County",2013-10-01,3500,530,2859,513,4030,3372,1.19513641755635
"8450","Orange County",2013-11-01,3443,522,2838,541,3965,3379,1.17342408996745
"8451","Orange County",2013-12-01,3490,497,2741,514,3987,3255,1.22488479262673
"8452","Orange County",2014-01-01,3601,534,2640,513,4135,3153,1.31144941325722
"8453","Orange County",2014-02-01,3515,529,2833,542,4044,3375,1.19822222222222
"8454","Orange County",2014-03-01,3469,503,2813,554,3972,3367,1.17968517968518
"8455","Orange County",2014-04-01,3543,513,2756,540,4056,3296,1.23058252427184
"8456","Orange County",2014-05-01,3451,512,2787,550,3963,3337,1.18759364698831
"8457","Orange County",2014-06-01,3474,519,2666,534,3993,3200,1.2478125
"8458","Orange County",2014-07-01,3436,493,2667,552,3929,3219,1.22056539297919
"8459","Orange County",2014-08-01,3395,493,2556,536,3888,3092,1.25743855109961
"8460","Orange County",2014-09-01,3370,509,2633,550,3879,3183,1.2186616399623
"8461","Orange County",2014-10-01,3358,528,2611,555,3886,3166,1.22741629816804
"8462","Orange County",2014-11-01,3138,489,2450,504,3627,2954,1.22782667569397
"8463","Orange County",2014-12-01,2776,383,2180,416,3159,2596,1.21687211093991
"8464","Orange County",2015-01-01,2826,378,1969,386,3204,2355,1.36050955414013
"8465","Orange County",2015-02-01,2884,374,1981,379,3258,2360,1.38050847457627
"8466","Orange County",2015-03-01,2895,413,2039,375,3308,2414,1.37033968516984
"8467","Orange County",2015-04-01,2926,433,2114,379,3359,2493,1.34737264340152
"8468","Orange County",2015-05-01,2963,418,2158,353,3381,2511,1.34647550776583
"8469","Orange County",2015-06-01,2980,428,2192,382,3408,2574,1.32400932400932
"8470","Orange County",2015-07-01,3076,436,2228,365,3512,2593,1.35441573467027
"8471","Orange County",2015-08-01,3062,431,2234,376,3493,2610,1.33831417624521
"8472","Orange County",2015-09-01,3110,440,2301,379,3550,2680,1.32462686567164
"8473","Orange County",2015-10-01,3059,427,2403,401,3486,2804,1.2432239657632
"8474","Orange County",2015-11-01,2956,401,2445,407,3357,2852,1.17706872370266
"8475","Orange County",2015-12-01,2901,420,2416,384,3321,2800,1.18607142857143
"8476","Orange County",2016-01-01,2993,430,2382,369,3423,2751,1.24427480916031
"8477","Orange County",2016-02-01,3045,436,2466,417,3481,2883,1.2074228234478
"8478","Orange County",2016-03-01,2979,412,2495,414,3391,2909,1.16569267789618
"8479","Orange County",2016-04-01,2941,435,2448,419,3376,2867,1.17753749564004
"8480","Orange County",2016-05-01,2980,443,2553,450,3423,3003,1.13986013986014
"8481","Orange County",2016-06-01,3056,403,2586,463,3459,3049,1.13447031813709
"8482","Orange County",2016-07-01,3115,400,2600,446,3515,3046,1.15397242284964
"8483","Orange County",2016-08-01,3111,401,2562,436,3512,2998,1.1714476317545
"8484","Orange County",2016-09-01,3107,405,2557,435,3512,2992,1.17379679144385
"8485","Orange County",2016-10-01,3141,396,2636,430,3537,3066,1.15362035225049
"8486","Orange County",2016-11-01,3069,392,2597,444,3461,3041,1.13811246300559
"8487","Orange County",2016-12-01,3004,372,2439,394,3376,2833,1.1916696081892
"8488","Orange County",2017-01-01,2822,333,2399,394,3155,2793,1.12960973863229
"8489","Orange County",2017-02-01,2832,330,2437,413,3162,2850,1.10947368421053
"8490","Orange County",2017-03-01,2763,349,2549,392,3112,2941,1.05814348860932
"8491","Orange County",2017-04-01,2753,353,2602,426,3106,3028,1.02575957727873
"8492","Orange County",2017-05-01,2750,333,2645,424,3083,3069,1.00456174649723
"8493","Orange County",2017-06-01,2781,336,2623,414,3117,3037,1.02634178465591
"8494","Orange County",2017-07-01,2742,345,2612,398,3087,3010,1.02558139534884
"8495","Orange County",2017-08-01,2749,344,2701,411,3093,3112,0.993894601542416
"8496","Orange County",2017-09-01,2762,351,2706,434,3113,3140,0.99140127388535
"8497","Orange County",2017-10-01,2670,329,2735,447,2999,3182,0.942489000628535
"8498","Orange County",2017-11-01,2620,317,2648,428,2937,3076,0.95481144343303
"8499","Orange County",2017-12-01,2600,342,2540,433,2942,2973,0.989572822065254
"8500","Orange County",2018-01-01,2693,357,2401,444,3050,2845,1.07205623901582
"8501","Orange County",2018-02-01,2682,342,2515,469,3024,2984,1.01340482573727
"8502","Orange County",2018-03-01,2603,322,2536,461,2925,2997,0.975975975975976
"8503","Orange County",2018-04-01,2662,336,2631,492,2998,3123,0.959974383605508
"8504","Orange County",2018-05-01,2721,337,2708,492,3058,3200,0.955625
"8505","Orange County",2018-06-01,2734,355,2912,480,3089,3392,0.910672169811321
"8506","Orange County",2018-07-01,2691,347,2906,428,3038,3334,0.91121775644871
"8507","Orange County",2018-08-01,2735,362,2770,430,3097,3200,0.9678125
"8508","Orange County",2018-09-01,2807,371,2755,436,3178,3191,0.995926041993106
"8509","Orange County",2018-10-01,2779,351,2752,450,3130,3202,0.977514053716427
"8510","Orange County",2018-11-01,2784,335,2556,418,3119,2974,1.04875588433087
"8511","Orange County",2018-12-01,2726,307,2622,415,3033,3037,0.998682910767205
"8512","Orange County",2019-01-01,2728,318,2521,379,3046,2900,1.05034482758621
"8513","Orange County",2019-02-01,2705,323,2531,397,3028,2928,1.03415300546448
"8514","Orange County",2019-03-01,2717,307,2505,434,3024,2939,1.02892140183736
"8515","Orange County",2019-04-01,2748,316,2235,391,3064,2626,1.16679360243717
"8516","Orange County",2019-05-01,2742,305,2129,372,3047,2501,1.21831267493003
"8517","Orange County",2019-06-01,2740,316,2128,368,3056,2496,1.22435897435897
"8518","Orange County",2019-07-01,2744,328,1812,365,3072,2177,1.41111621497474
"8519","Orange County",2019-08-01,2701,323,1788,389,3024,2177,1.38906752411576
"8520","Orange County",2019-09-01,2730,329,1836,385,3059,2221,1.37730751913552
"8521","Orange County",2019-10-01,2624,318,1832,378,2942,2210,1.33122171945701
"8522","Orange County",2019-11-01,2518,295,1818,339,2813,2157,1.3041261010663
"8523","Orange County",2019-12-01,2519,299,1733,301,2818,2034,1.38544739429695
"8524","Orange County",2020-01-01,2592,311,1736,321,2903,2057,1.41127856101118
"8525","Orange County",2020-02-01,2613,308,1826,327,2921,2153,1.35671156525778
"8526","Orange County",2020-03-01,2588,303,1659,293,2891,1952,1.48104508196721
"8527","Placer County",1995-10-01,179,29,203,25,208,228,0.912280701754386
"8528","Placer County",1995-11-01,151,30,212,26,181,238,0.760504201680672
"8529","Placer County",1995-12-01,132,23,200,33,155,233,0.665236051502146
"8530","Placer County",1996-01-01,153,16,195,39,169,234,0.722222222222222
"8531","Placer County",1996-02-01,154,16,205,39,170,244,0.69672131147541
"8532","Placer County",1996-03-01,157,21,193,35,178,228,0.780701754385965
"8533","Placer County",1996-04-01,164,18,191,38,182,229,0.794759825327511
"8534","Placer County",1996-05-01,160,17,205,34,177,239,0.740585774058577
"8535","Placer County",1996-06-01,169,16,194,35,185,229,0.807860262008734
"8536","Placer County",1996-07-01,157,16,201,37,173,238,0.726890756302521
"8537","Placer County",1996-08-01,153,21,201,38,174,239,0.728033472803347
"8538","Placer County",1996-09-01,144,18,213,45,162,258,0.627906976744186
"8539","Placer County",1996-10-01,164,18,206,55,182,261,0.697318007662835
"8540","Placer County",1996-11-01,181,24,203,35,205,238,0.861344537815126
"8541","Placer County",1996-12-01,184,25,174,28,209,202,1.03465346534653
"8542","Placer County",1997-01-01,160,14,199,40,174,239,0.728033472803347
"8543","Placer County",1997-02-01,215,22,180,31,237,211,1.12322274881517
"8544","Placer County",1997-03-01,152,19,193,32,171,225,0.76
"8545","Placer County",1997-04-01,187,34,198,5,221,203,1.08866995073892
"8546","Placer County",1997-05-01,315,47,62,5,362,67,5.40298507462687
"8547","Placer County",1997-06-01,291,43,96,12,334,108,3.09259259259259
"8548","Placer County",1997-07-01,195,19,199,37,214,236,0.906779661016949
"8549","Placer County",1997-08-01,189,23,208,35,212,243,0.872427983539095
"8550","Placer County",1997-09-01,193,22,209,36,215,245,0.877551020408163
"8551","Placer County",1997-10-01,196,22,184,33,218,217,1.00460829493088
"8552","Placer County",1997-11-01,212,22,180,34,234,214,1.09345794392523
"8553","Placer County",1997-12-01,200,20,182,34,220,216,1.01851851851852
"8554","Placer County",1998-01-01,195,24,202,33,219,235,0.931914893617021
"8555","Placer County",1998-02-01,209,24,193,32,233,225,1.03555555555556
"8556","Placer County",1998-03-01,216,24,196,31,240,227,1.05726872246696
"8557","Placer County",1998-04-01,207,23,194,32,230,226,1.01769911504425
"8558","Placer County",1998-05-01,210,23,175,36,233,211,1.1042654028436
"8559","Placer County",1998-06-01,207,23,174,35,230,209,1.10047846889952
"8560","Placer County",1998-07-01,212,23,175,36,235,211,1.11374407582938
"8561","Placer County",1998-08-01,201,23,172,35,224,207,1.08212560386473
"8562","Placer County",1998-09-01,202,23,172,35,225,207,1.08695652173913
"8563","Placer County",1998-10-01,209,23,174,35,232,209,1.11004784688995
"8564","Placer County",1998-11-01,210,23,175,36,233,211,1.1042654028436
"8565","Placer County",1998-12-01,185,21,161,33,206,194,1.06185567010309
"8566","Placer County",1999-01-01,168,20,160,33,188,193,0.974093264248705
"8567","Placer County",1999-02-01,163,19,158,33,182,191,0.952879581151832
"8568","Placer County",1999-03-01,171,20,154,31,191,185,1.03243243243243
"8569","Placer County",1999-04-01,183,21,160,33,204,193,1.05699481865285
"8570","Placer County",1999-05-01,179,21,159,33,200,192,1.04166666666667
"8571","Placer County",1999-06-01,181,21,161,33,202,194,1.04123711340206
"8572","Placer County",1999-07-01,185,21,162,33,206,195,1.05641025641026
"8573","Placer County",1999-08-01,201,23,172,35,224,207,1.08212560386473
"8574","Placer County",1999-09-01,199,27,151,31,226,182,1.24175824175824
"8575","Placer County",1999-10-01,198,123,163,33,321,196,1.63775510204082
"8576","Placer County",1999-11-01,192,21,158,33,213,191,1.1151832460733
"8577","Placer County",1999-12-01,184,21,144,29,205,173,1.1849710982659
"8578","Placer County",2000-01-01,196,21,148,30,217,178,1.21910112359551
"8579","Placer County",2000-02-01,210,23,170,35,233,205,1.13658536585366
"8580","Placer County",2000-03-01,216,24,175,37,240,212,1.13207547169811
"8581","Placer County",2000-04-01,212,24,170,36,236,206,1.14563106796116
"8582","Placer County",2000-05-01,213,24,174,36,237,210,1.12857142857143
"8583","Placer County",2000-06-01,223,25,172,35,248,207,1.19806763285024
"8584","Placer County",2000-07-01,228,25,179,37,253,216,1.1712962962963
"8585","Placer County",2000-08-01,223,26,174,35,249,209,1.19138755980861
"8586","Placer County",2000-09-01,214,24,173,35,238,208,1.14423076923077
"8587","Placer County",2000-10-01,213,24,174,36,237,210,1.12857142857143
"8588","Placer County",2000-11-01,209,23,169,36,232,205,1.13170731707317
"8589","Placer County",2000-12-01,188,21,150,30,209,180,1.16111111111111
"8590","Placer County",2001-01-01,207,22,156,31,229,187,1.22459893048128
"8591","Placer County",2001-02-01,202,22,159,32,224,191,1.17277486910995
"8592","Placer County",2001-03-01,212,24,170,35,236,205,1.15121951219512
"8593","Placer County",2001-04-01,214,24,169,34,238,203,1.17241379310345
"8594","Placer County",2001-05-01,212,24,167,35,236,202,1.16831683168317
"8595","Placer County",2001-06-01,201,23,172,35,224,207,1.08212560386473
"8596","Placer County",2001-07-01,213,24,176,36,237,212,1.11792452830189
"8597","Placer County",2001-08-01,236,26,183,37,262,220,1.19090909090909
"8598","Placer County",2001-09-01,242,26,185,37,268,222,1.20720720720721
"8599","Placer County",2001-10-01,232,25,182,37,257,219,1.17351598173516
"8600","Placer County",2001-11-01,220,24,178,36,244,214,1.14018691588785
"8601","Placer County",2001-12-01,211,24,171,34,235,205,1.14634146341463
"8602","Placer County",2002-01-01,222,25,170,34,247,204,1.21078431372549
"8603","Placer County",2002-02-01,233,26,178,37,259,215,1.2046511627907
"8604","Placer County",2002-03-01,236,26,183,37,262,220,1.19090909090909
"8605","Placer County",2002-04-01,242,26,186,37,268,223,1.20179372197309
"8606","Placer County",2002-05-01,237,26,183,37,263,220,1.19545454545455
"8607","Placer County",2002-06-01,239,26,183,37,265,220,1.20454545454545
"8608","Placer County",2002-07-01,240,26,185,37,266,222,1.1981981981982
"8609","Placer County",2002-08-01,238,26,184,37,264,221,1.19457013574661
"8610","Placer County",2002-09-01,241,26,185,37,267,222,1.2027027027027
"8611","Placer County",2002-10-01,243,26,186,37,269,223,1.20627802690583
"8612","Placer County",2002-11-01,241,26,185,37,267,222,1.2027027027027
"8613","Placer County",2002-12-01,232,25,182,37,257,219,1.17351598173516
"8614","Placer County",2003-01-01,246,27,185,37,273,222,1.22972972972973
"8615","Placer County",2003-02-01,243,27,181,37,270,218,1.23853211009174
"8616","Placer County",2003-03-01,244,27,181,36,271,217,1.24884792626728
"8617","Placer County",2003-04-01,239,26,178,36,265,214,1.23831775700935
"8618","Placer County",2003-05-01,245,27,180,36,272,216,1.25925925925926
"8619","Placer County",2003-06-01,248,27,183,37,275,220,1.25
"8620","Placer County",2003-07-01,240,26,181,37,266,218,1.22018348623853
"8621","Placer County",2003-08-01,238,26,183,37,264,220,1.2
"8622","Placer County",2003-09-01,247,27,185,37,274,222,1.23423423423423
"8623","Placer County",2003-10-01,244,26,185,37,270,222,1.21621621621622
"8624","Placer County",2003-11-01,243,26,182,37,269,219,1.22831050228311
"8625","Placer County",2003-12-01,249,27,179,36,276,215,1.28372093023256
"8626","Placer County",2004-01-01,270,39,163,33,309,196,1.5765306122449
"8627","Placer County",2004-02-01,267,38,158,32,305,190,1.60526315789474
"8628","Placer County",2004-03-01,268,38,157,31,306,188,1.62765957446809
"8629","Placer County",2004-04-01,267,38,158,31,305,189,1.61375661375661
"8630","Placer County",2004-05-01,270,38,158,31,308,189,1.62962962962963
"8631","Placer County",2004-06-01,267,38,161,32,305,193,1.58031088082902
"8632","Placer County",2004-07-01,263,37,160,32,300,192,1.5625
"8633","Placer County",2004-08-01,270,38,157,31,308,188,1.63829787234043
"8634","Placer County",2004-09-01,270,39,169,34,309,203,1.52216748768473
"8635","Placer County",2004-10-01,270,38,169,34,308,203,1.51724137931034
"8636","Placer County",2004-11-01,267,38,166,33,305,199,1.53266331658291
"8637","Placer County",2004-12-01,266,38,158,32,304,190,1.6
"8638","Placer County",2005-01-01,276,39,160,33,315,193,1.63212435233161
"8639","Placer County",2005-02-01,278,40,164,34,318,198,1.60606060606061
"8640","Placer County",2005-03-01,283,40,167,34,323,201,1.60696517412935
"8641","Placer County",2005-04-01,285,40,172,35,325,207,1.57004830917874
"8642","Placer County",2005-05-01,285,40,174,35,325,209,1.55502392344498
"8643","Placer County",2005-06-01,281,40,172,34,321,206,1.55825242718447
"8644","Placer County",2005-07-01,285,40,174,35,325,209,1.55502392344498
"8645","Placer County",2005-08-01,290,41,174,34,331,208,1.59134615384615
"8646","Placer County",2005-09-01,281,40,173,35,321,208,1.54326923076923
"8647","Placer County",2005-10-01,289,41,175,35,330,210,1.57142857142857
"8648","Placer County",2005-11-01,293,41,173,35,334,208,1.60576923076923
"8649","Placer County",2005-12-01,290,41,174,34,331,208,1.59134615384615
"8650","Placer County",2006-01-01,322,46,179,36,368,215,1.71162790697674
"8651","Placer County",2006-02-01,317,45,178,36,362,214,1.69158878504673
"8652","Placer County",2006-03-01,321,45,178,36,366,214,1.71028037383178
"8653","Placer County",2006-04-01,325,46,179,36,371,215,1.72558139534884
"8654","Placer County",2006-05-01,327,46,180,36,373,216,1.72685185185185
"8655","Placer County",2006-06-01,327,47,179,36,374,215,1.73953488372093
"8656","Placer County",2006-07-01,330,47,181,36,377,217,1.73732718894009
"8657","Placer County",2006-08-01,333,47,180,36,380,216,1.75925925925926
"8658","Placer County",2006-09-01,333,47,183,35,380,218,1.74311926605505
"8659","Placer County",2006-10-01,337,48,181,36,385,217,1.7741935483871
"8660","Placer County",2006-11-01,329,46,179,36,375,215,1.74418604651163
"8661","Placer County",2006-12-01,324,45,177,35,369,212,1.74056603773585
"8662","Placer County",2007-01-01,339,48,182,36,387,218,1.77522935779817
"8663","Placer County",2007-02-01,339,48,181,36,387,217,1.78341013824885
"8664","Placer County",2007-03-01,341,48,183,37,389,220,1.76818181818182
"8665","Placer County",2007-04-01,334,47,181,36,381,217,1.75576036866359
"8666","Placer County",2007-05-01,330,47,181,36,377,217,1.73732718894009
"8667","Placer County",2007-06-01,333,47,182,36,380,218,1.74311926605505
"8668","Placer County",2007-07-01,328,46,180,36,374,216,1.73148148148148
"8669","Placer County",2007-08-01,331,47,180,36,378,216,1.75
"8670","Placer County",2007-09-01,329,47,180,36,376,216,1.74074074074074
"8671","Placer County",2007-10-01,323,45,179,36,368,215,1.71162790697674
"8672","Placer County",2007-11-01,327,46,178,35,373,213,1.75117370892019
"8673","Placer County",2007-12-01,318,45,177,36,363,213,1.70422535211268
"8674","Placer County",2008-01-01,317,45,176,36,362,212,1.70754716981132
"8675","Placer County",2008-02-01,319,45,177,35,364,212,1.71698113207547
"8676","Placer County",2008-03-01,320,45,178,36,365,214,1.70560747663551
"8677","Placer County",2008-04-01,318,45,177,35,363,212,1.7122641509434
"8678","Placer County",2008-05-01,328,46,181,36,374,217,1.72350230414747
"8679","Placer County",2008-06-01,323,46,179,36,369,215,1.71627906976744
"8680","Placer County",2008-07-01,324,45,179,36,369,215,1.71627906976744
"8681","Placer County",2008-08-01,334,47,180,36,381,216,1.76388888888889
"8682","Placer County",2008-09-01,337,47,178,36,384,214,1.79439252336449
"8683","Placer County",2008-10-01,324,46,163,32,370,195,1.8974358974359
"8684","Placer County",2008-11-01,304,43,164,32,347,196,1.77040816326531
"8685","Placer County",2008-12-01,305,43,161,32,348,193,1.80310880829016
"8686","Placer County",2009-01-01,303,43,160,31,346,191,1.81151832460733
"8687","Placer County",2009-02-01,276,38,138,28,314,166,1.89156626506024
"8688","Placer County",2009-03-01,304,43,154,31,347,185,1.87567567567568
"8689","Placer County",2009-04-01,299,42,164,34,341,198,1.72222222222222
"8690","Placer County",2009-05-01,309,45,173,34,354,207,1.71014492753623
"8691","Placer County",2009-06-01,308,44,175,35,352,210,1.67619047619048
"8692","Placer County",2009-07-01,302,43,165,33,345,198,1.74242424242424
"8693","Placer County",2009-08-01,304,43,163,33,347,196,1.77040816326531
"8694","Placer County",2009-09-01,308,44,173,34,352,207,1.70048309178744
"8695","Placer County",2009-10-01,309,44,172,33,353,205,1.7219512195122
"8696","Placer County",2009-11-01,310,44,171,35,354,206,1.71844660194175
"8697","Placer County",2009-12-01,302,43,158,32,345,190,1.81578947368421
"8698","Placer County",2010-01-01,311,44,169,34,355,203,1.7487684729064
"8699","Placer County",2010-02-01,309,44,170,35,353,205,1.7219512195122
"8700","Placer County",2010-03-01,313,44,170,34,357,204,1.75
"8701","Placer County",2010-04-01,314,44,163,32,358,195,1.83589743589744
"8702","Placer County",2010-05-01,308,44,168,33,352,201,1.75124378109453
"8703","Placer County",2010-06-01,302,43,160,31,345,191,1.80628272251309
"8704","Placer County",2010-07-01,305,43,151,29,348,180,1.93333333333333
"8705","Placer County",2010-08-01,322,46,158,31,368,189,1.94708994708995
"8706","Placer County",2010-09-01,326,46,158,31,372,189,1.96825396825397
"8707","Placer County",2010-10-01,311,44,151,28,355,179,1.98324022346369
"8708","Placer County",2010-11-01,306,43,141,28,349,169,2.06508875739645
"8709","Placer County",2010-12-01,281,39,139,28,320,167,1.91616766467066
"8710","Placer County",2011-01-01,276,39,160,32,315,192,1.640625
"8711","Placer County",2011-02-01,291,41,156,31,332,187,1.77540106951872
"8712","Placer County",2011-03-01,282,39,143,29,321,172,1.86627906976744
"8713","Placer County",2011-04-01,293,42,153,31,335,184,1.82065217391304
"8714","Placer County",2011-05-01,295,42,160,32,337,192,1.75520833333333
"8715","Placer County",2011-06-01,300,43,160,32,343,192,1.78645833333333
"8716","Placer County",2011-07-01,302,43,154,31,345,185,1.86486486486486
"8717","Placer County",2011-08-01,301,43,159,31,344,190,1.81052631578947
"8718","Placer County",2011-09-01,311,44,159,31,355,190,1.86842105263158
"8719","Placer County",2011-10-01,302,43,157,32,345,189,1.82539682539683
"8720","Placer County",2011-11-01,302,43,156,32,345,188,1.83510638297872
"8721","Placer County",2011-12-01,306,43,163,32,349,195,1.78974358974359
"8722","Placer County",2012-01-01,316,44,161,32,360,193,1.86528497409326
"8723","Placer County",2012-02-01,321,45,160,32,366,192,1.90625
"8724","Placer County",2012-03-01,337,48,170,34,385,204,1.88725490196078
"8725","Placer County",2012-04-01,348,49,178,36,397,214,1.85514018691589
"8726","Placer County",2012-05-01,346,49,167,33,395,200,1.975
"8727","Placer County",2012-06-01,349,49,174,34,398,208,1.91346153846154
"8728","Placer County",2012-07-01,355,50,174,34,405,208,1.94711538461538
"8729","Placer County",2012-08-01,353,50,178,36,403,214,1.88317757009346
"8730","Placer County",2012-09-01,340,48,173,34,388,207,1.8743961352657
"8731","Placer County",2012-10-01,335,47,176,36,382,212,1.80188679245283
"8732","Placer County",2012-11-01,342,48,175,35,390,210,1.85714285714286
"8733","Placer County",2012-12-01,345,48,177,36,393,213,1.84507042253521
"8734","Placer County",2013-01-01,348,50,181,36,398,217,1.83410138248848
"8735","Placer County",2013-02-01,358,51,181,36,409,217,1.88479262672811
"8736","Placer County",2013-03-01,364,51,187,37,415,224,1.85267857142857
"8737","Placer County",2013-04-01,359,50,186,37,409,223,1.83408071748879
"8738","Placer County",2013-05-01,348,49,184,37,397,221,1.79638009049774
"8739","Placer County",2013-06-01,349,49,184,37,398,221,1.80090497737557
"8740","Placer County",2013-07-01,348,49,183,37,397,220,1.80454545454545
"8741","Placer County",2013-08-01,360,51,184,37,411,221,1.85972850678733
"8742","Placer County",2013-09-01,367,51,186,38,418,224,1.86607142857143
"8743","Placer County",2013-10-01,368,51,187,37,419,224,1.87053571428571
"8744","Placer County",2013-11-01,366,51,188,37,417,225,1.85333333333333
"8745","Placer County",2013-12-01,365,51,188,37,416,225,1.84888888888889
"8746","Placer County",2014-01-01,373,52,189,38,425,227,1.87224669603524
"8747","Placer County",2014-02-01,379,53,190,38,432,228,1.89473684210526
"8748","Placer County",2014-03-01,375,52,189,38,427,227,1.88105726872247
"8749","Placer County",2014-04-01,372,52,188,38,424,226,1.87610619469027
"8750","Placer County",2014-05-01,370,52,186,37,422,223,1.89237668161435
"8751","Placer County",2014-06-01,417,57,157,30,474,187,2.53475935828877
"8752","Placer County",2014-07-01,434,60,168,33,494,201,2.45771144278607
"8753","Placer County",2014-08-01,440,61,171,33,501,204,2.45588235294118
"8754","Placer County",2014-09-01,434,60,170,33,494,203,2.43349753694581
"8755","Placer County",2014-10-01,403,57,162,31,460,193,2.38341968911917
"8756","Placer County",2014-11-01,394,54,158,30,448,188,2.38297872340426
"8757","Placer County",2014-12-01,383,53,147,28,436,175,2.49142857142857
"8758","Placer County",2015-01-01,383,54,153,30,437,183,2.3879781420765
"8759","Placer County",2015-02-01,382,54,151,31,436,182,2.3956043956044
"8760","Placer County",2015-03-01,380,53,142,27,433,169,2.56213017751479
"8761","Placer County",2015-04-01,382,53,152,30,435,182,2.39010989010989
"8762","Placer County",2015-05-01,385,42,170,36,427,206,2.07281553398058
"8763","Placer County",2015-06-01,372,42,160,36,414,196,2.11224489795918
"8764","Placer County",2015-07-01,371,42,160,40,413,200,2.065
"8765","Placer County",2015-08-01,373,44,157,43,417,200,2.085
"8766","Placer County",2015-09-01,411,55,168,13,466,181,2.57458563535912
"8767","Placer County",2015-10-01,397,46,168,50,443,218,2.03211009174312
"8768","Placer County",2015-11-01,391,45,173,54,436,227,1.92070484581498
"8769","Placer County",2015-12-01,387,44,156,52,431,208,2.07211538461538
"8770","Placer County",2016-01-01,398,46,161,53,444,214,2.07476635514019
"8771","Placer County",2016-02-01,409,46,169,51,455,220,2.06818181818182
"8772","Placer County",2016-03-01,410,46,179,46,456,225,2.02666666666667
"8773","Placer County",2016-04-01,403,45,184,54,448,238,1.88235294117647
"8774","Placer County",2016-05-01,412,46,184,54,458,238,1.92436974789916
"8775","Placer County",2016-06-01,419,49,182,54,468,236,1.98305084745763
"8776","Placer County",2016-07-01,417,49,181,55,466,236,1.97457627118644
"8777","Placer County",2016-08-01,415,49,177,54,464,231,2.00865800865801
"8778","Placer County",2016-09-01,427,51,182,47,478,229,2.08733624454148
"8779","Placer County",2016-10-01,431,49,182,52,480,234,2.05128205128205
"8780","Placer County",2016-11-01,430,50,182,55,480,237,2.0253164556962
"8781","Placer County",2016-12-01,422,49,181,46,471,227,2.07488986784141
"8782","Placer County",2017-01-01,400,45,178,45,445,223,1.99551569506726
"8783","Placer County",2017-02-01,447,38,184,47,485,231,2.0995670995671
"8784","Placer County",2017-03-01,459,40,189,54,499,243,2.05349794238683
"8785","Placer County",2017-04-01,447,38,186,56,485,242,2.00413223140496
"8786","Placer County",2017-05-01,438,38,185,57,476,242,1.96694214876033
"8787","Placer County",2017-06-01,429,36,184,56,465,240,1.9375
"8788","Placer County",2017-07-01,441,39,184,56,480,240,2
"8789","Placer County",2017-08-01,445,40,185,56,485,241,2.01244813278008
"8790","Placer County",2017-09-01,444,39,182,57,483,239,2.02092050209205
"8791","Placer County",2017-10-01,458,39,187,54,497,241,2.06224066390041
"8792","Placer County",2017-11-01,461,38,188,53,499,241,2.07053941908714
"8793","Placer County",2017-12-01,467,38,190,57,505,247,2.04453441295547
"8794","Placer County",2018-01-01,465,38,192,51,503,243,2.06995884773663
"8795","Placer County",2018-02-01,454,39,189,54,493,243,2.02880658436214
"8796","Placer County",2018-03-01,469,39,190,57,508,247,2.05668016194332
"8797","Placer County",2018-04-01,464,38,188,53,502,241,2.08298755186722
"8798","Placer County",2018-05-01,464,37,189,48,501,237,2.11392405063291
"8799","Placer County",2018-06-01,457,39,187,55,496,242,2.0495867768595
"8800","Placer County",2018-07-01,476,40,191,61,516,252,2.04761904761905
"8801","Placer County",2018-08-01,454,37,184,60,491,244,2.01229508196721
"8802","Placer County",2018-09-01,455,37,185,52,492,237,2.07594936708861
"8803","Placer County",2018-10-01,435,37,178,51,472,229,2.06113537117904
"8804","Placer County",2018-11-01,427,39,175,49,466,224,2.08035714285714
"8805","Placer County",2018-12-01,417,37,169,41,454,210,2.16190476190476
"8806","Placer County",2019-01-01,429,38,173,45,467,218,2.14220183486239
"8807","Placer County",2019-02-01,433,40,178,48,473,226,2.0929203539823
"8808","Placer County",2019-03-01,431,40,182,50,471,232,2.0301724137931
"8809","Placer County",2019-04-01,434,39,182,51,473,233,2.03004291845494
"8810","Placer County",2019-05-01,427,40,182,54,467,236,1.97881355932203
"8811","Placer County",2019-06-01,434,40,179,55,474,234,2.02564102564103
"8812","Placer County",2019-07-01,424,41,178,47,465,225,2.06666666666667
"8813","Placer County",2019-08-01,438,40,186,43,478,229,2.08733624454148
"8814","Placer County",2019-09-01,439,41,186,45,480,231,2.07792207792208
"8815","Placer County",2019-10-01,431,43,178,48,474,226,2.09734513274336
"8816","Placer County",2019-11-01,417,40,168,49,457,217,2.10599078341014
"8817","Placer County",2019-12-01,409,40,156,51,449,207,2.16908212560386
"8818","Placer County",2020-01-01,415,42,161,52,457,213,2.14553990610329
"8819","Placer County",2020-02-01,419,43,171,54,462,225,2.05333333333333
"8820","Placer County",2020-03-01,408,38,172,46,446,218,2.04587155963303
"8821","Plumas County",1995-10-01,17.8,2.5,16.1,2.7,20.3,18.8,1.07978723404255
"8822","Plumas County",1995-11-01,13.3,1.6,15.9,1.7,14.9,17.6,0.846590909090909
"8823","Plumas County",1995-12-01,15.3,4,15.7,2.7,19.3,18.4,1.04891304347826
"8824","Plumas County",1996-01-01,16.4,4.7,23.1,2.6,21.1,25.7,0.821011673151751
"8825","Plumas County",1996-02-01,17.31,2.96,26.96,5.55,20.27,32.51,0.623500461396494
"8826","Plumas County",1996-03-01,15.29,1.41,29.78,5.32,16.7,35.1,0.475783475783476
"8827","Plumas County",1996-04-01,12.3,2.56,28.1,2.93,14.86,31.03,0.478891395423783
"8828","Plumas County",1996-05-01,15.9,1.64,20.68,3.09,17.54,23.77,0.737904922170804
"8829","Plumas County",1996-06-01,19.3,1.8,17.37,1.96,21.1,19.33,1.09156751163994
"8830","Plumas County",1996-07-01,18.97,1.97,22.9,2.13,20.94,25.03,0.836596084698362
"8831","Plumas County",1996-08-01,17.16,7.55,20.67,2.97,24.71,23.64,1.04526226734349
"8832","Plumas County",1996-09-01,16.43,4.23,21.57,2.03,20.66,23.6,0.875423728813559
"8833","Plumas County",1996-10-01,15.19,2.42,15.61,3.9,17.61,19.51,0.902614044079959
"8834","Plumas County",1996-11-01,18.43,1.8,15.53,2.6,20.23,18.13,1.11583011583012
"8835","Plumas County",1996-12-01,12.39,2.29,15.16,1,14.68,16.16,0.908415841584158
"8836","Plumas County",1997-01-01,12.96,1.16,15.93,2.58,14.12,18.51,0.762830902215019
"8837","Plumas County",1997-02-01,18.75,1.46,18.78,3.89,20.21,22.67,0.891486546096162
"8838","Plumas County",1997-03-01,13.67,2.48,23.48,3.67,16.15,27.15,0.594843462246777
"8839","Plumas County",1997-04-01,13.43,2.9,23.57,2.6,16.33,26.17,0.623996943064578
"8840","Plumas County",1997-05-01,14.67,2.23,22.77,3,16.9,25.77,0.655801319363601
"8841","Plumas County",1997-06-01,11.83,2.23,23.1,0.77,14.06,23.87,0.58902387934646
"8842","Plumas County",1997-07-01,16.71,4.26,21.58,1.45,20.97,23.03,0.910551454624403
"8843","Plumas County",1997-08-01,19.68,4.35,22.22,4,24.03,26.22,0.916475972540046
"8844","Plumas County",1997-09-01,15.56,4.53,18.56,2.73,20.09,21.29,0.943635509628934
"8845","Plumas County",1997-10-01,16.71,4.26,21.58,1.45,20.97,23.03,0.910551454624403
"8846","Plumas County",1997-11-01,15.19,3.48,17.41,2.45,18.67,19.86,0.940080563947633
"8847","Plumas County",1997-12-01,25.16,1.94,15.16,2.16,27.1,17.32,1.56466512702079
"8848","Plumas County",1998-01-01,20.81,1.29,21.48,1.94,22.1,23.42,0.943637916310846
"8849","Plumas County",1998-02-01,20.04,1.32,24.5,3.04,21.36,27.54,0.775599128540305
"8850","Plumas County",1998-03-01,20.05,4.05,22.05,3.85,24.1,25.9,0.930501930501931
"8851","Plumas County",1998-04-01,20.77,6.2,25.43,4.9,26.97,30.33,0.889218595450049
"8852","Plumas County",1998-05-01,23.81,3.26,23.96,5.16,27.07,29.12,0.929601648351649
"8853","Plumas County",1998-06-01,24.4,3.5,21.77,5.26,27.9,27.03,1.03218645948946
"8854","Plumas County",1998-07-01,20,3.4,30.7,6.8,23.4,37.5,0.624
"8855","Plumas County",1998-08-01,20.65,5,27.16,5.61,25.65,32.77,0.782728104974062
"8856","Plumas County",1998-09-01,20,3.4,30.7,6.8,23.4,37.5,0.624
"8857","Plumas County",1998-10-01,21,3.16,31.13,4.42,24.16,35.55,0.679606188466948
"8858","Plumas County",1998-11-01,20.44,2.93,28.43,5.33,23.37,33.76,0.692239336492891
"8859","Plumas County",1998-12-01,14.9,1.26,30.32,2.58,16.16,32.9,0.491185410334347
"8860","Plumas County",1999-01-01,19.23,3.61,29,2.39,22.84,31.39,0.727620261229691
"8861","Plumas County",1999-02-01,21.46,3,26.43,2.25,24.46,28.68,0.852859135285913
"8862","Plumas County",1999-03-01,30.06,1.77,25.66,2.48,31.83,28.14,1.13113006396588
"8863","Plumas County",1999-04-01,24.64,1.63,22.73,3.5,26.27,26.23,1.00152497140679
"8864","Plumas County",1999-05-01,28.39,2.1,20.94,2.61,30.49,23.55,1.29469214437367
"8865","Plumas County",1999-06-01,23.3,1.43,24.5,3.3,24.73,27.8,0.889568345323741
"8866","Plumas County",1999-07-01,22.03,3.81,23.42,3.22,25.84,26.64,0.96996996996997
"8867","Plumas County",1999-08-01,19.26,3.61,21.26,4.52,22.87,25.78,0.887121799844841
"8868","Plumas County",1999-09-01,24.93,2.37,20.63,4.44,27.3,25.07,1.08895093737535
"8869","Plumas County",1999-10-01,24.1,3.58,16.68,3.54,27.68,20.22,1.36894164193867
"8870","Plumas County",1999-11-01,27.17,3.9,13.66,3.06,31.07,16.72,1.85825358851675
"8871","Plumas County",1999-12-01,20.97,3.65,13.87,2.51,24.62,16.38,1.5030525030525
"8872","Plumas County",2000-01-01,23.78,2.61,13.32,2.81,26.39,16.13,1.63608183508989
"8873","Plumas County",2000-02-01,23.72,3.17,16.69,2.35,26.89,19.04,1.41228991596639
"8874","Plumas County",2000-03-01,23.29,2.61,15.55,3.65,25.9,19.2,1.34895833333333
"8875","Plumas County",2000-04-01,16.8,2.23,13.74,4.2,19.03,17.94,1.06075808249721
"8876","Plumas County",2000-05-01,18.62,3.03,13.84,3.03,21.65,16.87,1.28334321280379
"8877","Plumas County",2000-06-01,19.2,3.27,12.86,2.7,22.47,15.56,1.44408740359897
"8878","Plumas County",2000-07-01,23.48,3.42,13.01,4.61,26.9,17.62,1.5266742338252
"8879","Plumas County",2000-08-01,26.19,5.94,15.45,5.75,32.13,21.2,1.51556603773585
"8880","Plumas County",2000-09-01,25.27,9.93,14.53,4.8,35.2,19.33,1.82100362131402
"8881","Plumas County",2000-10-01,25,7,17.68,6.26,32,23.94,1.33667502088555
"8882","Plumas County",2000-11-01,17.1,6.1,18.1,6.7,23.2,24.8,0.935483870967742
"8883","Plumas County",2000-12-01,19,5.39,17.8,6.1,24.39,23.9,1.02050209205021
"8884","Plumas County",2001-01-01,18,5,20,6,23,26,0.884615384615385
"8885","Plumas County",2001-02-01,14,6,16,3,20,19,1.05263157894737
"8886","Plumas County",2001-03-01,15,5,16,4,20,20,1
"8887","Plumas County",2001-04-01,20,5,16,5,25,21,1.19047619047619
"8888","Plumas County",2001-05-01,20,4,18,2,24,20,1.2
"8889","Plumas County",2001-06-01,26,6,18,2,32,20,1.6
"8890","Plumas County",2001-07-01,27,8,19,2,35,21,1.66666666666667
"8891","Plumas County",2001-08-01,24,6,19,2,30,21,1.42857142857143
"8892","Plumas County",2001-09-01,20,5,20,4,25,24,1.04166666666667
"8893","Plumas County",2001-10-01,27,4,20,4,31,24,1.29166666666667
"8894","Plumas County",2001-11-01,28,3,20,3,31,23,1.34782608695652
"8895","Plumas County",2001-12-01,19,2,14,2,21,16,1.3125
"8896","Plumas County",2002-01-01,15,5,15,3,20,18,1.11111111111111
"8897","Plumas County",2002-02-01,16,5,14,2,21,16,1.3125
"8898","Plumas County",2002-03-01,17,3,18,2,20,20,1
"8899","Plumas County",2002-04-01,19,5,13,2,24,15,1.6
"8900","Plumas County",2002-05-01,24,4,19,2,28,21,1.33333333333333
"8901","Plumas County",2002-06-01,25,4,18,3,29,21,1.38095238095238
"8902","Plumas County",2002-07-01,30,6,11,5,36,16,2.25
"8903","Plumas County",2002-08-01,24,5,14,5,29,19,1.52631578947368
"8904","Plumas County",2002-09-01,26,4,16,4,30,20,1.5
"8905","Plumas County",2002-10-01,22,2,16,3,24,19,1.26315789473684
"8906","Plumas County",2002-11-01,24,4,16,2,28,18,1.55555555555556
"8907","Plumas County",2002-12-01,24,5,18,2,29,20,1.45
"8908","Plumas County",2003-01-01,22,3,24,4,25,28,0.892857142857143
"8909","Plumas County",2003-02-01,25,4,18,4,29,22,1.31818181818182
"8910","Plumas County",2003-03-01,33,5,15,4,38,19,2
"8911","Plumas County",2003-04-01,23,7,21,4,30,25,1.2
"8912","Plumas County",2003-05-01,24,4,23,4,28,27,1.03703703703704
"8913","Plumas County",2003-06-01,22,5,20,4,27,24,1.125
"8914","Plumas County",2003-07-01,32,3,19,3,35,22,1.59090909090909
"8915","Plumas County",2003-08-01,27,3,18,2,30,20,1.5
"8916","Plumas County",2003-09-01,29,5,17,3,34,20,1.7
"8917","Plumas County",2003-10-01,26,4,15,3,30,18,1.66666666666667
"8918","Plumas County",2003-11-01,19,4,17,2,23,19,1.21052631578947
"8919","Plumas County",2003-12-01,21,4,19,1,25,20,1.25
"8920","Plumas County",2004-01-01,25,3,24,3,28,27,1.03703703703704
"8921","Plumas County",2004-02-01,26,3,24,5,29,29,1
"8922","Plumas County",2004-03-01,21,4,25,8,25,33,0.757575757575758
"8923","Plumas County",2004-04-01,21,3,25,8,24,33,0.727272727272727
"8924","Plumas County",2004-05-01,25,5,27,4,30,31,0.967741935483871
"8925","Plumas County",2004-06-01,23,6,30,3,29,33,0.878787878787879
"8926","Plumas County",2004-07-01,26,4,29,5,30,34,0.882352941176471
"8927","Plumas County",2004-08-01,27,4,28,5,31,33,0.939393939393939
"8928","Plumas County",2004-09-01,19,3,27,6,22,33,0.666666666666667
"8929","Plumas County",2004-10-01,18,4,19,5,22,24,0.916666666666667
"8930","Plumas County",2004-11-01,18,6,19,4,24,23,1.04347826086957
"8931","Plumas County",2004-12-01,21,4,17,7,25,24,1.04166666666667
"8932","Plumas County",2005-01-01,16,5,21,9,21,30,0.7
"8933","Plumas County",2005-02-01,20,5,21,9,25,30,0.833333333333333
"8934","Plumas County",2005-03-01,18,5,22,10,23,32,0.71875
"8935","Plumas County",2005-04-01,15,5,22,11,20,33,0.606060606060606
"8936","Plumas County",2005-05-01,14,2,18,11,16,29,0.551724137931034
"8937","Plumas County",2005-06-01,22,4,18,10,26,28,0.928571428571429
"8938","Plumas County",2005-07-01,30,6,14,7,36,21,1.71428571428571
"8939","Plumas County",2005-08-01,23,7,19,4,30,23,1.30434782608696
"8940","Plumas County",2005-09-01,20,4,19,6,24,25,0.96
"8941","Plumas County",2005-10-01,20,3,24,7,23,31,0.741935483870968
"8942","Plumas County",2005-11-01,24,4,23,5,28,28,1
"8943","Plumas County",2005-12-01,27,6,17,4,33,21,1.57142857142857
"8944","Plumas County",2006-01-01,22,5,24,6,27,30,0.9
"8945","Plumas County",2006-02-01,29,7,22,7,36,29,1.24137931034483
"8946","Plumas County",2006-03-01,26,5,23,7,31,30,1.03333333333333
"8947","Plumas County",2006-04-01,21,5,23,8,26,31,0.838709677419355
"8948","Plumas County",2006-05-01,23,6,23,8,29,31,0.935483870967742
"8949","Plumas County",2006-06-01,20,3,24,8,23,32,0.71875
"8950","Plumas County",2006-07-01,23,3,17,6,26,23,1.1304347826087
"8951","Plumas County",2006-08-01,23,3,21,4,26,25,1.04
"8952","Plumas County",2006-09-01,24,2,28,8,26,36,0.722222222222222
"8953","Plumas County",2006-10-01,18,4,26,6,22,32,0.6875
"8954","Plumas County",2006-11-01,11,3,31,7,14,38,0.368421052631579
"8955","Plumas County",2006-12-01,14,4,23,5,18,28,0.642857142857143
"8956","Plumas County",2007-01-01,16,2,29,5,18,34,0.529411764705882
"8957","Plumas County",2007-02-01,17,3,25,5,20,30,0.666666666666667
"8958","Plumas County",2007-03-01,19,4,17,6,23,23,1
"8959","Plumas County",2007-04-01,19,10,20,4,29,24,1.20833333333333
"8960","Plumas County",2007-05-01,29,8,18,3,37,21,1.76190476190476
"8961","Plumas County",2007-06-01,16,4,21,6,20,27,0.740740740740741
"8962","Plumas County",2007-07-01,16,6,22,4,22,26,0.846153846153846
"8963","Plumas County",2007-08-01,14,6,25,8,20,33,0.606060606060606
"8964","Plumas County",2007-09-01,16,5,26,9,21,35,0.6
"8965","Plumas County",2007-10-01,21,6,21,9,27,30,0.9
"8966","Plumas County",2007-11-01,21,6,22,6,27,28,0.964285714285714
"8967","Plumas County",2007-12-01,17,4,22,5,21,27,0.777777777777778
"8968","Plumas County",2008-01-01,12,4,21,3,16,24,0.666666666666667
"8969","Plumas County",2008-02-01,11,3,21,3,14,24,0.583333333333333
"8970","Plumas County",2008-03-01,13,2,15,3,15,18,0.833333333333333
"8971","Plumas County",2008-04-01,12,2,17,2,14,19,0.736842105263158
"8972","Plumas County",2008-05-01,12,2,16,5,14,21,0.666666666666667
"8973","Plumas County",2008-06-01,26,1,8,4,27,12,2.25
"8974","Plumas County",2008-07-01,23,1,9,4,24,13,1.84615384615385
"8975","Plumas County",2008-08-01,18,1,19,3,19,22,0.863636363636364
"8976","Plumas County",2008-09-01,21,1,19,3,22,22,1
"8977","Plumas County",2008-10-01,18,4,21,1,22,22,1
"8978","Plumas County",2008-11-01,15,4,22,2,19,24,0.791666666666667
"8979","Plumas County",2008-12-01,14,2,19,1,16,20,0.8
"8980","Plumas County",2009-01-01,21,2,24,5,23,29,0.793103448275862
"8981","Plumas County",2009-02-01,15,3,34,6,18,40,0.45
"8982","Plumas County",2009-03-01,25,4,21,7,29,28,1.03571428571429
"8983","Plumas County",2009-04-01,21,5,24,7,26,31,0.838709677419355
"8984","Plumas County",2009-05-01,12,5,24,9,17,33,0.515151515151515
"8985","Plumas County",2009-06-01,14,5,15,9,19,24,0.791666666666667
"8986","Plumas County",2009-07-01,21,5,11,5,26,16,1.625
"8987","Plumas County",2009-08-01,21,5,13,2,26,15,1.73333333333333
"8988","Plumas County",2009-09-01,24,5,12,3,29,15,1.93333333333333
"8989","Plumas County",2009-10-01,22,4,13,2,26,15,1.73333333333333
"8990","Plumas County",2009-11-01,18,5,16,4,23,20,1.15
"8991","Plumas County",2009-12-01,17,4,18,4,21,22,0.954545454545455
"8992","Plumas County",2010-01-01,20,4,25,1,24,26,0.923076923076923
"8993","Plumas County",2010-02-01,20,4,21,2,24,23,1.04347826086957
"8994","Plumas County",2010-03-01,22,5,13,2,27,15,1.8
"8995","Plumas County",2010-04-01,17,4,21,6,21,27,0.777777777777778
"8996","Plumas County",2010-05-01,18,4,19,3,22,22,1
"8997","Plumas County",2010-06-01,22,5,15,1,27,16,1.6875
"8998","Plumas County",2010-07-01,16,5,17,3,21,20,1.05
"8999","Plumas County",2010-08-01,19,7,11,4,26,15,1.73333333333333
"9000","Plumas County",2010-09-01,15,4,15,5,19,20,0.95
"9001","Plumas County",2010-10-01,21,4,13,4,25,17,1.47058823529412
"9002","Plumas County",2010-11-01,19,4,20,5,23,25,0.92
"9003","Plumas County",2010-12-01,21,4,13,4,25,17,1.47058823529412
"9004","Plumas County",2011-01-01,20,4,20,5,24,25,0.96
"9005","Plumas County",2011-02-01,17,3,20,4,20,24,0.833333333333333
"9006","Plumas County",2011-03-01,12,3,18,3,15,21,0.714285714285714
"9007","Plumas County",2011-04-01,12,3,14,3,15,17,0.882352941176471
"9008","Plumas County",2011-05-01,15,3,10,5,18,15,1.2
"9009","Plumas County",2011-06-01,10,4,15,8,14,23,0.608695652173913
"9010","Plumas County",2011-07-01,15,6,13,8,21,21,1
"9011","Plumas County",2011-08-01,14,5,10,5,19,15,1.26666666666667
"9012","Plumas County",2011-09-01,12,5,8,6,17,14,1.21428571428571
"9013","Plumas County",2011-10-01,15,7,9,3,22,12,1.83333333333333
"9014","Plumas County",2011-11-01,15,3,10,5,18,15,1.2
"9015","Plumas County",2011-12-01,13,7,18,4,20,22,0.909090909090909
"9016","Plumas County",2012-01-01,12,6,13,4,18,17,1.05882352941176
"9017","Plumas County",2012-02-01,11,7,16,5,18,21,0.857142857142857
"9018","Plumas County",2012-03-01,13,8,11,7,21,18,1.16666666666667
"9019","Plumas County",2012-04-01,18,6,10,7,24,17,1.41176470588235
"9020","Plumas County",2012-05-01,18,6,10,7,24,17,1.41176470588235
"9021","Plumas County",2012-06-01,17,8,15,5,25,20,1.25
"9022","Plumas County",2012-07-01,21,7,15,4,28,19,1.47368421052632
"9023","Plumas County",2012-08-01,21,8,11,2,29,13,2.23076923076923
"9024","Plumas County",2012-09-01,18,8,13,4,26,17,1.52941176470588
"9025","Plumas County",2012-10-01,17,7,9,5,24,14,1.71428571428571
"9026","Plumas County",2012-11-01,21,7,12,5,28,17,1.64705882352941
"9027","Plumas County",2012-12-01,28,7,7,3,35,10,3.5
"9028","Plumas County",2013-01-01,16,6,11,2,22,13,1.69230769230769
"9029","Plumas County",2013-02-01,19,7,13,5,26,18,1.44444444444444
"9030","Plumas County",2013-03-01,20,2,16,2,22,18,1.22222222222222
"9031","Plumas County",2013-04-01,15,2,18,3,17,21,0.80952380952381
"9032","Plumas County",2013-05-01,11,4,26,2,15,28,0.535714285714286
"9033","Plumas County",2013-06-01,12,3,25,3,15,28,0.535714285714286
"9034","Plumas County",2013-07-01,18,3,20,6,21,26,0.807692307692308
"9035","Plumas County",2013-08-01,18,3,19,6,21,25,0.84
"9036","Plumas County",2013-09-01,19,3,21,7,22,28,0.785714285714286
"9037","Plumas County",2013-10-01,14,4,23,5,18,28,0.642857142857143
"9038","Plumas County",2013-11-01,13,6,29,3,19,32,0.59375
"9039","Plumas County",2013-12-01,15,4,24,1,19,25,0.76
"9040","Plumas County",2014-01-01,26,3,21,6,29,27,1.07407407407407
"9041","Plumas County",2014-02-01,34,3,18,6,37,24,1.54166666666667
"9042","Plumas County",2014-03-01,33,4,18,4,37,22,1.68181818181818
"9043","Plumas County",2014-04-01,32,5,14,4,37,18,2.05555555555556
"9044","Plumas County",2014-05-01,27,6,13,2,33,15,2.2
"9045","Plumas County",2014-06-01,24,8,10,3,32,13,2.46153846153846
"9046","Plumas County",2014-07-01,26,7,11,3,33,14,2.35714285714286
"9047","Plumas County",2014-08-01,33,8,10,4,41,14,2.92857142857143
"9048","Plumas County",2014-09-01,31,7,8,5,38,13,2.92307692307692
"9049","Plumas County",2014-10-01,30,6,7,4,36,11,3.27272727272727
"9050","Plumas County",2014-11-01,25,6,10,4,31,14,2.21428571428571
"9051","Plumas County",2014-12-01,29,2,8,2,31,10,3.1
"9052","Plumas County",2015-01-01,28,4,11,2,32,13,2.46153846153846
"9053","Plumas County",2015-02-01,27,5,14,4,32,18,1.77777777777778
"9054","Plumas County",2015-03-01,28,6,15,3,34,18,1.88888888888889
"9055","Plumas County",2015-04-01,26,5,13,3,31,16,1.9375
"9056","Plumas County",2015-05-01,26,7,20,2,33,22,1.5
"9057","Plumas County",2015-06-01,30,3,17,2,33,19,1.73684210526316
"9058","Plumas County",2015-07-01,26,4,17,3,30,20,1.5
"9059","Plumas County",2015-08-01,20,7,16,3,27,19,1.42105263157895
"9060","Plumas County",2015-09-01,23,7,11,3,30,14,2.14285714285714
"9061","Plumas County",2015-10-01,25,8,12,2,33,14,2.35714285714286
"9062","Plumas County",2015-11-01,30,11,10,6,41,16,2.5625
"9063","Plumas County",2015-12-01,33,8,13,4,41,17,2.41176470588235
"9064","Plumas County",2016-01-01,36,8,11,1,44,12,3.66666666666667
"9065","Plumas County",2016-02-01,34,6,10,0,40,10,4
"9066","Plumas County",2016-03-01,38,6,12,1,44,13,3.38461538461538
"9067","Plumas County",2016-04-01,40,7,11,2,47,13,3.61538461538462
"9068","Plumas County",2016-05-01,37,9,8,3,46,11,4.18181818181818
"9069","Plumas County",2016-06-01,34,8,7,2,42,9,4.66666666666667
"9070","Plumas County",2016-07-01,35,8,6,0,43,6,7.16666666666667
"9071","Plumas County",2016-08-01,34,7,8,1,41,9,4.55555555555556
"9072","Plumas County",2016-09-01,32,8,10,3,40,13,3.07692307692308
"9073","Plumas County",2016-10-01,25,7,7,4,32,11,2.90909090909091
"9074","Plumas County",2016-11-01,26,6,6,2,32,8,4
"9075","Plumas County",2016-12-01,30,8,6,1,38,7,5.42857142857143
"9076","Plumas County",2017-01-01,32,11,4,1,43,5,8.6
"9077","Plumas County",2017-02-01,34,8,4,2,42,6,7
"9078","Plumas County",2017-03-01,33,10,6,2,43,8,5.375
"9079","Plumas County",2017-04-01,22,6,22,4,28,26,1.07692307692308
"9080","Plumas County",2017-05-01,25,8,16,3,33,19,1.73684210526316
"9081","Plumas County",2017-06-01,28,9,13,2,37,15,2.46666666666667
"9082","Plumas County",2017-07-01,30,8,8,2,38,10,3.8
"9083","Plumas County",2017-08-01,36,8,9,2,44,11,4
"9084","Plumas County",2017-09-01,40,8,8,3,48,11,4.36363636363636
"9085","Plumas County",2017-10-01,33,5,7,2,38,9,4.22222222222222
"9086","Plumas County",2017-11-01,33,7,5,2,40,7,5.71428571428571
"9087","Plumas County",2017-12-01,26,8,5,1,34,6,5.66666666666667
"9088","Plumas County",2018-01-01,22,8,8,3,30,11,2.72727272727273
"9089","Plumas County",2018-02-01,22,10,6,2,32,8,4
"9090","Plumas County",2018-03-01,23,13,6,2,36,8,4.5
"9091","Plumas County",2018-04-01,27,9,8,1,36,9,4
"9092","Plumas County",2018-05-01,27,7,11,2,34,13,2.61538461538462
"9093","Plumas County",2018-06-01,22,6,10,1,28,11,2.54545454545455
"9094","Plumas County",2018-07-01,26,6,10,1,32,11,2.90909090909091
"9095","Plumas County",2018-08-01,30,7,12,2,37,14,2.64285714285714
"9096","Plumas County",2018-09-01,33,8,12,5,41,17,2.41176470588235
"9097","Plumas County",2018-10-01,28,11,11,5,39,16,2.4375
"9098","Plumas County",2018-11-01,27,11,10,5,38,15,2.53333333333333
"9099","Plumas County",2018-12-01,25,8,11,4,33,15,2.2
"9100","Plumas County",2019-01-01,29,7,11,4,36,15,2.4
"9101","Plumas County",2019-02-01,23,6,26,4,29,30,0.966666666666667
"9102","Plumas County",2019-03-01,28,9,24,2,37,26,1.42307692307692
"9103","Plumas County",2019-04-01,27,10,20,1,37,21,1.76190476190476
"9104","Plumas County",2019-05-01,28,8,16,2,36,18,2
"9105","Plumas County",2019-06-01,34,9,15,1,43,16,2.6875
"9106","Plumas County",2019-07-01,31,11,15,3,42,18,2.33333333333333
"9107","Plumas County",2019-08-01,32,9,18,2,41,20,2.05
"9108","Plumas County",2019-09-01,24,9,18,2,33,20,1.65
"9109","Plumas County",2019-10-01,22,9,19,1,31,20,1.55
"9110","Plumas County",2019-11-01,22,11,19,2,33,21,1.57142857142857
"9111","Plumas County",2019-12-01,29,11,17,3,40,20,2
"9112","Plumas County",2020-01-01,21,6,20,6,27,26,1.03846153846154
"9113","Plumas County",2020-02-01,18,5,23,6,23,29,0.793103448275862
"9114","Plumas County",2020-03-01,15,3,22,4,18,26,0.692307692307692
"9115","Riverside County",1995-10-01,1498,162,742,100,1660,842,1.97149643705463
"9116","Riverside County",1995-11-01,1538,177,747,105,1715,852,2.01291079812207
"9117","Riverside County",1995-12-01,1487,164,714,102,1651,816,2.02328431372549
"9118","Riverside County",1996-01-01,1462,175,722,99,1637,821,1.99390986601705
"9119","Riverside County",1996-02-01,1543,183,754,98,1726,852,2.02582159624413
"9120","Riverside County",1996-03-01,1500,186,782,110,1686,892,1.89013452914798
"9121","Riverside County",1996-04-01,1489,204,757,114,1693,871,1.94374282433984
"9122","Riverside County",1996-05-01,1527,172,732,114,1699,846,2.00827423167849
"9123","Riverside County",1996-06-01,1546,186,745,108,1732,853,2.03048065650645
"9124","Riverside County",1996-07-01,1539,176,777,109,1715,886,1.93566591422122
"9125","Riverside County",1996-08-01,1580,177,763,114,1757,877,2.00342075256556
"9126","Riverside County",1996-09-01,1630,186,754,98,1816,852,2.13145539906103
"9127","Riverside County",1996-10-01,1580,177,763,114,1757,877,2.00342075256556
"9128","Riverside County",1996-11-01,1599,180,724,86,1779,810,2.1962962962963
"9129","Riverside County",1996-12-01,1571,203,673,74,1774,747,2.37483266398929
"9130","Riverside County",1997-01-01,1578,189,697,88,1767,785,2.25095541401274
"9131","Riverside County",1997-02-01,1635,204,723,99,1839,822,2.23722627737226
"9132","Riverside County",1997-03-01,1661,187,689,118,1848,807,2.28996282527881
"9133","Riverside County",1997-04-01,1645,193,736,121,1838,857,2.14469078179697
"9134","Riverside County",1997-05-01,1629,185,737,117,1814,854,2.12412177985948
"9135","Riverside County",1997-06-01,1597,188,737,116,1785,853,2.0926143024619
"9136","Riverside County",1997-07-01,1614,182,774,116,1796,890,2.01797752808989
"9137","Riverside County",1997-08-01,1598,190,768,124,1788,892,2.00448430493274
"9138","Riverside County",1997-09-01,1684,199,732,122,1883,854,2.20491803278689
"9139","Riverside County",1997-10-01,1651,193,745,112,1844,857,2.15169194865811
"9140","Riverside County",1997-11-01,1628,204,727,108,1832,835,2.1940119760479
"9141","Riverside County",1997-12-01,1624,201,689,108,1825,797,2.28983688833124
"9142","Riverside County",1998-01-01,1689,196,710,113,1885,823,2.29040097205346
"9143","Riverside County",1998-02-01,1773,217,737,123,1990,860,2.31395348837209
"9144","Riverside County",1998-03-01,1752,216,762,130,1968,892,2.20627802690583
"9145","Riverside County",1998-04-01,1717,222,741,117,1939,858,2.25990675990676
"9146","Riverside County",1998-05-01,1717,222,741,117,1939,858,2.25990675990676
"9147","Riverside County",1998-06-01,1680,188,657,86,1868,743,2.51413189771198
"9148","Riverside County",1998-07-01,1716,201,640,96,1917,736,2.60461956521739
"9149","Riverside County",1998-08-01,1737,186,673,99,1923,772,2.49093264248705
"9150","Riverside County",1998-09-01,1747,202,637,103,1949,740,2.63378378378378
"9151","Riverside County",1998-10-01,1685,205,664,97,1890,761,2.48357424441524
"9152","Riverside County",1998-11-01,1671,204,656,112,1875,768,2.44140625
"9153","Riverside County",1998-12-01,1671,204,656,112,1875,768,2.44140625
"9154","Riverside County",1999-01-01,1624,194,635,102,1818,737,2.46675712347354
"9155","Riverside County",1999-02-01,1699,212,661,98,1911,759,2.51778656126482
"9156","Riverside County",1999-03-01,1679,206,692,104,1885,796,2.36809045226131
"9157","Riverside County",1999-04-01,1701,191,683,104,1892,787,2.40406607369759
"9158","Riverside County",1999-05-01,1760,198,637,107,1958,744,2.63172043010753
"9159","Riverside County",1999-06-01,1754,201,645,113,1955,758,2.57915567282322
"9160","Riverside County",1999-07-01,1751,207,661,123,1958,784,2.49744897959184
"9161","Riverside County",1999-08-01,1728,217,670,118,1945,788,2.46827411167513
"9162","Riverside County",1999-09-01,1769,219,678,111,1988,789,2.51964512040558
"9163","Riverside County",1999-10-01,1739,213,656,105,1952,761,2.56504599211564
"9164","Riverside County",1999-11-01,1686,215,660,116,1901,776,2.44974226804124
"9165","Riverside County",1999-12-01,1598,224,633,112,1822,745,2.44563758389262
"9166","Riverside County",2000-01-01,1579,191,632,98,1770,730,2.42465753424658
"9167","Riverside County",2000-02-01,1657,199,650,105,1856,755,2.45827814569536
"9168","Riverside County",2000-03-01,1677,208,659,107,1885,766,2.46083550913838
"9169","Riverside County",2000-04-01,1660,207,659,114,1867,773,2.41526520051746
"9170","Riverside County",2000-05-01,1613,205,679,130,1818,809,2.24721878862794
"9171","Riverside County",2000-06-01,1606,214,699,131,1820,830,2.19277108433735
"9172","Riverside County",2000-07-01,1597,220,743,151,1817,894,2.0324384787472
"9173","Riverside County",2000-08-01,1663,219,723,166,1882,889,2.1169853768279
"9174","Riverside County",2000-09-01,1666,227,729,148,1893,877,2.15849486887115
"9175","Riverside County",2000-10-01,1603,202,737,137,1805,874,2.06521739130435
"9176","Riverside County",2000-11-01,1617,195,729,133,1812,862,2.10208816705336
"9177","Riverside County",2000-12-01,1644,181,683,135,1825,818,2.23105134474328
"9178","Riverside County",2001-01-01,1649,186,806,146,1835,952,1.92752100840336
"9179","Riverside County",2001-02-01,1654,182,717,140,1836,857,2.14235705950992
"9180","Riverside County",2001-03-01,1658,190,720,141,1848,861,2.14634146341463
"9181","Riverside County",2001-04-01,1629,180,793,144,1809,937,1.93062966915688
"9182","Riverside County",2001-05-01,1675,186,830,137,1861,967,1.92450879007239
"9183","Riverside County",2001-06-01,1699,184,837,135,1883,972,1.93724279835391
"9184","Riverside County",2001-07-01,1730,195,849,141,1925,990,1.94444444444444
"9185","Riverside County",2001-08-01,1738,195,871,165,1933,1036,1.86583011583012
"9186","Riverside County",2001-09-01,1832,211,878,182,2043,1060,1.92735849056604
"9187","Riverside County",2001-10-01,1855,213,875,166,2068,1041,1.98655139289145
"9188","Riverside County",2001-11-01,1822,206,879,161,2028,1040,1.95
"9189","Riverside County",2001-12-01,1849,199,833,148,2048,981,2.08766564729867
"9190","Riverside County",2002-01-01,1946,205,902,151,2151,1053,2.04273504273504
"9191","Riverside County",2002-02-01,1984,234,935,137,2218,1072,2.06902985074627
"9192","Riverside County",2002-03-01,1936,239,937,128,2175,1065,2.04225352112676
"9193","Riverside County",2002-04-01,1961,251,913,131,2212,1044,2.11877394636015
"9194","Riverside County",2002-05-01,1948,254,913,124,2202,1037,2.12343297974928
"9195","Riverside County",2002-06-01,1971,261,920,131,2232,1051,2.12369172216936
"9196","Riverside County",2002-07-01,1981,269,880,140,2250,1020,2.20588235294118
"9197","Riverside County",2002-08-01,2038,254,871,135,2292,1006,2.27833001988072
"9198","Riverside County",2002-09-01,2017,262,899,116,2279,1015,2.24532019704434
"9199","Riverside County",2002-10-01,2026,261,885,113,2287,998,2.29158316633267
"9200","Riverside County",2002-11-01,1966,259,874,114,2225,988,2.25202429149798
"9201","Riverside County",2002-12-01,1975,260,863,123,2235,986,2.26673427991886
"9202","Riverside County",2003-01-01,2046,282,837,128,2328,965,2.41243523316062
"9203","Riverside County",2003-02-01,1977,271,880,141,2248,1021,2.20176297747307
"9204","Riverside County",2003-03-01,1949,275,890,131,2224,1021,2.17825661116552
"9205","Riverside County",2003-04-01,2016,268,856,139,2284,995,2.29547738693467
"9206","Riverside County",2003-05-01,2068,285,816,124,2353,940,2.5031914893617
"9207","Riverside County",2003-06-01,2115,272,760,120,2387,880,2.7125
"9208","Riverside County",2003-07-01,2110,249,804,121,2359,925,2.55027027027027
"9209","Riverside County",2003-08-01,2138,255,811,139,2393,950,2.51894736842105
"9210","Riverside County",2003-09-01,2256,268,773,146,2524,919,2.74646354733406
"9211","Riverside County",2003-10-01,2159,251,735,134,2410,869,2.77330264672037
"9212","Riverside County",2003-11-01,2215,253,670,120,2468,790,3.12405063291139
"9213","Riverside County",2003-12-01,2171,241,670,107,2412,777,3.1042471042471
"9214","Riverside County",2004-01-01,2222,266,681,101,2488,782,3.18158567774936
"9215","Riverside County",2004-02-01,2317,283,612,95,2600,707,3.67751060820368
"9216","Riverside County",2004-03-01,2303,256,608,106,2559,714,3.58403361344538
"9217","Riverside County",2004-04-01,2290,265,604,99,2555,703,3.63442389758179
"9218","Riverside County",2004-05-01,2243,255,670,104,2498,774,3.22739018087855
"9219","Riverside County",2004-06-01,2229,264,671,86,2493,757,3.29326287978864
"9220","Riverside County",2004-07-01,2247,265,637,85,2512,722,3.4792243767313
"9221","Riverside County",2004-08-01,2283,290,572,93,2573,665,3.86917293233083
"9222","Riverside County",2004-09-01,2280,284,581,97,2564,678,3.78171091445428
"9223","Riverside County",2004-10-01,2266,265,582,103,2531,685,3.6948905109489
"9224","Riverside County",2004-11-01,2242,259,591,103,2501,694,3.60374639769452
"9225","Riverside County",2004-12-01,2248,257,575,101,2505,676,3.70562130177515
"9226","Riverside County",2005-01-01,2310,276,561,94,2586,655,3.94809160305343
"9227","Riverside County",2005-02-01,2359,300,511,79,2659,590,4.50677966101695
"9228","Riverside County",2005-03-01,2296,299,503,81,2595,584,4.44349315068493
"9229","Riverside County",2005-04-01,2290,300,510,85,2590,595,4.35294117647059
"9230","Riverside County",2005-05-01,2391,308,440,83,2699,523,5.16061185468451
"9231","Riverside County",2005-06-01,2432,319,417,69,2751,486,5.66049382716049
"9232","Riverside County",2005-07-01,2435,323,419,67,2758,486,5.67489711934156
"9233","Riverside County",2005-08-01,2432,304,431,69,2736,500,5.472
"9234","Riverside County",2005-09-01,2494,312,400,64,2806,464,6.04741379310345
"9235","Riverside County",2005-10-01,2458,305,454,75,2763,529,5.22306238185255
"9236","Riverside County",2005-11-01,2484,317,436,89,2801,525,5.3352380952381
"9237","Riverside County",2005-12-01,2436,307,440,99,2743,539,5.08905380333952
"9238","Riverside County",2006-01-01,2435,325,426,98,2760,524,5.26717557251908
"9239","Riverside County",2006-02-01,2463,343,399,86,2806,485,5.78556701030928
"9240","Riverside County",2006-03-01,2530,325,395,75,2855,470,6.07446808510638
"9241","Riverside County",2006-04-01,2514,306,412,78,2820,490,5.75510204081633
"9242","Riverside County",2006-05-01,2556,307,432,63,2863,495,5.78383838383838
"9243","Riverside County",2006-06-01,2599,311,420,74,2910,494,5.89068825910931
"9244","Riverside County",2006-07-01,2590,307,430,72,2897,502,5.77091633466135
"9245","Riverside County",2006-08-01,2627,323,406,68,2950,474,6.22362869198312
"9246","Riverside County",2006-09-01,2650,303,394,69,2953,463,6.37796976241901
"9247","Riverside County",2006-10-01,2677,305,406,70,2982,476,6.26470588235294
"9248","Riverside County",2006-11-01,2722,311,386,56,3033,442,6.86199095022624
"9249","Riverside County",2006-12-01,2692,300,415,68,2992,483,6.19461697722567
"9250","Riverside County",2007-01-01,2783,293,420,83,3076,503,6.11530815109344
"9251","Riverside County",2007-02-01,2908,305,396,66,3213,462,6.95454545454545
"9252","Riverside County",2007-03-01,2944,297,418,66,3241,484,6.69628099173554
"9253","Riverside County",2007-04-01,2993,290,402,62,3283,464,7.07543103448276
"9254","Riverside County",2007-05-01,2992,305,394,70,3297,464,7.10560344827586
"9255","Riverside County",2007-06-01,3015,315,411,69,3330,480,6.9375
"9256","Riverside County",2007-07-01,3021,304,427,73,3325,500,6.65
"9257","Riverside County",2007-08-01,3010,307,435,74,3317,509,6.51669941060904
"9258","Riverside County",2007-09-01,3066,312,404,66,3378,470,7.18723404255319
"9259","Riverside County",2007-10-01,3007,293,447,69,3300,516,6.3953488372093
"9260","Riverside County",2007-11-01,2923,279,459,67,3202,526,6.08745247148289
"9261","Riverside County",2007-12-01,2836,281,450,56,3117,506,6.1600790513834
"9262","Riverside County",2008-01-01,2858,280,470,61,3138,531,5.90960451977401
"9263","Riverside County",2008-02-01,2794,280,489,68,3074,557,5.51885098743267
"9264","Riverside County",2008-03-01,2716,284,543,83,3000,626,4.79233226837061
"9265","Riverside County",2008-04-01,2691,273,551,84,2964,635,4.66771653543307
"9266","Riverside County",2008-05-01,2646,247,601,113,2893,714,4.05182072829132
"9267","Riverside County",2008-06-01,2652,241,630,124,2893,754,3.8368700265252
"9268","Riverside County",2008-07-01,2668,241,630,121,2909,751,3.87350199733688
"9269","Riverside County",2008-08-01,2640,260,624,121,2900,745,3.89261744966443
"9270","Riverside County",2008-09-01,2625,256,568,119,2881,687,4.19359534206696
"9271","Riverside County",2008-10-01,2581,251,602,130,2832,732,3.86885245901639
"9272","Riverside County",2008-11-01,2571,243,595,131,2814,726,3.87603305785124
"9273","Riverside County",2008-12-01,2530,250,585,135,2780,720,3.86111111111111
"9274","Riverside County",2009-01-01,2565,276,589,132,2841,721,3.94036061026352
"9275","Riverside County",2009-02-01,2558,278,593,135,2836,728,3.8956043956044
"9276","Riverside County",2009-03-01,2504,262,620,143,2766,763,3.62516382699869
"9277","Riverside County",2009-04-01,2495,265,623,140,2760,763,3.6173001310616
"9278","Riverside County",2009-05-01,2548,257,647,143,2805,790,3.5506329113924
"9279","Riverside County",2009-06-01,2592,249,659,126,2841,785,3.61910828025478
"9280","Riverside County",2009-07-01,2562,273,669,134,2835,803,3.53051058530511
"9281","Riverside County",2009-08-01,2615,277,627,131,2892,758,3.81530343007916
"9282","Riverside County",2009-09-01,2614,278,633,110,2892,743,3.89232839838493
"9283","Riverside County",2009-10-01,2516,265,655,125,2781,780,3.56538461538462
"9284","Riverside County",2009-11-01,2489,247,638,130,2736,768,3.5625
"9285","Riverside County",2009-12-01,2418,228,599,114,2646,713,3.71107994389902
"9286","Riverside County",2010-01-01,2415,234,571,110,2649,681,3.88986784140969
"9287","Riverside County",2010-02-01,2381,234,515,103,2615,618,4.23139158576052
"9288","Riverside County",2010-03-01,2414,251,564,106,2665,670,3.97761194029851
"9289","Riverside County",2010-04-01,2501,282,591,96,2783,687,4.0509461426492
"9290","Riverside County",2010-05-01,2461,265,591,94,2726,685,3.97956204379562
"9291","Riverside County",2010-06-01,2470,278,611,98,2748,709,3.87588152327221
"9292","Riverside County",2010-07-01,2436,278,601,117,2714,718,3.77994428969359
"9293","Riverside County",2010-08-01,2398,275,649,114,2673,763,3.50327653997379
"9294","Riverside County",2010-09-01,2390,272,665,129,2662,794,3.35264483627204
"9295","Riverside County",2010-10-01,2354,265,643,124,2619,767,3.41460234680574
"9296","Riverside County",2010-11-01,2323,259,589,121,2582,710,3.63661971830986
"9297","Riverside County",2010-12-01,2207,252,569,126,2459,695,3.53812949640288
"9298","Riverside County",2011-01-01,2227,255,572,112,2482,684,3.62865497076023
"9299","Riverside County",2011-02-01,2208,237,582,124,2445,706,3.46317280453258
"9300","Riverside County",2011-03-01,2134,256,624,120,2390,744,3.21236559139785
"9301","Riverside County",2011-04-01,2128,265,622,109,2393,731,3.27359781121751
"9302","Riverside County",2011-05-01,2182,257,621,117,2439,738,3.30487804878049
"9303","Riverside County",2011-06-01,2204,264,617,127,2468,744,3.31720430107527
"9304","Riverside County",2011-07-01,2247,263,633,130,2510,763,3.28964613368283
"9305","Riverside County",2011-08-01,2216,263,652,135,2479,787,3.14993646759848
"9306","Riverside County",2011-09-01,2261,283,648,150,2544,798,3.18796992481203
"9307","Riverside County",2011-10-01,2274,296,710,172,2570,882,2.91383219954649
"9308","Riverside County",2011-11-01,2248,283,906,195,2531,1101,2.29881925522252
"9309","Riverside County",2011-12-01,2258,285,1008,200,2543,1208,2.10513245033113
"9310","Riverside County",2012-01-01,2318,268,1054,217,2586,1271,2.03461841070024
"9311","Riverside County",2012-02-01,2259,255,1127,230,2514,1357,1.85261606484893
"9312","Riverside County",2012-03-01,2276,253,1086,208,2529,1294,1.95440494590417
"9313","Riverside County",2012-04-01,2308,257,1130,202,2565,1332,1.92567567567568
"9314","Riverside County",2012-05-01,2326,269,1123,193,2595,1316,1.97188449848024
"9315","Riverside County",2012-06-01,2339,277,1087,202,2616,1289,2.02948021722265
"9316","Riverside County",2012-07-01,2298,280,1127,204,2578,1331,1.93688955672427
"9317","Riverside County",2012-08-01,2344,299,1096,186,2643,1282,2.0616224648986
"9318","Riverside County",2012-09-01,2415,306,1027,168,2721,1195,2.27698744769874
"9319","Riverside County",2012-10-01,2440,306,1001,168,2746,1169,2.34901625320787
"9320","Riverside County",2012-11-01,2395,279,1043,185,2674,1228,2.17752442996743
"9321","Riverside County",2012-12-01,2375,282,1071,179,2657,1250,2.1256
"9322","Riverside County",2013-01-01,2472,295,982,153,2767,1135,2.43788546255507
"9323","Riverside County",2013-02-01,2464,315,941,137,2779,1078,2.57792207792208
"9324","Riverside County",2013-03-01,2423,305,986,153,2728,1139,2.39508340649693
"9325","Riverside County",2013-04-01,2466,295,957,164,2761,1121,2.46297948260482
"9326","Riverside County",2013-05-01,2466,318,936,162,2784,1098,2.53551912568306
"9327","Riverside County",2013-06-01,2528,323,878,153,2851,1031,2.76527643064985
"9328","Riverside County",2013-07-01,2512,317,900,149,2829,1049,2.69685414680648
"9329","Riverside County",2013-08-01,2453,313,985,160,2766,1145,2.41572052401747
"9330","Riverside County",2013-09-01,2485,317,976,156,2802,1132,2.47526501766784
"9331","Riverside County",2013-10-01,2441,327,1007,157,2768,1164,2.37800687285223
"9332","Riverside County",2013-11-01,2423,310,1032,158,2733,1190,2.29663865546218
"9333","Riverside County",2013-12-01,2436,288,1028,171,2724,1199,2.27189324437031
"9334","Riverside County",2014-01-01,2517,306,988,152,2823,1140,2.47631578947368
"9335","Riverside County",2014-02-01,2544,306,942,148,2850,1090,2.61467889908257
"9336","Riverside County",2014-03-01,2500,291,983,155,2791,1138,2.45254833040422
"9337","Riverside County",2014-04-01,2494,288,1026,150,2782,1176,2.3656462585034
"9338","Riverside County",2014-05-01,2471,298,1033,153,2769,1186,2.33473861720067
"9339","Riverside County",2014-06-01,2461,285,1048,169,2746,1217,2.25636811832375
"9340","Riverside County",2014-07-01,2401,295,1079,183,2696,1262,2.13629160063391
"9341","Riverside County",2014-08-01,2342,299,1123,171,2641,1294,2.04095826893354
"9342","Riverside County",2014-09-01,2324,302,1111,181,2626,1292,2.03250773993808
"9343","Riverside County",2014-10-01,2325,289,1148,181,2614,1329,1.96689240030098
"9344","Riverside County",2014-11-01,2204,275,1227,198,2479,1425,1.73964912280702
"9345","Riverside County",2014-12-01,2099,250,1322,231,2349,1553,1.51255634256278
"9346","Riverside County",2015-01-01,2122,268,1314,213,2390,1527,1.56516044531762
"9347","Riverside County",2015-02-01,2159,278,1288,207,2437,1495,1.63010033444816
"9348","Riverside County",2015-03-01,2129,252,1330,220,2381,1550,1.53612903225806
"9349","Riverside County",2015-04-01,2093,246,1364,228,2339,1592,1.46922110552764
"9350","Riverside County",2015-05-01,2024,245,1353,217,2269,1570,1.44522292993631
"9351","Riverside County",2015-06-01,2058,251,1283,209,2309,1492,1.54758713136729
"9352","Riverside County",2015-07-01,2114,235,1243,203,2349,1446,1.62448132780083
"9353","Riverside County",2015-08-01,2068,235,1276,206,2303,1482,1.55398110661269
"9354","Riverside County",2015-09-01,2120,244,1207,202,2364,1409,1.6777856635912
"9355","Riverside County",2015-10-01,2138,250,1173,187,2388,1360,1.75588235294118
"9356","Riverside County",2015-11-01,2101,241,1186,183,2342,1369,1.71073776479182
"9357","Riverside County",2015-12-01,2058,240,1200,188,2298,1388,1.65561959654179
"9358","Riverside County",2016-01-01,2111,240,1190,191,2351,1381,1.70238957277335
"9359","Riverside County",2016-02-01,2147,243,1177,163,2390,1340,1.78358208955224
"9360","Riverside County",2016-03-01,2183,240,1154,167,2423,1321,1.83421650264951
"9361","Riverside County",2016-04-01,2245,261,1098,159,2506,1257,1.99363564041368
"9362","Riverside County",2016-05-01,2272,277,1091,157,2549,1248,2.04246794871795
"9363","Riverside County",2016-06-01,2319,281,1072,147,2600,1219,2.13289581624282
"9364","Riverside County",2016-07-01,2362,278,1007,148,2640,1155,2.28571428571429
"9365","Riverside County",2016-08-01,2364,277,982,149,2641,1131,2.33510167992927
"9366","Riverside County",2016-09-01,2395,279,977,145,2674,1122,2.38324420677362
"9367","Riverside County",2016-10-01,2295,275,1052,140,2570,1192,2.15604026845638
"9368","Riverside County",2016-11-01,2285,278,1047,134,2563,1181,2.17019475021169
"9369","Riverside County",2016-12-01,2263,265,1049,155,2528,1204,2.09966777408638
"9370","Riverside County",2017-01-01,2300,255,1045,148,2555,1193,2.14165968147527
"9371","Riverside County",2017-02-01,2302,271,1051,140,2573,1191,2.16036943744752
"9372","Riverside County",2017-03-01,2274,277,1083,140,2551,1223,2.08585445625511
"9373","Riverside County",2017-04-01,2226,281,1100,144,2507,1244,2.01527331189711
"9374","Riverside County",2017-05-01,2200,280,1118,157,2480,1275,1.94509803921569
"9375","Riverside County",2017-06-01,2267,282,1044,147,2549,1191,2.14021830394626
"9376","Riverside County",2017-07-01,2276,279,1038,156,2555,1194,2.13986599664992
"9377","Riverside County",2017-08-01,2299,286,1039,153,2585,1192,2.16862416107383
"9378","Riverside County",2017-09-01,2313,308,984,158,2621,1142,2.29509632224168
"9379","Riverside County",2017-10-01,2317,306,988,151,2623,1139,2.30289727831431
"9380","Riverside County",2017-11-01,2319,301,990,150,2620,1140,2.29824561403509
"9381","Riverside County",2017-12-01,2321,277,1005,161,2598,1166,2.22813036020583
"9382","Riverside County",2018-01-01,2381,297,871,131,2678,1002,2.67265469061876
"9383","Riverside County",2018-02-01,2389,307,854,134,2696,988,2.72874493927126
"9384","Riverside County",2018-03-01,2329,307,910,144,2636,1054,2.50094876660342
"9385","Riverside County",2018-04-01,2346,303,899,138,2649,1037,2.55448408871745
"9386","Riverside County",2018-05-01,2310,297,944,131,2607,1075,2.42511627906977
"9387","Riverside County",2018-06-01,2344,300,903,133,2644,1036,2.55212355212355
"9388","Riverside County",2018-07-01,2367,287,900,139,2654,1039,2.5543792107796
"9389","Riverside County",2018-08-01,2368,290,965,137,2658,1102,2.41197822141561
"9390","Riverside County",2018-09-01,2461,300,894,136,2761,1030,2.68058252427184
"9391","Riverside County",2018-10-01,2444,285,834,132,2729,966,2.82505175983437
"9392","Riverside County",2018-11-01,2460,292,798,125,2752,923,2.98158179848321
"9393","Riverside County",2018-12-01,2400,292,846,125,2692,971,2.77239958805355
"9394","Riverside County",2019-01-01,2436,293,837,115,2729,952,2.86659663865546
"9395","Riverside County",2019-02-01,2449,298,820,115,2747,935,2.9379679144385
"9396","Riverside County",2019-03-01,2406,292,882,137,2698,1019,2.64769381746811
"9397","Riverside County",2019-04-01,2478,290,856,124,2768,980,2.82448979591837
"9398","Riverside County",2019-05-01,2441,291,875,125,2732,1000,2.732
"9399","Riverside County",2019-06-01,2431,287,957,155,2718,1112,2.44424460431655
"9400","Riverside County",2019-07-01,2468,301,900,150,2769,1050,2.63714285714286
"9401","Riverside County",2019-08-01,2493,296,885,147,2789,1032,2.70251937984496
"9402","Riverside County",2019-09-01,2537,304,856,131,2841,987,2.87841945288754
"9403","Riverside County",2019-10-01,2538,303,847,121,2841,968,2.9349173553719
"9404","Riverside County",2019-11-01,2466,297,905,129,2763,1034,2.67214700193424
"9405","Riverside County",2019-12-01,2445,296,913,140,2741,1053,2.60303893637227
"9406","Riverside County",2020-01-01,2487,299,903,132,2786,1035,2.69178743961353
"9407","Riverside County",2020-02-01,2527,305,865,126,2832,991,2.8577194752775
"9408","Riverside County",2020-03-01,2531,285,839,123,2816,962,2.92723492723493
"9409","Sacramento County",1995-10-01,1516,264,1248,236,1780,1484,1.19946091644205
"9410","Sacramento County",1995-11-01,1516,265,1238,227,1781,1465,1.21569965870307
"9411","Sacramento County",1995-12-01,1419,227,1176,244,1646,1420,1.15915492957746
"9412","Sacramento County",1996-01-01,1475,211,1156,228,1686,1384,1.21820809248555
"9413","Sacramento County",1996-02-01,1519,227,1232,235,1746,1467,1.19018404907975
"9414","Sacramento County",1996-03-01,1539,217,1348,233,1756,1581,1.11068943706515
"9415","Sacramento County",1996-04-01,1500,222,1336,237,1722,1573,1.09472345835982
"9416","Sacramento County",1996-05-01,1495,217,1213,236,1712,1449,1.18150448585231
"9417","Sacramento County",1996-06-01,1508,231,1192,234,1739,1426,1.2194950911641
"9418","Sacramento County",1996-07-01,1536,241,1192,235,1777,1427,1.24526979677645
"9419","Sacramento County",1996-08-01,1582,225,1197,229,1807,1426,1.2671809256662
"9420","Sacramento County",1996-09-01,1485,360,1194,240,1845,1434,1.28661087866109
"9421","Sacramento County",1996-10-01,1615,240,1223,246,1855,1469,1.26276378488768
"9422","Sacramento County",1996-11-01,1642,225,1188,248,1867,1436,1.30013927576602
"9423","Sacramento County",1996-12-01,1592,233,1081,205,1825,1286,1.41912908242613
"9424","Sacramento County",1997-01-01,1705,224,1121,236,1929,1357,1.42151805453206
"9425","Sacramento County",1997-02-01,1748,219,1234,242,1967,1476,1.33265582655827
"9426","Sacramento County",1997-03-01,1704,251,1308,257,1955,1565,1.24920127795527
"9427","Sacramento County",1997-04-01,1655,275,1377,251,1930,1628,1.18550368550369
"9428","Sacramento County",1997-05-01,1644,274,1363,249,1918,1612,1.18982630272953
"9429","Sacramento County",1997-06-01,1608,264,1340,257,1872,1597,1.17219787100814
"9430","Sacramento County",1997-07-01,1628,301,1299,245,1929,1544,1.24935233160622
"9431","Sacramento County",1997-08-01,1647,300,1311,247,1947,1558,1.24967907573813
"9432","Sacramento County",1997-09-01,1622,296,1282,245,1918,1527,1.25605762933857
"9433","Sacramento County",1997-10-01,1619,284,1234,252,1903,1486,1.28061911170929
"9434","Sacramento County",1997-11-01,1667,296,1173,242,1963,1415,1.38727915194346
"9435","Sacramento County",1997-12-01,1671,269,1242,251,1940,1493,1.29939718687207
"9436","Sacramento County",1998-01-01,1714,294,1216,246,2008,1462,1.3734610123119
"9437","Sacramento County",1998-02-01,1744,328,1278,251,2072,1529,1.35513407455853
"9438","Sacramento County",1998-03-01,1716,322,1370,251,2038,1621,1.25724861196792
"9439","Sacramento County",1998-04-01,1693,305,1342,247,1998,1589,1.25739458779106
"9440","Sacramento County",1998-05-01,1679,301,1306,246,1980,1552,1.27577319587629
"9441","Sacramento County",1998-06-01,1637,314,1381,249,1951,1630,1.19693251533742
"9442","Sacramento County",1998-07-01,1638,336,1371,249,1974,1620,1.21851851851852
"9443","Sacramento County",1998-08-01,1633,321,1377,249,1954,1626,1.20172201722017
"9444","Sacramento County",1998-09-01,1578,313,1356,249,1891,1605,1.17819314641745
"9445","Sacramento County",1998-10-01,1558,278,1260,245,1836,1505,1.21993355481728
"9446","Sacramento County",1998-11-01,1436,266,1172,243,1702,1415,1.20282685512367
"9447","Sacramento County",1998-12-01,1436,266,1172,243,1702,1415,1.20282685512367
"9448","Sacramento County",1999-01-01,1476,268,1176,247,1744,1423,1.22557976106817
"9449","Sacramento County",1999-02-01,1532,291,1231,250,1823,1481,1.23092505064146
"9450","Sacramento County",1999-03-01,1506,303,1216,246,1809,1462,1.23734610123119
"9451","Sacramento County",1999-04-01,1470,280,1244,250,1750,1494,1.17135207496653
"9452","Sacramento County",1999-05-01,1426,237,1263,308,1663,1571,1.05856142584341
"9453","Sacramento County",1999-06-01,1506,242,1195,244,1748,1439,1.21473245309243
"9454","Sacramento County",1999-07-01,1515,253,1091,242,1768,1333,1.32633158289572
"9455","Sacramento County",1999-08-01,1535,299,1117,240,1834,1357,1.3515106853353
"9456","Sacramento County",1999-09-01,1579,270,1149,228,1849,1377,1.34277414669572
"9457","Sacramento County",1999-10-01,1657,310,1155,182,1967,1337,1.47120418848168
"9458","Sacramento County",1999-11-01,1647,301,1123,185,1948,1308,1.48929663608563
"9459","Sacramento County",1999-12-01,1574,312,1032,141,1886,1173,1.6078431372549
"9460","Sacramento County",2000-01-01,1733,274,1075,187,2007,1262,1.59033280507132
"9461","Sacramento County",2000-02-01,1552,298,1083,187,1850,1270,1.45669291338583
"9462","Sacramento County",2000-03-01,1529,318,1102,186,1847,1288,1.43400621118012
"9463","Sacramento County",2000-04-01,1515,325,1148,187,1840,1335,1.37827715355805
"9464","Sacramento County",2000-05-01,1516,342,1082,187,1858,1269,1.46414499605989
"9465","Sacramento County",2000-06-01,1502,344,1103,188,1846,1291,1.429899302866
"9466","Sacramento County",2000-07-01,1537,286,1173,185,1823,1358,1.34241531664212
"9467","Sacramento County",2000-08-01,1587,296,1153,176,1883,1329,1.41685477802859
"9468","Sacramento County",2000-09-01,1579,257,1165,177,1836,1342,1.36810730253353
"9469","Sacramento County",2000-10-01,1592,268,1191,187,1860,1378,1.34978229317852
"9470","Sacramento County",2000-11-01,1604,248,1192,188,1852,1380,1.34202898550725
"9471","Sacramento County",2000-12-01,1545,205,1150,224,1750,1374,1.27365356622999
"9472","Sacramento County",2001-01-01,1582,202,1161,202,1784,1363,1.30887747615554
"9473","Sacramento County",2001-02-01,1544,205,1228,222,1749,1450,1.20620689655172
"9474","Sacramento County",2001-03-01,1548,264,1287,216,1812,1503,1.20558882235529
"9475","Sacramento County",2001-04-01,1471,234,1323,125,1705,1448,1.1774861878453
"9476","Sacramento County",2001-05-01,1447,245,1318,211,1692,1529,1.10660562459124
"9477","Sacramento County",2001-06-01,1486,237,1470,187,1723,1657,1.03983101991551
"9478","Sacramento County",2001-07-01,1508,236,1352,191,1744,1543,1.13026571613739
"9479","Sacramento County",2001-08-01,1563,235,1323,206,1798,1529,1.17593198168738
"9480","Sacramento County",2001-09-01,1611,250,1332,190,1861,1522,1.2227332457293
"9481","Sacramento County",2001-10-01,1327,215,1297,198,1542,1495,1.0314381270903
"9482","Sacramento County",2001-11-01,1275,216,1234,174,1491,1408,1.05894886363636
"9483","Sacramento County",2001-12-01,1276,216,1189,174,1492,1363,1.09464416727806
"9484","Sacramento County",2002-01-01,1340,243,1158,134,1583,1292,1.22523219814241
"9485","Sacramento County",2002-02-01,1258,181,1174,148,1439,1322,1.08850226928896
"9486","Sacramento County",2002-03-01,1363,266,1542,176,1629,1718,0.948195576251455
"9487","Sacramento County",2002-04-01,1352,229,1272,193,1581,1465,1.07918088737201
"9488","Sacramento County",2002-05-01,1319,201,1295,184,1520,1479,1.02772143340095
"9489","Sacramento County",2002-06-01,1279,196,1247,132,1475,1379,1.06961566352429
"9490","Sacramento County",2002-07-01,1338,231,1244,210,1569,1454,1.07909215955983
"9491","Sacramento County",2002-08-01,1344,231,1393,210,1575,1603,0.982532751091703
"9492","Sacramento County",2002-09-01,1324,234,1396,212,1558,1608,0.968905472636816
"9493","Sacramento County",2002-10-01,1333,216,1452,216,1549,1668,0.928657074340528
"9494","Sacramento County",2002-11-01,1386,197,1409,213,1583,1622,0.975955610357583
"9495","Sacramento County",2002-12-01,1402,367,1386,136,1769,1522,1.1622864651774
"9496","Sacramento County",2003-01-01,1412,231,1410,162,1643,1572,1.04516539440204
"9497","Sacramento County",2003-02-01,1366,242,1476,148,1608,1624,0.990147783251232
"9498","Sacramento County",2003-03-01,1393,212,1417,190,1605,1607,0.998755444928438
"9499","Sacramento County",2003-04-01,1411,185,1482,222,1596,1704,0.936619718309859
"9500","Sacramento County",2003-05-01,1343,227,1445,188,1570,1633,0.961420698101653
"9501","Sacramento County",2003-06-01,1319,204,1522,186,1523,1708,0.891686182669789
"9502","Sacramento County",2003-07-01,1352,196,1497,215,1548,1712,0.904205607476635
"9503","Sacramento County",2003-08-01,1360,196,1551,215,1556,1766,0.881087202718007
"9504","Sacramento County",2003-09-01,1362,196,1591,215,1558,1806,0.862679955703212
"9505","Sacramento County",2003-10-01,1423,209,1543,211,1632,1754,0.930444697833523
"9506","Sacramento County",2003-11-01,1413,222,1554,206,1635,1760,0.928977272727273
"9507","Sacramento County",2003-12-01,1404,216,1495,217,1620,1712,0.946261682242991
"9508","Sacramento County",2004-01-01,1475,224,1498,223,1699,1721,0.987216734456711
"9509","Sacramento County",2004-02-01,1538,247,1561,241,1785,1802,0.990566037735849
"9510","Sacramento County",2004-03-01,1567,252,1602,262,1819,1864,0.975858369098712
"9511","Sacramento County",2004-04-01,1554,242,1577,272,1796,1849,0.971335857220119
"9512","Sacramento County",2004-05-01,1493,260,1515,272,1753,1787,0.980973698936766
"9513","Sacramento County",2004-06-01,1484,235,1513,266,1719,1779,0.966273187183811
"9514","Sacramento County",2004-07-01,1506,224,1493,256,1730,1749,0.989136649514008
"9515","Sacramento County",2004-08-01,1560,261,1513,254,1821,1767,1.03056027164686
"9516","Sacramento County",2004-09-01,1549,234,1467,268,1783,1735,1.02766570605187
"9517","Sacramento County",2004-10-01,1569,235,1517,267,1804,1784,1.01121076233184
"9518","Sacramento County",2004-11-01,1579,223,1453,241,1802,1694,1.06375442739079
"9519","Sacramento County",2004-12-01,1653,210,1368,246,1863,1614,1.1542750929368
"9520","Sacramento County",2005-01-01,1659,212,1334,259,1871,1593,1.17451349654739
"9521","Sacramento County",2005-02-01,1671,207,1315,258,1878,1573,1.19389701207883
"9522","Sacramento County",2005-03-01,1679,207,1335,264,1886,1599,1.17948717948718
"9523","Sacramento County",2005-04-01,1667,228,1371,271,1895,1642,1.15408038976857
"9524","Sacramento County",2005-05-01,1664,231,1369,271,1895,1640,1.15548780487805
"9525","Sacramento County",2005-06-01,1658,233,1511,256,1891,1767,1.07017543859649
"9526","Sacramento County",2005-07-01,1684,206,1459,240,1890,1699,1.1124190700412
"9527","Sacramento County",2005-08-01,1595,243,1368,247,1838,1615,1.13808049535604
"9528","Sacramento County",2005-09-01,1697,257,1547,267,1954,1814,1.07717750826902
"9529","Sacramento County",2005-10-01,1636,254,1566,265,1890,1831,1.03222282905516
"9530","Sacramento County",2005-11-01,1656,264,1469,259,1920,1728,1.11111111111111
"9531","Sacramento County",2005-12-01,1681,217,1421,265,1898,1686,1.12574139976275
"9532","Sacramento County",2006-01-01,1767,173,1445,278,1940,1723,1.12594312246082
"9533","Sacramento County",2006-02-01,1665,262,1321,243,1927,1564,1.23209718670077
"9534","Sacramento County",2006-03-01,1748,254,1383,260,2002,1643,1.21850273889227
"9535","Sacramento County",2006-04-01,2119,302,1472,287,2421,1759,1.37635019897669
"9536","Sacramento County",2006-05-01,2179,295,1442,282,2474,1724,1.43503480278422
"9537","Sacramento County",2006-06-01,2196,274,1387,258,2470,1645,1.50151975683891
"9538","Sacramento County",2006-07-01,2247,292,1437,265,2539,1702,1.49177438307873
"9539","Sacramento County",2006-08-01,2342,299,1420,277,2641,1697,1.55627578078963
"9540","Sacramento County",2006-09-01,2356,302,1484,285,2658,1769,1.50254381006218
"9541","Sacramento County",2006-10-01,2329,300,1511,288,2629,1799,1.46136742634797
"9542","Sacramento County",2006-11-01,2280,278,1553,288,2558,1841,1.38946224877784
"9543","Sacramento County",2006-12-01,2334,271,1433,253,2605,1686,1.54507710557533
"9544","Sacramento County",2007-01-01,2392,334,1493,254,2726,1747,1.56038923869491
"9545","Sacramento County",2007-02-01,2336,339,1520,238,2675,1758,1.52161547212742
"9546","Sacramento County",2007-03-01,2403,315,1472,260,2718,1732,1.56928406466513
"9547","Sacramento County",2007-04-01,2392,315,1472,265,2707,1737,1.55843408175014
"9548","Sacramento County",2007-05-01,2389,331,1621,279,2720,1900,1.43157894736842
"9549","Sacramento County",2007-06-01,2428,346,1537,281,2774,1818,1.52585258525853
"9550","Sacramento County",2007-07-01,2444,295,1543,280,2739,1823,1.50246845858475
"9551","Sacramento County",2007-08-01,2482,316,1576,270,2798,1846,1.51570964247021
"9552","Sacramento County",2007-09-01,2430,328,1572,271,2758,1843,1.49647314161693
"9553","Sacramento County",2007-10-01,2436,319,1539,286,2755,1825,1.50958904109589
"9554","Sacramento County",2007-11-01,2474,278,1527,289,2752,1816,1.51541850220264
"9555","Sacramento County",2007-12-01,2440,271,1407,278,2711,1685,1.60890207715134
"9556","Sacramento County",2008-01-01,2495,268,1454,269,2763,1723,1.60359837492745
"9557","Sacramento County",2008-02-01,2476,277,1493,266,2753,1759,1.56509380329733
"9558","Sacramento County",2008-03-01,2485,280,1537,277,2765,1814,1.52425578831312
"9559","Sacramento County",2008-04-01,2551,293,1570,283,2844,1853,1.53480841878036
"9560","Sacramento County",2008-05-01,2445,257,1547,262,2702,1809,1.49364289662797
"9561","Sacramento County",2008-06-01,2404,302,1581,255,2706,1836,1.47385620915033
"9562","Sacramento County",2008-07-01,2432,317,1629,244,2749,1873,1.46769887880406
"9563","Sacramento County",2008-08-01,2469,289,1617,261,2758,1878,1.46858359957401
"9564","Sacramento County",2008-09-01,2518,283,1633,274,2801,1907,1.46879916098584
"9565","Sacramento County",2008-10-01,2536,289,1665,278,2825,1943,1.45393721049923
"9566","Sacramento County",2008-11-01,2494,266,1662,266,2760,1928,1.43153526970954
"9567","Sacramento County",2008-12-01,2414,250,1536,237,2664,1773,1.50253807106599
"9568","Sacramento County",2009-01-01,2395,267,1589,254,2662,1843,1.44438415626696
"9569","Sacramento County",2009-02-01,2419,274,1638,256,2693,1894,1.42185850052798
"9570","Sacramento County",2009-03-01,2412,259,1664,260,2671,1924,1.38825363825364
"9571","Sacramento County",2009-04-01,2400,255,1656,261,2655,1917,1.3849765258216
"9572","Sacramento County",2009-05-01,2302,257,1598,253,2559,1851,1.38249594813614
"9573","Sacramento County",2009-06-01,2322,254,1657,257,2576,1914,1.34587251828631
"9574","Sacramento County",2009-07-01,2304,263,1597,228,2567,1825,1.40657534246575
"9575","Sacramento County",2009-08-01,2279,262,1693,211,2541,1904,1.33455882352941
"9576","Sacramento County",2009-09-01,2393,282,1684,212,2675,1896,1.41086497890295
"9577","Sacramento County",2009-10-01,2331,274,1618,218,2605,1836,1.41884531590414
"9578","Sacramento County",2009-11-01,2231,245,1576,229,2476,1805,1.37174515235457
"9579","Sacramento County",2009-12-01,2187,236,1549,204,2423,1753,1.38220193953223
"9580","Sacramento County",2010-01-01,2249,232,1452,217,2481,1669,1.48651887357699
"9581","Sacramento County",2010-02-01,2181,235,1253,194,2416,1447,1.66966136834831
"9582","Sacramento County",2010-03-01,2138,219,1314,208,2357,1522,1.54862023653088
"9583","Sacramento County",2010-04-01,2097,210,1302,201,2307,1503,1.53493013972056
"9584","Sacramento County",2010-05-01,2214,241,1395,210,2455,1605,1.52959501557632
"9585","Sacramento County",2010-06-01,2202,220,1365,214,2422,1579,1.53388220392654
"9586","Sacramento County",2010-07-01,2246,214,1382,110,2460,1492,1.64879356568365
"9587","Sacramento County",2010-08-01,2352,225,1443,59,2577,1502,1.71571238348868
"9588","Sacramento County",2010-09-01,2267,226,1568,275,2493,1843,1.35268583830711
"9589","Sacramento County",2010-10-01,2378,188,1582,287,2566,1869,1.3729266987694
"9590","Sacramento County",2010-11-01,2325,170,1536,286,2495,1822,1.36937431394072
"9591","Sacramento County",2010-12-01,2275,172,1456,265,2447,1721,1.42184776292853
"9592","Sacramento County",2011-01-01,2317,183,1437,279,2500,1716,1.45687645687646
"9593","Sacramento County",2011-02-01,2325,182,1510,296,2507,1806,1.38815060908084
"9594","Sacramento County",2011-03-01,2233,161,1529,273,2394,1802,1.32852386237514
"9595","Sacramento County",2011-04-01,2198,154,1328,286,2352,1614,1.45724907063197
"9596","Sacramento County",2011-05-01,593,1715,1323,324,2308,1647,1.4013357619915
"9597","Sacramento County",2011-06-01,2120,174,1345,268,2294,1613,1.4221946683199
"9598","Sacramento County",2011-07-01,2135,158,1432,258,2293,1690,1.35680473372781
"9599","Sacramento County",2011-08-01,2162,148,1542,256,2310,1798,1.28476084538376
"9600","Sacramento County",2011-09-01,2142,150,1528,251,2292,1779,1.28836424957841
"9601","Sacramento County",2011-10-01,2103,135,1469,248,2238,1717,1.30343622597554
"9602","Sacramento County",2011-11-01,2083,135,1492,249,2218,1741,1.27398047099368
"9603","Sacramento County",2011-12-01,2059,134,1451,249,2193,1700,1.29
"9604","Sacramento County",2012-01-01,2093,141,1774,306,2234,2080,1.07403846153846
"9605","Sacramento County",2012-02-01,2115,142,1469,279,2257,1748,1.29118993135011
"9606","Sacramento County",2012-03-01,2043,136,1474,282,2179,1756,1.24088838268793
"9607","Sacramento County",2012-04-01,2089,139,1462,271,2228,1733,1.28563185227928
"9608","Sacramento County",2012-05-01,2156,142,1481,287,2298,1768,1.29977375565611
"9609","Sacramento County",2012-06-01,2096,140,1562,293,2236,1855,1.20539083557951
"9610","Sacramento County",2012-07-01,2145,150,1521,309,2295,1830,1.25409836065574
"9611","Sacramento County",2012-08-01,2179,153,1664,310,2332,1974,1.18135764944276
"9612","Sacramento County",2012-09-01,2157,160,1564,321,2317,1885,1.22917771883289
"9613","Sacramento County",2012-10-01,2289,149,1384,242,2438,1626,1.49938499384994
"9614","Sacramento County",2012-11-01,2235,159,1351,272,2394,1623,1.47504621072089
"9615","Sacramento County",2012-12-01,2081,158,1294,293,2239,1587,1.41083805923125
"9616","Sacramento County",2013-01-01,2113,161,1415,326,2274,1741,1.30614589316485
"9617","Sacramento County",2013-02-01,2135,152,1428,328,2287,1756,1.30239179954442
"9618","Sacramento County",2013-03-01,2168,152,1496,299,2320,1795,1.2924791086351
"9619","Sacramento County",2013-04-01,2135,155,1507,300,2290,1807,1.26729385722191
"9620","Sacramento County",2013-05-01,2179,147,1557,309,2326,1866,1.2465166130761
"9621","Sacramento County",2013-06-01,2147,144,1537,345,2291,1882,1.2173219978746
"9622","Sacramento County",2013-07-01,2180,149,1402,313,2329,1715,1.35801749271137
"9623","Sacramento County",2013-08-01,2253,131,1417,325,2384,1742,1.36854190585534
"9624","Sacramento County",2013-09-01,2324,153,1404,321,2477,1725,1.43594202898551
"9625","Sacramento County",2013-10-01,2288,178,1408,323,2466,1731,1.42461005199307
"9626","Sacramento County",2013-11-01,2311,184,1502,321,2495,1823,1.36862314865606
"9627","Sacramento County",2013-12-01,2281,163,1457,324,2444,1781,1.37226277372263
"9628","Sacramento County",2014-01-01,2245,154,1542,322,2399,1864,1.28701716738197
"9629","Sacramento County",2014-02-01,2231,171,1605,326,2402,1931,1.24391506991196
"9630","Sacramento County",2014-03-01,2244,174,1536,320,2418,1856,1.30280172413793
"9631","Sacramento County",2014-04-01,2300,184,1545,326,2484,1871,1.32763228220203
"9632","Sacramento County",2014-05-01,2291,186,1550,325,2477,1875,1.32106666666667
"9633","Sacramento County",2014-06-01,2327,192,1670,310,2519,1980,1.27222222222222
"9634","Sacramento County",2014-07-01,2411,194,1616,309,2605,1925,1.35324675324675
"9635","Sacramento County",2014-08-01,2424,197,1545,303,2621,1848,1.41829004329004
"9636","Sacramento County",2014-09-01,2376,215,1455,292,2591,1747,1.48311390955924
"9637","Sacramento County",2014-10-01,2350,208,1453,291,2558,1744,1.46674311926605
"9638","Sacramento County",2014-11-01,2164,179,1453,293,2343,1746,1.34192439862543
"9639","Sacramento County",2014-12-01,1584,175,1904,242,1759,2146,0.819664492078285
"9640","Sacramento County",2015-01-01,1672,191,1834,229,1863,2063,0.903053805138148
"9641","Sacramento County",2015-02-01,1719,214,1816,217,1933,2033,0.950811608460403
"9642","Sacramento County",2015-03-01,1758,223,1817,215,1981,2032,0.97490157480315
"9643","Sacramento County",2015-04-01,1723,208,1863,220,1931,2083,0.927028324531925
"9644","Sacramento County",2015-05-01,1704,201,1914,252,1905,2166,0.879501385041551
"9645","Sacramento County",2015-06-01,1722,193,1854,253,1915,2107,0.908875177978168
"9646","Sacramento County",2015-07-01,1764,184,1846,252,1948,2098,0.928503336510963
"9647","Sacramento County",2015-08-01,1823,187,1944,262,2010,2206,0.911151405258386
"9648","Sacramento County",2015-09-01,1879,193,1995,261,2072,2256,0.918439716312057
"9649","Sacramento County",2015-10-01,1801,191,1927,249,1992,2176,0.915441176470588
"9650","Sacramento County",2015-11-01,1778,192,1795,211,1970,2006,0.982053838484546
"9651","Sacramento County",2015-12-01,1700,185,1714,214,1885,1928,0.977697095435685
"9652","Sacramento County",2016-01-01,2182,198,1244,202,2380,1446,1.64591977869986
"9653","Sacramento County",2016-02-01,2209,214,1315,196,2423,1511,1.6035737921906
"9654","Sacramento County",2016-03-01,2184,198,1329,217,2382,1546,1.54075032341527
"9655","Sacramento County",2016-04-01,2139,198,1354,221,2337,1575,1.48380952380952
"9656","Sacramento County",2016-05-01,2096,213,1370,221,2309,1591,1.45128849780013
"9657","Sacramento County",2016-06-01,2128,225,1359,221,2353,1580,1.48924050632911
"9658","Sacramento County",2016-07-01,2121,212,1352,214,2333,1566,1.48978288633461
"9659","Sacramento County",2016-08-01,2082,198,1401,225,2280,1626,1.40221402214022
"9660","Sacramento County",2016-09-01,2037,192,1433,242,2229,1675,1.33074626865672
"9661","Sacramento County",2016-10-01,2009,182,1352,234,2191,1586,1.38146279949559
"9662","Sacramento County",2016-11-01,2021,169,1281,233,2190,1514,1.44649933949802
"9663","Sacramento County",2016-12-01,1943,171,1264,239,2114,1503,1.40652029274784
"9664","Sacramento County",2017-01-01,1931,172,1267,235,2103,1502,1.40013315579228
"9665","Sacramento County",2017-02-01,1916,191,1289,209,2107,1498,1.40654205607477
"9666","Sacramento County",2017-03-01,1773,160,1277,211,1933,1488,1.29905913978495
"9667","Sacramento County",2017-04-01,1787,184,1267,220,1971,1487,1.32548755884331
"9668","Sacramento County",2017-05-01,1796,187,1210,215,1983,1425,1.39157894736842
"9669","Sacramento County",2017-06-01,1826,173,1252,216,1999,1468,1.36171662125341
"9670","Sacramento County",2017-07-01,1894,182,1328,224,2076,1552,1.33762886597938
"9671","Sacramento County",2017-08-01,1895,191,1349,233,2086,1582,1.31858407079646
"9672","Sacramento County",2017-09-01,1898,199,1283,222,2097,1505,1.39335548172757
"9673","Sacramento County",2017-10-01,1956,191,1197,233,2147,1430,1.5013986013986
"9674","Sacramento County",2017-11-01,2024,181,1212,225,2205,1437,1.53444676409186
"9675","Sacramento County",2017-12-01,2028,172,1190,230,2200,1420,1.54929577464789
"9676","Sacramento County",2018-01-01,2039,197,1197,223,2236,1420,1.57464788732394
"9677","Sacramento County",2018-02-01,1996,194,1296,226,2190,1522,1.4388961892247
"9678","Sacramento County",2018-03-01,1932,181,1296,253,2113,1549,1.36410587475791
"9679","Sacramento County",2018-04-01,1912,175,1269,233,2087,1502,1.38948069241012
"9680","Sacramento County",2018-05-01,1832,176,1290,220,2008,1510,1.32980132450331
"9681","Sacramento County",2018-06-01,1835,204,1324,240,2039,1564,1.3037084398977
"9682","Sacramento County",2018-07-01,1845,212,1279,235,2057,1514,1.35865257595773
"9683","Sacramento County",2018-08-01,1899,204,1315,254,2103,1569,1.34034416826004
"9684","Sacramento County",2018-09-01,1958,211,1321,256,2169,1577,1.37539632213063
"9685","Sacramento County",2018-10-01,1912,224,1326,254,2136,1580,1.35189873417722
"9686","Sacramento County",2018-11-01,1892,225,1367,243,2117,1610,1.31490683229814
"9687","Sacramento County",2018-12-01,1922,224,1281,234,2146,1515,1.41650165016502
"9688","Sacramento County",2019-01-01,1979,217,1224,226,2196,1450,1.51448275862069
"9689","Sacramento County",2019-02-01,2006,218,1227,212,2224,1439,1.54551772063933
"9690","Sacramento County",2019-03-01,1955,207,1302,222,2162,1524,1.41863517060367
"9691","Sacramento County",2019-04-01,1972,232,1284,212,2204,1496,1.47326203208556
"9692","Sacramento County",2019-05-01,1949,222,1279,230,2171,1509,1.43870112657389
"9693","Sacramento County",2019-06-01,1931,228,1282,205,2159,1487,1.45191661062542
"9694","Sacramento County",2019-07-01,1949,233,1199,205,2182,1404,1.55413105413105
"9695","Sacramento County",2019-08-01,1975,227,1242,211,2202,1453,1.51548520302822
"9696","Sacramento County",2019-09-01,2020,257,1270,204,2277,1474,1.54477611940298
"9697","Sacramento County",2019-10-01,2008,254,1248,210,2262,1458,1.55144032921811
"9698","Sacramento County",2019-11-01,1961,236,1206,202,2197,1408,1.56036931818182
"9699","Sacramento County",2019-12-01,1940,243,1133,185,2183,1318,1.65629742033384
"9700","Sacramento County",2020-01-01,1966,243,1112,191,2209,1303,1.69531849577897
"9701","Sacramento County",2020-02-01,1983,236,1115,212,2219,1327,1.67219291635268
"9702","Sacramento County",2020-03-01,1919,207,1019,191,2126,1210,1.75702479338843
"9703","San Benito County",1995-10-01,37,8,52,5,45,57,0.789473684210526
"9704","San Benito County",1995-11-01,37,6,49,4,43,53,0.811320754716981
"9705","San Benito County",1995-12-01,31,3,45,4,34,49,0.693877551020408
"9706","San Benito County",1996-01-01,38,4,42,5,42,47,0.893617021276596
"9707","San Benito County",1996-02-01,42,4,52,5,46,57,0.807017543859649
"9708","San Benito County",1996-03-01,39,4,57,6,43,63,0.682539682539683
"9709","San Benito County",1996-04-01,47,6,56,6,53,62,0.854838709677419
"9710","San Benito County",1996-05-01,39,5,54,9,44,63,0.698412698412698
"9711","San Benito County",1996-06-01,42,5,41,7,47,48,0.979166666666667
"9712","San Benito County",1996-07-01,47,4,48,10,51,58,0.879310344827586
"9713","San Benito County",1996-08-01,46,3,57,8,49,65,0.753846153846154
"9714","San Benito County",1996-09-01,45,3,62,7,48,69,0.695652173913043
"9715","San Benito County",1996-10-01,63,36,5,3,99,8,12.375
"9716","San Benito County",1996-11-01,66,3,41,2,69,43,1.6046511627907
"9717","San Benito County",1996-12-01,54,39,5,2,93,7,13.2857142857143
"9718","San Benito County",1997-01-01,35,6,55,5,41,60,0.683333333333333
"9719","San Benito County",1997-02-01,58,5,39,3,63,42,1.5
"9720","San Benito County",1997-03-01,40,5,48,4,45,52,0.865384615384615
"9721","San Benito County",1997-04-01,42,7,53,6,49,59,0.830508474576271
"9722","San Benito County",1997-05-01,42,5,54,5,47,59,0.796610169491525
"9723","San Benito County",1997-06-01,36,6,42,3,42,45,0.933333333333333
"9724","San Benito County",1997-07-01,40,6,46,4,46,50,0.92
"9725","San Benito County",1997-08-01,43,6,47,5,49,52,0.942307692307692
"9726","San Benito County",1997-09-01,48,7,54,3,55,57,0.964912280701754
"9727","San Benito County",1997-10-01,44,3,52,3,47,55,0.854545454545454
"9728","San Benito County",1997-11-01,36,2,46,5,38,51,0.745098039215686
"9729","San Benito County",1997-12-01,40,1,50,5,41,55,0.745454545454545
"9730","San Benito County",1998-01-01,39,5,55,5,44,60,0.733333333333333
"9731","San Benito County",1998-02-01,42,5,55,3,47,58,0.810344827586207
"9732","San Benito County",1998-03-01,37,5,59,7,42,66,0.636363636363636
"9733","San Benito County",1998-04-01,41,4,59,7,45,66,0.681818181818182
"9734","San Benito County",1998-05-01,46,5,54,9,51,63,0.80952380952381
"9735","San Benito County",1998-06-01,42,5,47,8,47,55,0.854545454545454
"9736","San Benito County",1998-07-01,41,6,47,7,47,54,0.87037037037037
"9737","San Benito County",1998-08-01,42,5,53,7,47,60,0.783333333333333
"9738","San Benito County",1998-09-01,43,4,50,5,47,55,0.854545454545454
"9739","San Benito County",1998-10-01,48,3,45,6,51,51,1
"9740","San Benito County",1998-11-01,43,4,50,1,47,51,0.92156862745098
"9741","San Benito County",1998-12-01,43,3,46,4,46,50,0.92
"9742","San Benito County",1999-01-01,36,5,48,6,41,54,0.759259259259259
"9743","San Benito County",1999-02-01,36,4,41,4,40,45,0.888888888888889
"9744","San Benito County",1999-03-01,42,4,46,2,46,48,0.958333333333333
"9745","San Benito County",1999-04-01,41,4,56,4,45,60,0.75
"9746","San Benito County",1999-05-01,44,3,54,5,47,59,0.796610169491525
"9747","San Benito County",1999-06-01,53,3,46,4,56,50,1.12
"9748","San Benito County",1999-07-01,56,2,50,3,58,53,1.09433962264151
"9749","San Benito County",1999-08-01,56,3,49,3,59,52,1.13461538461538
"9750","San Benito County",1999-09-01,60,4,45,5,64,50,1.28
"9751","San Benito County",1999-10-01,61,4,39,5,65,44,1.47727272727273
"9752","San Benito County",1999-11-01,53,3,38,4,56,42,1.33333333333333
"9753","San Benito County",1999-12-01,50,6,36,4,56,40,1.4
"9754","San Benito County",2000-01-01,48,4,38,6,52,44,1.18181818181818
"9755","San Benito County",2000-02-01,55,4,33,9,59,42,1.4047619047619
"9756","San Benito County",2000-03-01,53,4,36,6,57,42,1.35714285714286
"9757","San Benito County",2000-04-01,55,4,40,2,59,42,1.4047619047619
"9758","San Benito County",2000-05-01,60,7,38,3,67,41,1.63414634146341
"9759","San Benito County",2000-06-01,64,9,36,4,73,40,1.825
"9760","San Benito County",2000-07-01,60,7,38,4,67,42,1.5952380952381
"9761","San Benito County",2000-08-01,54,6,32,5,60,37,1.62162162162162
"9762","San Benito County",2000-09-01,47,4,35,7,51,42,1.21428571428571
"9763","San Benito County",2000-10-01,51,6,42,4,57,46,1.23913043478261
"9764","San Benito County",2000-11-01,49,4,50,4,53,54,0.981481481481482
"9765","San Benito County",2000-12-01,45,5,43,3,50,46,1.08695652173913
"9766","San Benito County",2001-01-01,47,6,35,2,53,37,1.43243243243243
"9767","San Benito County",2001-02-01,44,5,36,3,49,39,1.25641025641026
"9768","San Benito County",2001-03-01,46,7,38,6,53,44,1.20454545454545
"9769","San Benito County",2001-04-01,55,8,32,5,63,37,1.7027027027027
"9770","San Benito County",2001-05-01,58,9,30,6,67,36,1.86111111111111
"9771","San Benito County",2001-06-01,59,11,34,6,70,40,1.75
"9772","San Benito County",2001-07-01,65,12,30,5,77,35,2.2
"9773","San Benito County",2001-08-01,59,10,24,5,69,29,2.37931034482759
"9774","San Benito County",2001-09-01,60,6,26,7,66,33,2
"9775","San Benito County",2001-10-01,70,5,34,2,75,36,2.08333333333333
"9776","San Benito County",2001-11-01,58,4,35,3,62,38,1.63157894736842
"9777","San Benito County",2001-12-01,43,3,43,2,46,45,1.02222222222222
"9778","San Benito County",2002-01-01,48,6,42,5,54,47,1.14893617021277
"9779","San Benito County",2002-02-01,59,8,32,2,67,34,1.97058823529412
"9780","San Benito County",2002-03-01,61,11,34,2,72,36,2
"9781","San Benito County",2002-04-01,62,7,36,7,69,43,1.6046511627907
"9782","San Benito County",2002-05-01,61,6,38,5,67,43,1.55813953488372
"9783","San Benito County",2002-06-01,54,2,48,4,56,52,1.07692307692308
"9784","San Benito County",2002-07-01,52,3,45,3,55,48,1.14583333333333
"9785","San Benito County",2002-08-01,57,3,46,5,60,51,1.17647058823529
"9786","San Benito County",2002-09-01,63,7,40,5,70,45,1.55555555555556
"9787","San Benito County",2002-10-01,63,8,41,6,71,47,1.51063829787234
"9788","San Benito County",2002-11-01,66,5,42,5,71,47,1.51063829787234
"9789","San Benito County",2002-12-01,54,7,47,2,61,49,1.24489795918367
"9790","San Benito County",2003-01-01,47,6,51,4,53,55,0.963636363636364
"9791","San Benito County",2003-02-01,45,6,51,4,51,55,0.927272727272727
"9792","San Benito County",2003-03-01,40,5,41,2,45,43,1.04651162790698
"9793","San Benito County",2003-04-01,45,4,46,3,49,49,1
"9794","San Benito County",2003-05-01,50,3,49,5,53,54,0.981481481481482
"9795","San Benito County",2003-06-01,52,4,44,7,56,51,1.09803921568627
"9796","San Benito County",2003-07-01,53,5,48,7,58,55,1.05454545454545
"9797","San Benito County",2003-08-01,52,7,52,9,59,61,0.967213114754098
"9798","San Benito County",2003-09-01,56,6,53,10,62,63,0.984126984126984
"9799","San Benito County",2003-10-01,55,9,47,6,64,53,1.20754716981132
"9800","San Benito County",2003-11-01,53,6,46,6,59,52,1.13461538461538
"9801","San Benito County",2003-12-01,50,7,46,5,57,51,1.11764705882353
"9802","San Benito County",2004-01-01,55,8,47,6,63,53,1.18867924528302
"9803","San Benito County",2004-02-01,61,9,49,4,70,53,1.32075471698113
"9804","San Benito County",2004-03-01,65,8,42,4,73,46,1.58695652173913
"9805","San Benito County",2004-04-01,73,8,43,3,81,46,1.76086956521739
"9806","San Benito County",2004-05-01,71,8,33,5,79,38,2.07894736842105
"9807","San Benito County",2004-06-01,69,10,41,4,79,45,1.75555555555556
"9808","San Benito County",2004-07-01,76,12,40,3,88,43,2.04651162790698
"9809","San Benito County",2004-08-01,70,10,44,5,80,49,1.63265306122449
"9810","San Benito County",2004-09-01,69,9,45,6,78,51,1.52941176470588
"9811","San Benito County",2004-10-01,65,12,47,5,77,52,1.48076923076923
"9812","San Benito County",2004-11-01,68,12,38,4,80,42,1.9047619047619
"9813","San Benito County",2004-12-01,64,8,38,4,72,42,1.71428571428571
"9814","San Benito County",2005-01-01,80,8,37,4,88,41,2.14634146341463
"9815","San Benito County",2005-02-01,80,9,35,4,89,39,2.28205128205128
"9816","San Benito County",2005-03-01,70,7,42,5,77,47,1.63829787234043
"9817","San Benito County",2005-04-01,63,9,43,5,72,48,1.5
"9818","San Benito County",2005-05-01,68,10,36,6,78,42,1.85714285714286
"9819","San Benito County",2005-06-01,60,8,46,8,68,54,1.25925925925926
"9820","San Benito County",2005-07-01,78,8,38,6,86,44,1.95454545454545
"9821","San Benito County",2005-08-01,68,6,41,10,74,51,1.45098039215686
"9822","San Benito County",2005-09-01,60,8,48,7,68,55,1.23636363636364
"9823","San Benito County",2005-10-01,62,6,47,10,68,57,1.19298245614035
"9824","San Benito County",2005-11-01,63,7,51,8,70,59,1.1864406779661
"9825","San Benito County",2005-12-01,67,9,47,8,76,55,1.38181818181818
"9826","San Benito County",2006-01-01,72,7,47,5,79,52,1.51923076923077
"9827","San Benito County",2006-02-01,59,6,46,6,65,52,1.25
"9828","San Benito County",2006-03-01,60,6,47,9,66,56,1.17857142857143
"9829","San Benito County",2006-04-01,50,6,58,11,56,69,0.811594202898551
"9830","San Benito County",2006-05-01,54,6,50,12,60,62,0.967741935483871
"9831","San Benito County",2006-06-01,42,3,49,11,45,60,0.75
"9832","San Benito County",2006-07-01,66,9,44,5,75,49,1.53061224489796
"9833","San Benito County",2006-08-01,68,9,48,6,77,54,1.42592592592593
"9834","San Benito County",2006-09-01,66,9,49,6,75,55,1.36363636363636
"9835","San Benito County",2006-10-01,60,6,49,10,66,59,1.11864406779661
"9836","San Benito County",2006-11-01,61,8,47,6,69,53,1.30188679245283
"9837","San Benito County",2006-12-01,55,5,42,7,60,49,1.22448979591837
"9838","San Benito County",2007-01-01,62,9,51,5,71,56,1.26785714285714
"9839","San Benito County",2007-02-01,54,9,43,4,63,47,1.34042553191489
"9840","San Benito County",2007-03-01,68,6,42,4,74,46,1.60869565217391
"9841","San Benito County",2007-04-01,67,9,44,7,76,51,1.49019607843137
"9842","San Benito County",2007-05-01,69,12,43,6,81,49,1.6530612244898
"9843","San Benito County",2007-06-01,58,9,43,7,67,50,1.34
"9844","San Benito County",2007-07-01,60,8,32,7,68,39,1.74358974358974
"9845","San Benito County",2007-08-01,72,7,36,5,79,41,1.92682926829268
"9846","San Benito County",2007-09-01,68,7,43,4,75,47,1.59574468085106
"9847","San Benito County",2007-10-01,59,10,40,4,69,44,1.56818181818182
"9848","San Benito County",2007-11-01,56,11,42,4,67,46,1.45652173913043
"9849","San Benito County",2007-12-01,58,12,38,4,70,42,1.66666666666667
"9850","San Benito County",2008-01-01,51,9,45,5,60,50,1.2
"9851","San Benito County",2008-02-01,48,6,37,7,54,44,1.22727272727273
"9852","San Benito County",2008-03-01,60,6,49,6,66,55,1.2
"9853","San Benito County",2008-04-01,61,4,50,7,65,57,1.14035087719298
"9854","San Benito County",2008-05-01,66,4,50,8,70,58,1.20689655172414
"9855","San Benito County",2008-06-01,67,7,46,6,74,52,1.42307692307692
"9856","San Benito County",2008-07-01,73,7,34,7,80,41,1.95121951219512
"9857","San Benito County",2008-08-01,75,7,37,8,82,45,1.82222222222222
"9858","San Benito County",2008-09-01,76,9,31,6,85,37,2.2972972972973
"9859","San Benito County",2008-10-01,66,6,46,7,72,53,1.35849056603774
"9860","San Benito County",2008-11-01,60,6,41,9,66,50,1.32
"9861","San Benito County",2008-12-01,66,13,43,6,79,49,1.61224489795918
"9862","San Benito County",2009-01-01,73,14,41,4,87,45,1.93333333333333
"9863","San Benito County",2009-02-01,67,12,42,5,79,47,1.68085106382979
"9864","San Benito County",2009-03-01,64,12,44,5,76,49,1.55102040816327
"9865","San Benito County",2009-04-01,57,10,44,7,67,51,1.31372549019608
"9866","San Benito County",2009-05-01,65,10,39,6,75,45,1.66666666666667
"9867","San Benito County",2009-06-01,63,12,42,5,75,47,1.59574468085106
"9868","San Benito County",2009-07-01,71,11,35,8,82,43,1.90697674418605
"9869","San Benito County",2009-08-01,70,9,38,9,79,47,1.68085106382979
"9870","San Benito County",2009-09-01,80,11,27,5,91,32,2.84375
"9871","San Benito County",2009-10-01,78,15,30,4,93,34,2.73529411764706
"9872","San Benito County",2009-11-01,72,16,28,3,88,31,2.83870967741935
"9873","San Benito County",2009-12-01,69,12,35,4,81,39,2.07692307692308
"9874","San Benito County",2010-01-01,59,9,37,5,68,42,1.61904761904762
"9875","San Benito County",2010-02-01,51,8,34,4,59,38,1.55263157894737
"9876","San Benito County",2010-03-01,66,14,35,5,80,40,2
"9877","San Benito County",2010-04-01,72,16,33,6,88,39,2.25641025641026
"9878","San Benito County",2010-05-01,75,11,33,8,86,41,2.09756097560976
"9879","San Benito County",2010-06-01,77,11,29,3,88,32,2.75
"9880","San Benito County",2010-07-01,85,14,30,4,99,34,2.91176470588235
"9881","San Benito County",2010-08-01,79,10,31,6,89,37,2.40540540540541
"9882","San Benito County",2010-09-01,77,11,36,7,88,43,2.04651162790698
"9883","San Benito County",2010-10-01,90,11,29,4,101,33,3.06060606060606
"9884","San Benito County",2010-11-01,82,9,35,7,91,42,2.16666666666667
"9885","San Benito County",2010-12-01,73,13,33,6,86,39,2.20512820512821
"9886","San Benito County",2011-01-01,72,14,42,5,86,47,1.82978723404255
"9887","San Benito County",2011-02-01,68,10,38,7,78,45,1.73333333333333
"9888","San Benito County",2011-03-01,72,10,33,5,82,38,2.15789473684211
"9889","San Benito County",2011-04-01,72,13,36,5,85,41,2.07317073170732
"9890","San Benito County",2011-05-01,73,10,37,8,83,45,1.84444444444444
"9891","San Benito County",2011-06-01,75,8,39,6,83,45,1.84444444444444
"9892","San Benito County",2011-07-01,74,7,41,6,81,47,1.72340425531915
"9893","San Benito County",2011-08-01,82,11,35,4,93,39,2.38461538461538
"9894","San Benito County",2011-09-01,85,15,35,4,100,39,2.56410256410256
"9895","San Benito County",2011-10-01,84,13,35,4,97,39,2.48717948717949
"9896","San Benito County",2011-11-01,83,14,38,4,97,42,2.30952380952381
"9897","San Benito County",2011-12-01,75,14,35,5,89,40,2.225
"9898","San Benito County",2012-01-01,71,14,41,6,85,47,1.80851063829787
"9899","San Benito County",2012-02-01,77,15,41,8,92,49,1.87755102040816
"9900","San Benito County",2012-03-01,69,13,44,8,82,52,1.57692307692308
"9901","San Benito County",2012-04-01,67,13,50,7,80,57,1.40350877192982
"9902","San Benito County",2012-05-01,66,15,44,6,81,50,1.62
"9903","San Benito County",2012-06-01,61,15,45,5,76,50,1.52
"9904","San Benito County",2012-07-01,68,13,45,7,81,52,1.55769230769231
"9905","San Benito County",2012-08-01,63,8,47,9,71,56,1.26785714285714
"9906","San Benito County",2012-09-01,71,16,35,7,87,42,2.07142857142857
"9907","San Benito County",2012-10-01,67,14,44,10,81,54,1.5
"9908","San Benito County",2012-11-01,71,15,43,8,86,51,1.68627450980392
"9909","San Benito County",2012-12-01,72,14,40,6,86,46,1.8695652173913
"9910","San Benito County",2013-01-01,58,11,45,8,69,53,1.30188679245283
"9911","San Benito County",2013-02-01,56,14,43,9,70,52,1.34615384615385
"9912","San Benito County",2013-03-01,50,13,41,8,63,49,1.28571428571429
"9913","San Benito County",2013-04-01,61,12,39,6,73,45,1.62222222222222
"9914","San Benito County",2013-05-01,66,8,36,7,74,43,1.72093023255814
"9915","San Benito County",2013-06-01,67,8,30,9,75,39,1.92307692307692
"9916","San Benito County",2013-07-01,72,13,30,8,85,38,2.23684210526316
"9917","San Benito County",2013-08-01,66,14,36,8,80,44,1.81818181818182
"9918","San Benito County",2013-09-01,71,15,28,9,86,37,2.32432432432432
"9919","San Benito County",2013-10-01,73,13,29,11,86,40,2.15
"9920","San Benito County",2013-11-01,84,11,22,14,95,36,2.63888888888889
"9921","San Benito County",2013-12-01,78,8,20,12,86,32,2.6875
"9922","San Benito County",2014-01-01,81,13,25,8,94,33,2.84848484848485
"9923","San Benito County",2014-02-01,66,13,36,8,79,44,1.79545454545455
"9924","San Benito County",2014-03-01,72,15,35,9,87,44,1.97727272727273
"9925","San Benito County",2014-04-01,74,11,30,11,85,41,2.07317073170732
"9926","San Benito County",2014-05-01,71,15,30,9,86,39,2.20512820512821
"9927","San Benito County",2014-06-01,77,11,24,10,88,34,2.58823529411765
"9928","San Benito County",2014-07-01,86,13,28,8,99,36,2.75
"9929","San Benito County",2014-08-01,98,15,24,7,113,31,3.64516129032258
"9930","San Benito County",2014-09-01,95,28,15,8,123,23,5.34782608695652
"9931","San Benito County",2014-10-01,100,14,24,8,114,32,3.5625
"9932","San Benito County",2014-11-01,89,12,22,8,101,30,3.36666666666667
"9933","San Benito County",2014-12-01,81,11,22,10,92,32,2.875
"9934","San Benito County",2015-01-01,82,11,18,10,93,28,3.32142857142857
"9935","San Benito County",2015-02-01,87,14,19,7,101,26,3.88461538461538
"9936","San Benito County",2015-03-01,97,10,24,7,107,31,3.45161290322581
"9937","San Benito County",2015-04-01,92,13,27,4,105,31,3.38709677419355
"9938","San Benito County",2015-05-01,77,10,23,7,87,30,2.9
"9939","San Benito County",2015-06-01,63,11,27,5,74,32,2.3125
"9940","San Benito County",2015-07-01,68,11,25,6,79,31,2.54838709677419
"9941","San Benito County",2015-08-01,69,11,28,6,80,34,2.35294117647059
"9942","San Benito County",2015-09-01,81,9,22,5,90,27,3.33333333333333
"9943","San Benito County",2015-10-01,86,12,25,6,98,31,3.16129032258065
"9944","San Benito County",2015-11-01,90,13,24,7,103,31,3.32258064516129
"9945","San Benito County",2015-12-01,87,12,26,6,99,32,3.09375
"9946","San Benito County",2016-01-01,69,8,31,9,77,40,1.925
"9947","San Benito County",2016-02-01,74,9,27,7,83,34,2.44117647058824
"9948","San Benito County",2016-03-01,66,15,33,6,81,39,2.07692307692308
"9949","San Benito County",2016-04-01,64,13,34,7,77,41,1.8780487804878
"9950","San Benito County",2016-05-01,65,15,32,6,80,38,2.10526315789474
"9951","San Benito County",2016-06-01,75,14,25,5,89,30,2.96666666666667
"9952","San Benito County",2016-07-01,74,15,22,6,89,28,3.17857142857143
"9953","San Benito County",2016-08-01,82,15,28,6,97,34,2.85294117647059
"9954","San Benito County",2016-09-01,76,14,35,5,90,40,2.25
"9955","San Benito County",2016-10-01,80,14,30,6,94,36,2.61111111111111
"9956","San Benito County",2016-11-01,65,16,32,7,81,39,2.07692307692308
"9957","San Benito County",2016-12-01,69,11,27,9,80,36,2.22222222222222
"9958","San Benito County",2017-01-01,77,13,18,6,90,24,3.75
"9959","San Benito County",2017-02-01,87,12,26,4,99,30,3.3
"9960","San Benito County",2017-03-01,76,15,29,5,91,34,2.67647058823529
"9961","San Benito County",2017-04-01,78,13,30,8,91,38,2.39473684210526
"9962","San Benito County",2017-05-01,84,11,25,10,95,35,2.71428571428571
"9963","San Benito County",2017-06-01,84,13,35,6,97,41,2.36585365853659
"9964","San Benito County",2017-07-01,85,17,28,5,102,33,3.09090909090909
"9965","San Benito County",2017-08-01,76,12,32,8,88,40,2.2
"9966","San Benito County",2017-09-01,73,9,37,9,82,46,1.78260869565217
"9967","San Benito County",2017-10-01,75,8,36,9,83,45,1.84444444444444
"9968","San Benito County",2017-11-01,68,10,36,9,78,45,1.73333333333333
"9969","San Benito County",2017-12-01,77,12,31,8,89,39,2.28205128205128
"9970","San Benito County",2018-01-01,74,13,37,10,87,47,1.85106382978723
"9971","San Benito County",2018-02-01,65,11,41,11,76,52,1.46153846153846
"9972","San Benito County",2018-03-01,59,11,39,10,70,49,1.42857142857143
"9973","San Benito County",2018-04-01,68,12,42,11,80,53,1.50943396226415
"9974","San Benito County",2018-05-01,73,14,38,8,87,46,1.89130434782609
"9975","San Benito County",2018-06-01,72,12,42,7,84,49,1.71428571428571
"9976","San Benito County",2018-07-01,70,13,42,7,83,49,1.69387755102041
"9977","San Benito County",2018-08-01,75,10,34,6,85,40,2.125
"9978","San Benito County",2018-09-01,73,14,29,5,87,34,2.55882352941176
"9979","San Benito County",2018-10-01,77,13,33,5,90,38,2.36842105263158
"9980","San Benito County",2018-11-01,73,7,32,8,80,40,2
"9981","San Benito County",2018-12-01,63,7,35,8,70,43,1.62790697674419
"9982","San Benito County",2019-01-01,60,8,37,8,68,45,1.51111111111111
"9983","San Benito County",2019-02-01,66,8,35,6,74,41,1.80487804878049
"9984","San Benito County",2019-03-01,66,8,39,6,74,45,1.64444444444444
"9985","San Benito County",2019-04-01,64,9,36,6,73,42,1.73809523809524
"9986","San Benito County",2019-05-01,66,9,31,9,75,40,1.875
"9987","San Benito County",2019-06-01,72,7,33,6,79,39,2.02564102564103
"9988","San Benito County",2019-07-01,71,8,35,4,79,39,2.02564102564103
"9989","San Benito County",2019-08-01,71,7,40,3,78,43,1.81395348837209
"9990","San Benito County",2019-09-01,64,9,41,5,73,46,1.58695652173913
"9991","San Benito County",2019-10-01,70,13,37,5,83,42,1.97619047619048
"9992","San Benito County",2019-11-01,70,13,36,5,83,41,2.02439024390244
"9993","San Benito County",2019-12-01,67,15,33,6,82,39,2.1025641025641
"9994","San Benito County",2020-01-01,64,12,37,7,76,44,1.72727272727273
"9995","San Benito County",2020-02-01,69,12,38,8,81,46,1.76086956521739
"9996","San Benito County",2020-03-01,62,6,31,9,68,40,1.7
"9997","San Bernardino County",1995-10-01,1947,268,1925,323,2215,2248,0.985320284697509
"9998","San Bernardino County",1995-11-01,2349,303,1306,249,2652,1555,1.70546623794212
"9999","San Bernardino County",1995-12-01,2242,272,1154,199,2514,1353,1.85809312638581
"10000","San Bernardino County",1996-01-01,2328,282,1170,178,2610,1348,1.93620178041543
"10001","San Bernardino County",1996-02-01,2290,258,1098,165,2548,1263,2.01741884402217
"10002","San Bernardino County",1996-03-01,2336,262,1272,219,2598,1491,1.74245472837022
"10003","San Bernardino County",1996-04-01,2108,338,1431,256,2446,1687,1.44991108476586
"10004","San Bernardino County",1996-05-01,2377,340,1273,252,2717,1525,1.7816393442623
"10005","San Bernardino County",1996-06-01,2287,314,1216,268,2601,1484,1.75269541778976
"10006","San Bernardino County",1996-07-01,2291,296,1177,279,2587,1456,1.77678571428571
"10007","San Bernardino County",1996-08-01,2320,295,1208,263,2615,1471,1.77770224337186
"10008","San Bernardino County",1996-09-01,2358,324,1197,231,2682,1428,1.8781512605042
"10009","San Bernardino County",1996-10-01,2431,303,1138,211,2734,1349,2.02668643439585
"10010","San Bernardino County",1996-11-01,2516,308,1070,203,2824,1273,2.21838177533386
"10011","San Bernardino County",1996-12-01,2606,304,975,190,2910,1165,2.49785407725322
"10012","San Bernardino County",1997-01-01,2711,357,927,165,3068,1092,2.80952380952381
"10013","San Bernardino County",1997-02-01,2900,394,1060,201,3294,1261,2.6122125297383
"10014","San Bernardino County",1997-03-01,2943,437,1108,209,3380,1317,2.56643887623386
"10015","San Bernardino County",1997-04-01,2926,415,1130,217,3341,1347,2.48032665181886
"10016","San Bernardino County",1997-05-01,2952,436,1122,225,3388,1347,2.51521900519673
"10017","San Bernardino County",1997-06-01,2950,398,1130,222,3348,1352,2.47633136094675
"10018","San Bernardino County",1997-07-01,2739,377,1142,231,3116,1373,2.26948288419519
"10019","San Bernardino County",1997-08-01,2873,402,1206,228,3275,1434,2.28382147838215
"10020","San Bernardino County",1997-09-01,2987,425,1228,252,3412,1480,2.30540540540541
"10021","San Bernardino County",1997-10-01,2941,446,1265,284,3387,1549,2.18657198192382
"10022","San Bernardino County",1997-11-01,2997,458,1218,240,3455,1458,2.36968449931413
"10023","San Bernardino County",1997-12-01,2943,440,1106,202,3383,1308,2.58639143730887
"10024","San Bernardino County",1998-01-01,2991,425,1053,207,3416,1260,2.71111111111111
"10025","San Bernardino County",1998-02-01,3113,447,1165,227,3560,1392,2.55747126436782
"10026","San Bernardino County",1998-03-01,3112,444,1229,253,3556,1482,2.39946018893387
"10027","San Bernardino County",1998-04-01,3113,452,1265,295,3565,1560,2.28525641025641
"10028","San Bernardino County",1998-05-01,3057,477,1326,307,3534,1633,2.16411512553582
"10029","San Bernardino County",1998-06-01,3117,518,1301,279,3635,1580,2.3006329113924
"10030","San Bernardino County",1998-07-01,3070,496,1257,265,3566,1522,2.34296977660972
"10031","San Bernardino County",1998-08-01,3157,507,1207,266,3664,1473,2.48744059742023
"10032","San Bernardino County",1998-09-01,3176,511,1195,264,3687,1459,2.52707333790267
"10033","San Bernardino County",1998-10-01,3085,457,1162,257,3542,1419,2.49612403100775
"10034","San Bernardino County",1998-11-01,3132,442,1137,245,3574,1382,2.58610709117221
"10035","San Bernardino County",1998-12-01,3027,421,1051,223,3448,1274,2.70643642072213
"10036","San Bernardino County",1999-01-01,3060,449,1059,209,3509,1268,2.76735015772871
"10037","San Bernardino County",1999-02-01,3041,456,1089,225,3497,1314,2.66133942161339
"10038","San Bernardino County",1999-03-01,3091,475,1113,231,3566,1344,2.65327380952381
"10039","San Bernardino County",1999-04-01,3750,590,447,114,4340,561,7.73618538324421
"10040","San Bernardino County",1999-05-01,3109,479,1069,236,3588,1305,2.74942528735632
"10041","San Bernardino County",1999-06-01,3014,459,1070,238,3473,1308,2.65519877675841
"10042","San Bernardino County",1999-07-01,3064,466,1095,255,3530,1350,2.61481481481481
"10043","San Bernardino County",1999-08-01,3112,489,1154,247,3601,1401,2.57030692362598
"10044","San Bernardino County",1999-09-01,3103,482,1195,252,3585,1447,2.4775397373877
"10045","San Bernardino County",1999-10-01,3148,511,1207,264,3659,1471,2.487423521414
"10046","San Bernardino County",1999-11-01,3152,489,1154,268,3641,1422,2.56047819971871
"10047","San Bernardino County",1999-12-01,3093,464,1046,242,3557,1288,2.76164596273292
"10048","San Bernardino County",2000-01-01,3222,483,1020,235,3705,1255,2.95219123505976
"10049","San Bernardino County",2000-02-01,3232,474,1075,246,3706,1321,2.80545041635125
"10050","San Bernardino County",2000-03-01,3316,513,1077,262,3829,1339,2.85959671396565
"10051","San Bernardino County",2000-04-01,3270,507,1143,271,3777,1414,2.67114568599717
"10052","San Bernardino County",2000-05-01,3201,500,1178,246,3701,1424,2.59901685393258
"10053","San Bernardino County",2000-06-01,3158,627,1167,121,3785,1288,2.93866459627329
"10054","San Bernardino County",2000-07-01,3151,514,1216,241,3665,1457,2.51544269045985
"10055","San Bernardino County",2000-08-01,3104,496,1230,240,3600,1470,2.44897959183673
"10056","San Bernardino County",2000-09-01,3116,466,1209,270,3582,1479,2.42190669371197
"10057","San Bernardino County",2000-10-01,3242,467,1216,301,3709,1517,2.44495715227423
"10058","San Bernardino County",2000-11-01,3103,467,1196,322,3570,1518,2.35177865612648
"10059","San Bernardino County",2000-12-01,3094,466,1109,285,3560,1394,2.55380200860832
"10060","San Bernardino County",2001-01-01,3159,442,1076,275,3601,1351,2.66543301258327
"10061","San Bernardino County",2001-02-01,3207,466,1136,254,3673,1390,2.64244604316547
"10062","San Bernardino County",2001-03-01,3285,472,1196,278,3757,1474,2.54884667571235
"10063","San Bernardino County",2001-04-01,3273,470,1189,292,3743,1481,2.52734638757596
"10064","San Bernardino County",2001-05-01,3166,463,1173,282,3629,1455,2.49415807560137
"10065","San Bernardino County",2001-06-01,3191,460,1148,271,3651,1419,2.57293868921776
"10066","San Bernardino County",2001-07-01,3295,430,1113,267,3725,1380,2.69927536231884
"10067","San Bernardino County",2001-08-01,3188,424,1062,232,3612,1294,2.79134466769706
"10068","San Bernardino County",2001-09-01,3208,430,996,234,3638,1230,2.95772357723577
"10069","San Bernardino County",2001-10-01,3145,427,1030,246,3572,1276,2.79937304075235
"10070","San Bernardino County",2001-11-01,3084,437,983,208,3521,1191,2.95633921074727
"10071","San Bernardino County",2001-12-01,3058,426,926,185,3484,1111,3.13591359135914
"10072","San Bernardino County",2002-01-01,3205,417,975,203,3622,1178,3.07470288624788
"10073","San Bernardino County",2002-02-01,3277,443,1015,226,3720,1241,2.99758259468171
"10074","San Bernardino County",2002-03-01,3203,472,1077,245,3675,1322,2.77987897125567
"10075","San Bernardino County",2002-04-01,3147,491,1107,236,3638,1343,2.70886075949367
"10076","San Bernardino County",2002-05-01,3184,489,1274,252,3673,1526,2.40694626474443
"10077","San Bernardino County",2002-06-01,3173,483,1193,250,3656,1443,2.53361053361053
"10078","San Bernardino County",2002-07-01,3208,484,1158,249,3692,1407,2.62402274342573
"10079","San Bernardino County",2002-08-01,3246,472,1190,271,3718,1461,2.54483230663929
"10080","San Bernardino County",2002-09-01,3238,458,1136,256,3696,1392,2.6551724137931
"10081","San Bernardino County",2002-10-01,3203,450,1180,244,3653,1424,2.56530898876404
"10082","San Bernardino County",2002-11-01,3100,452,1171,234,3552,1405,2.52811387900356
"10083","San Bernardino County",2002-12-01,3141,437,1099,221,3578,1320,2.71060606060606
"10084","San Bernardino County",2003-01-01,3353,450,1045,215,3803,1260,3.01825396825397
"10085","San Bernardino County",2003-02-01,3420,469,1103,226,3889,1329,2.92626034612491
"10086","San Bernardino County",2003-03-01,3421,464,1093,227,3885,1320,2.94318181818182
"10087","San Bernardino County",2003-04-01,3400,432,1175,244,3832,1419,2.70049330514447
"10088","San Bernardino County",2003-05-01,3150,455,1160,257,3605,1417,2.54410726887791
"10089","San Bernardino County",2003-06-01,3476,478,1184,267,3954,1451,2.7250172294969
"10090","San Bernardino County",2003-07-01,3391,463,1194,279,3854,1473,2.61642905634759
"10091","San Bernardino County",2003-08-01,3444,473,1189,270,3917,1459,2.68471555860178
"10092","San Bernardino County",2003-09-01,3299,489,1225,264,3788,1489,2.54398925453324
"10093","San Bernardino County",2003-10-01,3338,502,1152,225,3840,1377,2.78867102396514
"10094","San Bernardino County",2003-11-01,3369,496,1100,241,3865,1341,2.88217747949292
"10095","San Bernardino County",2003-12-01,3334,495,1043,230,3829,1273,3.00785545954438
"10096","San Bernardino County",2004-01-01,3436,477,1089,228,3913,1317,2.97114654517844
"10097","San Bernardino County",2004-02-01,3434,475,1107,231,3909,1338,2.92152466367713
"10098","San Bernardino County",2004-03-01,3484,468,1152,239,3952,1391,2.8411214953271
"10099","San Bernardino County",2004-04-01,3483,488,1182,271,3971,1453,2.73296627666896
"10100","San Bernardino County",2004-05-01,3411,492,1179,287,3903,1466,2.66234652114598
"10101","San Bernardino County",2004-06-01,3503,499,1210,282,4002,1492,2.68230563002681
"10102","San Bernardino County",2004-07-01,3491,485,1206,272,3976,1478,2.69012178619756
"10103","San Bernardino County",2004-08-01,3501,506,1159,275,4007,1434,2.79428172942817
"10104","San Bernardino County",2004-09-01,3625,485,1136,284,4110,1420,2.8943661971831
"10105","San Bernardino County",2004-10-01,3476,527,1107,275,4003,1382,2.89652677279305
"10106","San Bernardino County",2004-11-01,3454,521,1063,265,3975,1328,2.99322289156627
"10107","San Bernardino County",2004-12-01,3364,494,1028,268,3858,1296,2.97685185185185
"10108","San Bernardino County",2005-01-01,3414,542,1036,257,3956,1293,3.05955143078113
"10109","San Bernardino County",2005-02-01,3416,499,1036,259,3915,1295,3.02316602316602
"10110","San Bernardino County",2005-03-01,3644,534,1077,244,4178,1321,3.16275548826646
"10111","San Bernardino County",2005-04-01,3644,510,1092,247,4154,1339,3.10231516056759
"10112","San Bernardino County",2005-05-01,3622,542,1131,256,4164,1387,3.00216294160058
"10113","San Bernardino County",2005-06-01,3688,546,1174,276,4234,1450,2.92
"10114","San Bernardino County",2005-07-01,3674,556,1147,273,4230,1420,2.97887323943662
"10115","San Bernardino County",2005-08-01,3760,537,1146,294,4297,1440,2.98402777777778
"10116","San Bernardino County",2005-09-01,3804,570,1123,292,4374,1415,3.09116607773852
"10117","San Bernardino County",2005-10-01,3703,517,1133,297,4220,1430,2.95104895104895
"10118","San Bernardino County",2005-11-01,3364,407,1072,292,3771,1364,2.76466275659824
"10119","San Bernardino County",2005-12-01,3315,422,967,245,3737,1212,3.08333333333333
"10120","San Bernardino County",2006-01-01,3626,422,956,222,4048,1178,3.43633276740238
"10121","San Bernardino County",2006-02-01,3832,607,927,245,4439,1172,3.78754266211604
"10122","San Bernardino County",2006-03-01,3832,607,927,245,4439,1172,3.78754266211604
"10123","San Bernardino County",2006-04-01,3516,533,1074,254,4049,1328,3.04894578313253
"10124","San Bernardino County",2006-05-01,3666,504,1097,261,4170,1358,3.07069219440353
"10125","San Bernardino County",2006-06-01,3485,502,1168,263,3987,1431,2.78616352201258
"10126","San Bernardino County",2006-07-01,3570,516,1149,286,4086,1435,2.84738675958188
"10127","San Bernardino County",2006-08-01,3576,513,1111,305,4089,1416,2.88771186440678
"10128","San Bernardino County",2006-09-01,3510,528,1128,303,4038,1431,2.82180293501048
"10129","San Bernardino County",2006-10-01,3563,540,1148,289,4103,1437,2.85525400139179
"10130","San Bernardino County",2006-11-01,3536,529,784,282,4065,1066,3.81332082551595
"10131","San Bernardino County",2006-12-01,3235,498,1395,310,3733,1705,2.18944281524927
"10132","San Bernardino County",2007-01-01,3625,559,1055,260,4184,1315,3.18174904942966
"10133","San Bernardino County",2007-02-01,3638,537,1089,255,4175,1344,3.10639880952381
"10134","San Bernardino County",2007-03-01,3745,542,1025,257,4287,1282,3.34399375975039
"10135","San Bernardino County",2007-04-01,3637,533,1067,244,4170,1311,3.18077803203661
"10136","San Bernardino County",2007-05-01,3727,537,1081,232,4264,1313,3.24752475247525
"10137","San Bernardino County",2007-06-01,3707,529,1057,240,4236,1297,3.26599845797995
"10138","San Bernardino County",2007-07-01,3761,559,1020,236,4320,1256,3.43949044585987
"10139","San Bernardino County",2007-08-01,3741,562,1064,234,4303,1298,3.31510015408321
"10140","San Bernardino County",2007-09-01,3744,569,1033,235,4313,1268,3.40141955835962
"10141","San Bernardino County",2007-10-01,3680,571,1054,229,4251,1283,3.31332813717849
"10142","San Bernardino County",2007-11-01,3742,549,977,239,4291,1216,3.52878289473684
"10143","San Bernardino County",2007-12-01,3702,542,971,236,4244,1207,3.51615575807788
"10144","San Bernardino County",2008-01-01,3738,556,901,228,4294,1129,3.80336581045173
"10145","San Bernardino County",2008-02-01,3583,549,939,232,4132,1171,3.52860802732707
"10146","San Bernardino County",2008-03-01,3742,556,1012,240,4298,1252,3.43290734824281
"10147","San Bernardino County",2008-04-01,3632,562,1033,247,4194,1280,3.2765625
"10148","San Bernardino County",2008-05-01,3582,566,1091,247,4148,1338,3.10014947683109
"10149","San Bernardino County",2008-06-01,3633,566,1104,247,4199,1351,3.1080680977054
"10150","San Bernardino County",2008-07-01,3673,538,1095,257,4211,1352,3.1146449704142
"10151","San Bernardino County",2008-08-01,3586,564,1078,267,4150,1345,3.08550185873606
"10152","San Bernardino County",2008-09-01,3761,584,1066,270,4345,1336,3.25224550898204
"10153","San Bernardino County",2008-10-01,3669,560,1063,256,4229,1319,3.20621683093252
"10154","San Bernardino County",2008-11-01,3676,562,1029,246,4238,1275,3.32392156862745
"10155","San Bernardino County",2008-12-01,3680,529,978,224,4209,1202,3.50166389351082
"10156","San Bernardino County",2009-01-01,3783,570,982,232,4353,1214,3.58566721581549
"10157","San Bernardino County",2009-02-01,3888,572,1016,235,4460,1251,3.56514788169464
"10158","San Bernardino County",2009-03-01,3922,556,1057,234,4478,1291,3.46862896979086
"10159","San Bernardino County",2009-04-01,3935,580,1105,226,4515,1331,3.39218632607062
"10160","San Bernardino County",2009-05-01,3867,589,1061,251,4456,1312,3.39634146341463
"10161","San Bernardino County",2009-06-01,3933,584,1061,250,4517,1311,3.44546147978642
"10162","San Bernardino County",2009-07-01,3904,580,1084,258,4484,1342,3.34128166915052
"10163","San Bernardino County",2009-08-01,4000,579,1084,239,4579,1323,3.46107331821618
"10164","San Bernardino County",2009-09-01,4013,579,1145,248,4592,1393,3.2964824120603
"10165","San Bernardino County",2009-10-01,4083,590,1092,246,4673,1338,3.49252615844544
"10166","San Bernardino County",2009-11-01,3901,600,1048,265,4501,1313,3.42802741812643
"10167","San Bernardino County",2009-12-01,3776,601,1014,238,4377,1252,3.49600638977636
"10168","San Bernardino County",2010-01-01,3769,753,867,253,4522,1120,4.0375
"10169","San Bernardino County",2010-02-01,3894,735,684,182,4629,866,5.34526558891455
"10170","San Bernardino County",2010-03-01,3845,755,694,200,4600,894,5.14541387024609
"10171","San Bernardino County",2010-04-01,3794,741,703,201,4535,904,5.01659292035398
"10172","San Bernardino County",2010-05-01,3844,759,733,190,4603,923,4.98699891657638
"10173","San Bernardino County",2010-06-01,3925,803,722,202,4728,924,5.11688311688312
"10174","San Bernardino County",2010-07-01,3988,816,714,209,4804,923,5.20476706392199
"10175","San Bernardino County",2010-08-01,3993,812,734,238,4805,972,4.94341563786008
"10176","San Bernardino County",2010-09-01,3891,790,742,218,4681,960,4.87604166666667
"10177","San Bernardino County",2010-10-01,3919,762,784,236,4681,1020,4.58921568627451
"10178","San Bernardino County",2010-11-01,3768,741,767,244,4509,1011,4.45994065281899
"10179","San Bernardino County",2010-12-01,3663,681,727,204,4344,931,4.66595059076262
"10180","San Bernardino County",2011-01-01,3811,524,751,180,4335,931,4.656283566058
"10181","San Bernardino County",2011-02-01,3769,552,802,181,4321,983,4.39572736520855
"10182","San Bernardino County",2011-03-01,3675,543,797,179,4218,976,4.32172131147541
"10183","San Bernardino County",2011-04-01,3691,626,728,171,4317,899,4.8020022246941
"10184","San Bernardino County",2011-05-01,3708,540,828,185,4248,1013,4.19348469891412
"10185","San Bernardino County",2011-06-01,3740,551,762,184,4291,946,4.53594080338266
"10186","San Bernardino County",2011-07-01,3935,579,793,191,4514,984,4.58739837398374
"10187","San Bernardino County",2011-08-01,3910,567,830,200,4477,1030,4.34660194174757
"10188","San Bernardino County",2011-09-01,3889,556,837,215,4445,1052,4.22528517110266
"10189","San Bernardino County",2011-10-01,3755,528,865,193,4283,1058,4.04820415879017
"10190","San Bernardino County",2011-11-01,3599,483,972,194,4082,1166,3.5008576329331
"10191","San Bernardino County",2011-12-01,3519,542,970,218,4061,1188,3.41835016835017
"10192","San Bernardino County",2012-01-01,3618,499,1072,171,4117,1243,3.31214802896219
"10193","San Bernardino County",2012-02-01,3643,492,1020,176,4135,1196,3.45735785953177
"10194","San Bernardino County",2012-03-01,3678,469,1066,175,4147,1241,3.34165995165189
"10195","San Bernardino County",2012-04-01,3601,478,1167,187,4079,1354,3.01255539143279
"10196","San Bernardino County",2012-05-01,3605,464,1112,176,4069,1288,3.15916149068323
"10197","San Bernardino County",2012-06-01,3716,452,1046,159,4168,1205,3.45892116182573
"10198","San Bernardino County",2012-07-01,3726,425,1042,225,4151,1267,3.27624309392265
"10199","San Bernardino County",2012-08-01,3746,480,1145,181,4226,1326,3.18702865761689
"10200","San Bernardino County",2012-09-01,3743,494,1085,158,4237,1243,3.40868865647627
"10201","San Bernardino County",2012-10-01,3743,480,1193,160,4223,1353,3.12121212121212
"10202","San Bernardino County",2012-11-01,3741,481,1214,192,4222,1406,3.00284495021337
"10203","San Bernardino County",2012-12-01,3668,487,1290,179,4155,1469,2.8284547311096
"10204","San Bernardino County",2013-01-01,3744,509,1294,163,4253,1457,2.91901166781057
"10205","San Bernardino County",2013-02-01,3827,520,1231,173,4347,1404,3.09615384615385
"10206","San Bernardino County",2013-03-01,3826,515,1264,180,4341,1444,3.00623268698061
"10207","San Bernardino County",2013-04-01,3813,596,1347,169,4409,1516,2.90831134564644
"10208","San Bernardino County",2013-05-01,3797,530,1471,160,4327,1631,2.65297363580625
"10209","San Bernardino County",2013-06-01,3882,549,1383,138,4431,1521,2.91321499013807
"10210","San Bernardino County",2013-07-01,3787,548,1390,145,4335,1535,2.82410423452769
"10211","San Bernardino County",2013-08-01,3733,541,1414,221,4274,1635,2.61406727828746
"10212","San Bernardino County",2013-09-01,3855,555,1330,233,4410,1563,2.82149712092131
"10213","San Bernardino County",2013-10-01,3827,449,1340,191,4276,1531,2.79294578706728
"10214","San Bernardino County",2013-11-01,3837,556,1301,181,4393,1482,2.9642375168691
"10215","San Bernardino County",2013-12-01,3772,512,1220,185,4284,1405,3.0491103202847
"10216","San Bernardino County",2014-01-01,3869,512,1215,183,4381,1398,3.13376251788269
"10217","San Bernardino County",2014-02-01,3860,509,1159,206,4369,1365,3.2007326007326
"10218","San Bernardino County",2014-03-01,3908,487,1113,211,4395,1324,3.31948640483384
"10219","San Bernardino County",2014-04-01,3880,547,1179,175,4427,1354,3.26957163958641
"10220","San Bernardino County",2014-05-01,3808,554,1194,206,4362,1400,3.11571428571429
"10221","San Bernardino County",2014-06-01,3762,533,1240,212,4295,1452,2.95798898071625
"10222","San Bernardino County",2014-07-01,3856,538,1201,215,4394,1416,3.10310734463277
"10223","San Bernardino County",2014-08-01,3920,543,1179,198,4463,1377,3.24110384894699
"10224","San Bernardino County",2014-09-01,3844,519,1125,182,4363,1307,3.33817903596021
"10225","San Bernardino County",2014-10-01,3765,603,1074,226,4368,1300,3.36
"10226","San Bernardino County",2014-11-01,3523,572,1106,250,4095,1356,3.01991150442478
"10227","San Bernardino County",2014-12-01,3284,553,1138,223,3837,1361,2.81925055106539
"10228","San Bernardino County",2015-01-01,3304,577,1110,223,3881,1333,2.91147786946737
"10229","San Bernardino County",2015-02-01,3350,592,1105,239,3942,1344,2.93303571428571
"10230","San Bernardino County",2015-03-01,3337,583,1045,232,3920,1277,3.06969459671104
"10231","San Bernardino County",2015-04-01,3292,563,1014,227,3855,1241,3.10636583400483
"10232","San Bernardino County",2015-05-01,3325,546,964,233,3871,1197,3.23391812865497
"10233","San Bernardino County",2015-06-01,3427,566,932,231,3993,1163,3.43336199484093
"10234","San Bernardino County",2015-07-01,3561,546,916,249,4107,1165,3.52532188841202
"10235","San Bernardino County",2015-08-01,3537,562,893,241,4099,1134,3.61463844797178
"10236","San Bernardino County",2015-09-01,3544,578,928,230,4122,1158,3.55958549222798
"10237","San Bernardino County",2015-10-01,3621,589,831,204,4210,1035,4.06763285024155
"10238","San Bernardino County",2015-11-01,3541,577,868,225,4118,1093,3.7676120768527
"10239","San Bernardino County",2015-12-01,3454,556,855,209,4010,1064,3.7687969924812
"10240","San Bernardino County",2016-01-01,3471,554,884,206,4025,1090,3.69266055045872
"10241","San Bernardino County",2016-02-01,3521,589,883,248,4110,1131,3.63395225464191
"10242","San Bernardino County",2016-03-01,3382,589,1006,209,3971,1215,3.26831275720165
"10243","San Bernardino County",2016-04-01,3421,588,969,208,4009,1177,3.40611724723874
"10244","San Bernardino County",2016-05-01,3575,484,1079,183,4059,1262,3.21632329635499
"10245","San Bernardino County",2016-06-01,3713,624,958,231,4337,1189,3.64760302775442
"10246","San Bernardino County",2016-07-01,3734,618,890,213,4352,1103,3.9456029011786
"10247","San Bernardino County",2016-08-01,3693,627,934,217,4320,1151,3.75325803649001
"10248","San Bernardino County",2016-09-01,3761,643,936,235,4404,1171,3.76088812980359
"10249","San Bernardino County",2016-10-01,3828,617,967,242,4445,1209,3.67659222497932
"10250","San Bernardino County",2016-11-01,3774,591,936,248,4365,1184,3.68665540540541
"10251","San Bernardino County",2016-12-01,3687,623,970,222,4310,1192,3.61577181208054
"10252","San Bernardino County",2017-01-01,3589,604,1026,235,4193,1261,3.32513877874703
"10253","San Bernardino County",2017-02-01,3613,618,1070,245,4231,1315,3.21749049429658
"10254","San Bernardino County",2017-03-01,3490,599,1153,264,4089,1417,2.88567395906845
"10255","San Bernardino County",2017-04-01,3510,619,1159,261,4129,1420,2.90774647887324
"10256","San Bernardino County",2017-05-01,3565,624,1169,283,4189,1452,2.88498622589532
"10257","San Bernardino County",2017-06-01,3571,625,1158,272,4196,1430,2.93426573426573
"10258","San Bernardino County",2017-07-01,3601,611,1140,263,4212,1403,3.00213827512473
"10259","San Bernardino County",2017-08-01,3562,610,1207,294,4172,1501,2.77948034643571
"10260","San Bernardino County",2017-09-01,3557,572,1191,303,4129,1494,2.76372155287818
"10261","San Bernardino County",2017-10-01,3424,572,1217,290,3996,1507,2.65162574651626
"10262","San Bernardino County",2017-11-01,3388,609,1181,253,3997,1434,2.78730822873082
"10263","San Bernardino County",2017-12-01,3265,577,1218,256,3842,1474,2.60651289009498
"10264","San Bernardino County",2018-01-01,3301,598,1229,253,3899,1482,2.63090418353576
"10265","San Bernardino County",2018-02-01,3254,574,1272,268,3828,1540,2.48571428571429
"10266","San Bernardino County",2018-03-01,3185,552,1267,286,3737,1553,2.40631036703155
"10267","San Bernardino County",2018-04-01,3218,577,1281,281,3795,1562,2.42957746478873
"10268","San Bernardino County",2018-05-01,3234,560,1313,262,3794,1575,2.40888888888889
"10269","San Bernardino County",2018-06-01,3376,575,1268,255,3951,1523,2.59422193040053
"10270","San Bernardino County",2018-07-01,3431,588,1275,243,4019,1518,2.64756258234519
"10271","San Bernardino County",2018-08-01,3478,597,1338,248,4075,1586,2.56935687263556
"10272","San Bernardino County",2018-09-01,3414,606,1329,250,4020,1579,2.54591513616213
"10273","San Bernardino County",2018-10-01,3408,597,1364,246,4005,1610,2.48757763975155
"10274","San Bernardino County",2018-11-01,3557,461,1366,225,4018,1591,2.52545568824639
"10275","San Bernardino County",2018-12-01,3349,563,1315,231,3912,1546,2.53040103492885
"10276","San Bernardino County",2019-01-01,3512,430,1267,215,3942,1482,2.65991902834008
"10277","San Bernardino County",2019-02-01,3529,458,1291,202,3987,1493,2.67046215673141
"10278","San Bernardino County",2019-03-01,3560,429,1312,190,3989,1502,2.65579227696405
"10279","San Bernardino County",2019-04-01,3623,417,1296,207,4040,1503,2.68795741849634
"10280","San Bernardino County",2019-05-01,3574,432,1317,202,4006,1519,2.63726135615537
"10281","San Bernardino County",2019-06-01,3540,430,1343,190,3970,1533,2.58969341161122
"10282","San Bernardino County",2019-07-01,3614,445,1272,183,4059,1455,2.78969072164948
"10283","San Bernardino County",2019-08-01,3697,449,1290,206,4146,1496,2.77139037433155
"10284","San Bernardino County",2019-09-01,3635,448,1318,203,4083,1521,2.68441814595661
"10285","San Bernardino County",2019-10-01,3602,427,1265,194,4029,1459,2.76148046607265
"10286","San Bernardino County",2019-11-01,3623,410,1206,209,4033,1415,2.85017667844523
"10287","San Bernardino County",2019-12-01,3545,412,1182,194,3957,1376,2.87572674418605
"10288","San Bernardino County",2020-01-01,3633,425,1158,189,4058,1347,3.01262063845583
"10289","San Bernardino County",2020-02-01,3635,437,1243,191,4072,1434,2.83960948396095
"10290","San Bernardino County",2020-03-01,3639,427,1173,186,4066,1359,2.99190581309787
"10291","San Diego County",1995-10-01,2640,354,2313,346,2994,2659,1.12598721323806
"10292","San Diego County",1995-11-01,2743,377,2294,315,3120,2609,1.19586048294366
"10293","San Diego County",1995-12-01,2659,383,2154,298,3042,2452,1.24061990212072
"10294","San Diego County",1996-01-01,2706,359,2063,336,3065,2399,1.27761567319717
"10295","San Diego County",1996-02-01,2706,359,2171,336,3065,2507,1.22257678500199
"10296","San Diego County",1996-03-01,2630,373,2412,321,3003,2733,1.09879253567508
"10297","San Diego County",1996-04-01,2555,365,2172,335,2920,2507,1.16473873155166
"10298","San Diego County",1996-05-01,2557,365,2162,332,2922,2494,1.17161186848436
"10299","San Diego County",1996-06-01,2545,396,2179,325,2941,2504,1.17452076677316
"10300","San Diego County",1996-07-01,2556,385,2311.07,361.74,2941,2672.81,1.10034009151417
"10301","San Diego County",1996-08-01,2505,361,2349.97,371.16,2866,2721.13,1.05323891177562
"10302","San Diego County",1996-09-01,2523,383,2313.53,357.07,2906,2670.6,1.08814498614544
"10303","San Diego County",1996-10-01,2579,392,2346.07,365.03,2971,2711.1,1.09586514698831
"10304","San Diego County",1996-11-01,2609,419,2296.14,374.97,3028,2671.11,1.13361112047052
"10305","San Diego County",1996-12-01,2634,380,2247.51,348.35,3014,2595.86,1.16107956515374
"10306","San Diego County",1997-01-01,2629,387,2277.45,349.26,3016,2626.71,1.1482044077953
"10307","San Diego County",1997-02-01,2712,427,2377.36,364.21,3139,2741.57,1.14496438172288
"10308","San Diego County",1997-03-01,2732,413,2431.91,378.45,3145,2810.36,1.11907371297627
"10309","San Diego County",1997-04-01,2594.87,412,2480.66,386.9,3006.87,2867.56,1.04858137231653
"10310","San Diego County",1997-05-01,2581.9,376,2519.93,394.55,2957.9,2914.48,1.01489802640608
"10311","San Diego County",1997-06-01,2558.1,548.33,2303.44,386,3106.43,2689.44,1.15504714736153
"10312","San Diego County",1997-07-01,2575.19,426.23,2435.13,413.23,3001.42,2848.36,1.05373618503279
"10313","San Diego County",1997-08-01,2616.19,379,2415.65,449.74,2995.19,2865.39,1.04529924373296
"10314","San Diego County",1997-09-01,2647.32,384,2345.93,409.7,3031.32,2755.63,1.10004608746457
"10315","San Diego County",1997-10-01,2597.9,399,2567.68,429.1,2996.9,2996.78,1.00004004297946
"10316","San Diego County",1997-11-01,2627.63,423,2461.7,442.77,3050.63,2904.47,1.05032243404132
"10317","San Diego County",1997-12-01,2645.48,446,2393,420,3091.48,2813,1.0989975115535
"10318","San Diego County",1998-01-01,2652.13,412,2446.81,411.04,3064.13,2857.85,1.07218013541648
"10319","San Diego County",1998-02-01,2736.25,414,2486.14,433.32,3150.25,2919.46,1.07905229049208
"10320","San Diego County",1998-03-01,2675.87,437,2544.22,454.62,3112.87,2998.84,1.03802470288512
"10321","San Diego County",1998-04-01,2600.17,406.73,2520.67,444.77,3006.9,2965.44,1.01398106183231
"10322","San Diego County",1998-05-01,2615.52,408,2520.93,400.74,3023.52,2921.67,1.03486019981723
"10323","San Diego County",1998-06-01,2741.63,436.83,2504.8,412.77,3178.46,2917.57,1.08942030525403
"10324","San Diego County",1998-07-01,2702,513.81,2320.93,388.32,3215.81,2709.25,1.18697425486758
"10325","San Diego County",1998-08-01,2906,407,2628.23,370.23,3313,2998.46,1.10490051559801
"10326","San Diego County",1998-09-01,2564.27,409,2411,359.87,2973.27,2770.87,1.07304564992223
"10327","San Diego County",1998-10-01,2539,419,2373.05,375.44,2958,2748.49,1.07622731026855
"10328","San Diego County",1998-11-01,2539.52,419.39,2342.67,376.48,2958.91,2719.15,1.08817461339021
"10329","San Diego County",1998-12-01,2583,384,2301.83,392.8,2967,2694.63,1.10107881230447
"10330","San Diego County",1999-01-01,2545,390,2181.83,360.42,2935,2542.25,1.15448913364146
"10331","San Diego County",1999-02-01,2544.21,390.96,2236.79,371.14,2935.17,2607.93,1.12547882803603
"10332","San Diego County",1999-03-01,2550.1,413.55,2215.71,494.9,2963.65,2710.61,1.09335168098694
"10333","San Diego County",1999-04-01,2418.4,358.73,2169.96,412.17,2777.13,2582.13,1.07551904822763
"10334","San Diego County",1999-05-01,2390.06,381,2098.39,403.29,2771.06,2501.68,1.1076796392824
"10335","San Diego County",1999-06-01,2504,403,1901,351,2907,2252,1.29085257548845
"10336","San Diego County",1999-07-01,2481,413,2215,383,2894,2598,1.1139337952271
"10337","San Diego County",1999-08-01,2387,432,2227,370,2819,2597,1.08548324990374
"10338","San Diego County",1999-09-01,2410,445,2147,372,2855,2519,1.13338626439063
"10339","San Diego County",1999-10-01,2392,415,2076,365,2807,2441,1.14993854977468
"10340","San Diego County",1999-11-01,2031,391,2342,394,2422,2736,0.885233918128655
"10341","San Diego County",1999-12-01,2301.5,383,1947,356.5,2684.5,2303.5,1.16540047753419
"10342","San Diego County",2000-01-01,2340,417,1905,337,2757,2242,1.22970561998216
"10343","San Diego County",2000-02-01,2446,451,1951,352,2897,2303,1.25792444637429
"10344","San Diego County",2000-03-01,2380,433,2080,381,2813,2461,1.14303128809427
"10345","San Diego County",2000-04-01,2387,419,2153,395,2806,2548,1.10125588697017
"10346","San Diego County",2000-05-01,2604,427,1902,371,3031,2273,1.33347998240211
"10347","San Diego County",2000-06-01,2348,447,2107,375,2795,2482,1.12610797743755
"10348","San Diego County",2000-07-01,2352,431,2027,353,2783,2380,1.16932773109244
"10349","San Diego County",2000-08-01,2396,424,1965,351,2820,2316,1.21761658031088
"10350","San Diego County",2000-09-01,2472,436,1948,352,2908,2300,1.26434782608696
"10351","San Diego County",2000-10-01,2385,418,2023,364,2803,2387,1.17427733556766
"10352","San Diego County",2000-11-01,2355,390,1956,324,2745,2280,1.20394736842105
"10353","San Diego County",2000-12-01,2321,391,1767,296,2712,2063,1.31459040232671
"10354","San Diego County",2001-01-01,2304,377,1757,289,2681,2046,1.31036168132942
"10355","San Diego County",2001-02-01,2363,390,1825,309,2753,2134,1.29006560449859
"10356","San Diego County",2001-03-01,2282,398,1946,331,2680,2277,1.17698726394379
"10357","San Diego County",2001-04-01,2220,398,1957,363,2618,2320,1.12844827586207
"10358","San Diego County",2001-05-01,2270,413,1912,341,2683,2253,1.19085663559698
"10359","San Diego County",2001-06-01,2265,400,1923,346,2665,2269,1.17452622300573
"10360","San Diego County",2001-07-01,2229,387,1762,317,2616,2079,1.25829725829726
"10361","San Diego County",2001-08-01,2304,427,1757,305,2731,2062,1.32444228903977
"10362","San Diego County",2001-09-01,2366,448,1819,316,2814,2135,1.31803278688525
"10363","San Diego County",2001-10-01,2343,433,1866,319,2776,2185,1.27048054919908
"10364","San Diego County",2001-11-01,2416,426,1869,313,2842,2182,1.30247479376719
"10365","San Diego County",2001-12-01,2306,410,1842,299,2716,2141,1.26856609061186
"10366","San Diego County",2002-01-01,2436,396,1812,295,2832,2107,1.34409112482202
"10367","San Diego County",2002-02-01,2403,386,1767,291,2789,2058,1.35519922254616
"10368","San Diego County",2002-03-01,2393,393,1806,302,2786,2108,1.32163187855787
"10369","San Diego County",2002-04-01,2628,403,1616,295,3031,1911,1.58608058608059
"10370","San Diego County",2002-05-01,2626,395,1627,288,3021,1915,1.57754569190601
"10371","San Diego County",2002-06-01,2567,406,1685,257,2973,1942,1.53089598352214
"10372","San Diego County",2002-07-01,2451,383,1719,277,2834,1996,1.41983967935872
"10373","San Diego County",2002-08-01,2492,390,1736,270,2882,2006,1.43668993020937
"10374","San Diego County",2002-09-01,2566,398,1703,275,2964,1978,1.49848331648129
"10375","San Diego County",2002-10-01,2553,419,1728,290,2972,2018,1.47274529236868
"10376","San Diego County",2002-11-01,2587,422,1708,301,3009,2009,1.49776007964161
"10377","San Diego County",2002-12-01,2526,390,1695,301,2916,1996,1.46092184368737
"10378","San Diego County",2003-01-01,2469,405,1631,285,2874,1916,1.5
"10379","San Diego County",2003-02-01,2541,425,1684,279,2966,1963,1.5109526235354
"10380","San Diego County",2003-03-01,2624,464,1654,291,3088,1945,1.58766066838046
"10381","San Diego County",2003-04-01,2540,461,1726,286,3001,2012,1.49155069582505
"10382","San Diego County",2003-05-01,2571,432,1736,291,3003,2027,1.48149975333004
"10383","San Diego County",2003-06-01,2757,480,1742,285,3237,2027,1.59694129255057
"10384","San Diego County",2003-07-01,2740,439,1796,285,3179,2081,1.52763094666026
"10385","San Diego County",2003-08-01,2768,350,1812,247,3118,2059,1.51432734337057
"10386","San Diego County",2003-09-01,2635,441,1787,291,3076,2078,1.48026948989413
"10387","San Diego County",2003-10-01,2701,448,1738,271,3149,2009,1.56744649079144
"10388","San Diego County",2003-11-01,2716,438,1709,254,3154,1963,1.60672440142639
"10389","San Diego County",2003-12-01,2695,447,1592,244,3142,1836,1.71132897603486
"10390","San Diego County",2004-01-01,2797,502,1613,242,3299,1855,1.77843665768194
"10391","San Diego County",2004-02-01,2951,512,1587,252,3463,1839,1.88308863512779
"10392","San Diego County",2004-03-01,2936,524,1668,280,3460,1948,1.77618069815195
"10393","San Diego County",2004-04-01,2833,507,1815,325,3340,2140,1.5607476635514
"10394","San Diego County",2004-05-01,2805,485,1827,339,3290,2166,1.51892890120037
"10395","San Diego County",2004-06-01,2823,477,1865,348,3300,2213,1.49118843199277
"10396","San Diego County",2004-07-01,2744,479,1867,373,3223,2240,1.43883928571429
"10397","San Diego County",2004-08-01,2765,493,1878,366,3258,2244,1.45187165775401
"10398","San Diego County",2004-09-01,2816,480,1895,363,3296,2258,1.45969884853853
"10399","San Diego County",2004-10-01,2850,487,1683,322,3337,2005,1.6643391521197
"10400","San Diego County",2004-11-01,2924,503,1645,300,3427,1945,1.76195372750643
"10401","San Diego County",2004-12-01,2855,490,1570,324,3345,1894,1.76610348468849
"10402","San Diego County",2005-01-01,2910,484,1599,316,3394,1915,1.77232375979112
"10403","San Diego County",2005-02-01,2985,507,1648,309,3492,1957,1.7843638221768
"10404","San Diego County",2005-03-01,2949,473,1751,314,3422,2065,1.65714285714286
"10405","San Diego County",2005-04-01,2858,439,1788,334,3297,2122,1.55372290292177
"10406","San Diego County",2005-05-01,2864,474,1805,333,3338,2138,1.56127221702526
"10407","San Diego County",2005-06-01,2883,497,1792,325,3380,2117,1.59659896079358
"10408","San Diego County",2005-07-01,2894,487,1791,326,3381,2117,1.59707132735002
"10409","San Diego County",2005-08-01,2917,490,1783,359,3407,2142,1.5905695611578
"10410","San Diego County",2005-09-01,2963,528,1832,376,3491,2208,1.58106884057971
"10411","San Diego County",2005-10-01,2972,492,1817,361,3464,2178,1.59044995408632
"10412","San Diego County",2005-11-01,2988,500,1766,357,3488,2123,1.64295807819124
"10413","San Diego County",2005-12-01,2880,443,1727,353,3323,2080,1.59759615384615
"10414","San Diego County",2006-01-01,2856,472,1710,344,3328,2054,1.62025316455696
"10415","San Diego County",2006-02-01,2862,485,1740,361,3347,2101,1.59305092812946
"10416","San Diego County",2006-03-01,2818,467,1811,375,3285,2186,1.50274473924977
"10417","San Diego County",2006-04-01,2755,475,1752,380,3230,2132,1.51500938086304
"10418","San Diego County",2006-05-01,2737,504,1717,374,3241,2091,1.54997608799617
"10419","San Diego County",2006-06-01,2711,482,1721,378,3193,2099,1.52120057170081
"10420","San Diego County",2006-07-01,2735,471,1641,401,3206,2042,1.57002938295788
"10421","San Diego County",2006-08-01,2785,479,1654,397,3264,2051,1.59141882008776
"10422","San Diego County",2006-09-01,2847,486,1646,390,3333,2036,1.63703339882122
"10423","San Diego County",2006-10-01,2890,495,1673,383,3385,2056,1.64640077821012
"10424","San Diego County",2006-11-01,2988,512,1697,383,3500,2080,1.68269230769231
"10425","San Diego County",2006-12-01,2941,491,1655,380,3432,2035,1.68648648648649
"10426","San Diego County",2007-01-01,2878,470,1616,360,3348,1976,1.69433198380567
"10427","San Diego County",2007-02-01,2876,481,1574,355,3357,1929,1.7402799377916
"10428","San Diego County",2007-03-01,2872,477,1558,346,3349,1904,1.75892857142857
"10429","San Diego County",2007-04-01,2823,467,1568,332,3290,1900,1.73157894736842
"10430","San Diego County",2007-05-01,2825,480,1502,312,3305,1814,1.82194046306505
"10431","San Diego County",2007-06-01,2853,477,1599,311,3330,1910,1.7434554973822
"10432","San Diego County",2007-07-01,2846,497,1683,343,3343,2026,1.65004935834156
"10433","San Diego County",2007-08-01,2828,484,1752,373,3312,2125,1.55858823529412
"10434","San Diego County",2007-09-01,2917,476,1803,387,3393,2190,1.54931506849315
"10435","San Diego County",2007-10-01,2926,469,1803,359,3395,2162,1.57030527289547
"10436","San Diego County",2007-11-01,2879,464,1726,351,3343,2077,1.60953298025999
"10437","San Diego County",2007-12-01,2857,461,1664,359,3318,2023,1.6401384083045
"10438","San Diego County",2008-01-01,2805,470,1650,360,3275,2010,1.62935323383085
"10439","San Diego County",2008-02-01,2870,471,1691,368,3341,2059,1.62263234579893
"10440","San Diego County",2008-03-01,2881,470,1728,397,3351,2125,1.57694117647059
"10441","San Diego County",2008-04-01,2953,468,1709,409,3421,2118,1.6152030217186
"10442","San Diego County",2008-05-01,2848,485,1752,411,3333,2163,1.54091539528433
"10443","San Diego County",2008-06-01,2812,480,1721,398,3292,2119,1.55356300141576
"10444","San Diego County",2008-07-01,2838,489,1713,383,3327,2096,1.58730916030534
"10445","San Diego County",2008-08-01,2882,475,1744,399,3357,2143,1.5664955669622
"10446","San Diego County",2008-09-01,3001,494,1690,402,3495,2092,1.67065009560229
"10447","San Diego County",2008-10-01,2916,474,1703,406,3390,2109,1.60739687055477
"10448","San Diego County",2008-11-01,2849,457,1720,377,3306,2097,1.57653791130186
"10449","San Diego County",2008-12-01,2732,447,1665,370,3179,2035,1.56216216216216
"10450","San Diego County",2009-01-01,2780,438,1577,356,3218,1933,1.66476978789446
"10451","San Diego County",2009-02-01,2918,473,1595,360,3391,1955,1.73452685421995
"10452","San Diego County",2009-03-01,2936,471,1632,360,3407,1992,1.71034136546185
"10453","San Diego County",2009-04-01,2929,422,1679,351,3351,2030,1.65073891625616
"10454","San Diego County",2009-05-01,2946,441,1734,355,3387,2089,1.62134992819531
"10455","San Diego County",2009-06-01,2762,439,1779,331,3201,2110,1.51706161137441
"10456","San Diego County",2009-07-01,2823,448,1686,327,3271,2013,1.62493790362643
"10457","San Diego County",2009-08-01,2746,447,1655,332,3193,1987,1.60694514343231
"10458","San Diego County",2009-09-01,2750,442,1619,343,3192,1962,1.62691131498471
"10459","San Diego County",2009-10-01,2768,423,1559,362,3191,1921,1.66111400312337
"10460","San Diego County",2009-11-01,2779,399,1574,340,3178,1914,1.66039707419018
"10461","San Diego County",2009-12-01,2663,385,1496,322,3048,1818,1.67656765676568
"10462","San Diego County",2010-01-01,2373,389,1777,297,2762,2074,1.33172613307618
"10463","San Diego County",2010-02-01,2722,424,1230,257,3146,1487,2.11566913248151
"10464","San Diego County",2010-03-01,2311,384,1689,322,2695,2011,1.34012928891099
"10465","San Diego County",2010-04-01,2780,411,1339,302,3191,1641,1.94454600853138
"10466","San Diego County",2010-05-01,2724,401,1424,329,3125,1753,1.78265830005705
"10467","San Diego County",2010-06-01,2756,426,1430,334,3182,1764,1.80385487528345
"10468","San Diego County",2010-07-01,2722,401,1469,326,3123,1795,1.73983286908078
"10469","San Diego County",2010-08-01,2706,409,1472,311,3115,1783,1.74705552439708
"10470","San Diego County",2010-09-01,2729,435,1487,321,3164,1808,1.75
"10471","San Diego County",2010-10-01,2731,440,1474,317,3171,1791,1.77051926298157
"10472","San Diego County",2010-11-01,2696,426,1413,312,3122,1725,1.80985507246377
"10473","San Diego County",2010-12-01,2611,395,1371,303,3006,1674,1.79569892473118
"10474","San Diego County",2011-01-01,2672,409,1434,301,3081,1735,1.77579250720461
"10475","San Diego County",2011-02-01,2572,416,1625,296,2988,1921,1.55543987506507
"10476","San Diego County",2011-03-01,2581,396,1671,310,2977,1981,1.50277637556789
"10477","San Diego County",2011-04-01,2508,369,1629,331,2877,1960,1.46785714285714
"10478","San Diego County",2011-05-01,2447,371,1677,319,2818,1996,1.41182364729459
"10479","San Diego County",2011-06-01,2418,354,1666,333,2772,1999,1.38669334667334
"10480","San Diego County",2011-07-01,2470,382,1675,322,2852,1997,1.42814221331998
"10481","San Diego County",2011-08-01,2461,405,1594,327,2866,1921,1.49193128578865
"10482","San Diego County",2011-09-01,2444,407,1646,359,2851,2005,1.42194513715711
"10483","San Diego County",2011-10-01,2426,410,1705,400,2836,2105,1.34726840855107
"10484","San Diego County",2011-11-01,2349,388,1822,398,2737,2220,1.23288288288288
"10485","San Diego County",2011-12-01,2361,384,1874,374,2745,2248,1.22108540925267
"10486","San Diego County",2012-01-01,2469,399,1840,376,2868,2216,1.2942238267148
"10487","San Diego County",2012-02-01,2460,387,1853,389,2847,2242,1.26984834968778
"10488","San Diego County",2012-03-01,2438,378,1996,422,2816,2418,1.1645988420182
"10489","San Diego County",2012-04-01,2444,386,2010,421,2830,2431,1.1641299876594
"10490","San Diego County",2012-05-01,2365,371,2046,444,2736,2490,1.09879518072289
"10491","San Diego County",2012-06-01,2440,407,2033,444,2847,2477,1.14937424303593
"10492","San Diego County",2012-07-01,2521,415,2010,436,2936,2446,1.20032706459526
"10493","San Diego County",2012-08-01,2530,392,1949,437,2922,2386,1.22464375523889
"10494","San Diego County",2012-09-01,2565,417,2045,417,2982,2462,1.21121039805037
"10495","San Diego County",2012-10-01,2536,404,2059,433,2940,2492,1.17977528089888
"10496","San Diego County",2012-11-01,2571,400,2016,418,2971,2434,1.22062448644207
"10497","San Diego County",2012-12-01,2513,392,2010,402,2905,2412,1.20439469320066
"10498","San Diego County",2013-01-01,2545,411,2045,426,2956,2471,1.19627681100769
"10499","San Diego County",2013-02-01,2611,397,2106,458,3008,2564,1.17316692667707
"10500","San Diego County",2013-03-01,2656,410,2111,445,3066,2556,1.19953051643192
"10501","San Diego County",2013-04-01,2655,442,2115,419,3097,2534,1.22217837411208
"10502","San Diego County",2013-05-01,2658,461,2150,443,3119,2593,1.20285383725415
"10503","San Diego County",2013-06-01,2700,460,2193,445,3160,2638,1.19787717968158
"10504","San Diego County",2013-07-01,2723,472,2290,483,3195,2773,1.1521817526145
"10505","San Diego County",2013-08-01,2693,476,2362,468,3169,2830,1.11978798586572
"10506","San Diego County",2013-09-01,2700,488,2404,485,3188,2889,1.10349601938387
"10507","San Diego County",2013-10-01,2717,479,2406,489,3196,2895,1.10397236614853
"10508","San Diego County",2013-11-01,2723,439,2491,488,3162,2979,1.06143001007049
"10509","San Diego County",2013-12-01,2601,419,2528,468,3020,2996,1.00801068090788
"10510","San Diego County",2014-01-01,2588,430,2498,484,3018,2982,1.01207243460765
"10511","San Diego County",2014-02-01,2599,447,2585,503,3046,3088,0.98639896373057
"10512","San Diego County",2014-03-01,2516,436,2531,525,2952,3056,0.965968586387435
"10513","San Diego County",2014-04-01,2519,443,2520,523,2962,3043,0.973381531383503
"10514","San Diego County",2014-05-01,2526,451,2526,518,2977,3044,0.977989487516426
"10515","San Diego County",2014-06-01,2682,478,2424,513,3160,2937,1.07592781750085
"10516","San Diego County",2014-07-01,2634,486,2464,535,3120,2999,1.04034678226075
"10517","San Diego County",2014-08-01,2668,489,2449,536,3157,2985,1.05762144053601
"10518","San Diego County",2014-09-01,2677,481,2459,569,3158,3028,1.04293262879789
"10519","San Diego County",2014-10-01,2630,477,2443,568,3107,3011,1.03188309531717
"10520","San Diego County",2014-11-01,2484,417,2375,541,2901,2916,0.994855967078189
"10521","San Diego County",2014-12-01,2246,353,2284,500,2599,2784,0.933548850574713
"10522","San Diego County",2015-01-01,2146,340,2160,485,2486,2645,0.939886578449906
"10523","San Diego County",2015-02-01,2269,366,2133,440,2635,2573,1.02409638554217
"10524","San Diego County",2015-03-01,2207,368,2077,462,2575,2539,1.01417881055534
"10525","San Diego County",2015-04-01,2258,370,2075,464,2628,2539,1.03505317053958
"10526","San Diego County",2015-05-01,2233,367,2109,472,2600,2581,1.00736148779543
"10527","San Diego County",2015-06-01,2194,369,2241,477,2563,2718,0.942972774098602
"10528","San Diego County",2015-07-01,2285,404,2023,385,2689,2408,1.11669435215947
"10529","San Diego County",2015-08-01,2340,412,1980,391,2752,2371,1.16069169126951
"10530","San Diego County",2015-09-01,2327,423,2056,388,2750,2444,1.12520458265139
"10531","San Diego County",2015-10-01,2347,441,2101,413,2788,2514,1.10898965791567
"10532","San Diego County",2015-11-01,2263,395,2300,539,2658,2839,0.936245156745333
"10533","San Diego County",2015-12-01,2156,369,2271,538,2525,2809,0.898896404414382
"10534","San Diego County",2016-01-01,2206,383,2152,512,2589,2664,0.971846846846847
"10535","San Diego County",2016-02-01,2319,409,2180,488,2728,2668,1.02248875562219
"10536","San Diego County",2016-03-01,2357,404,2224,511,2761,2735,1.00950639853748
"10537","San Diego County",2016-04-01,2351,410,2280,493,2761,2773,0.995672556797692
"10538","San Diego County",2016-05-01,2412,433,2320,503,2845,2823,1.00779312787814
"10539","San Diego County",2016-06-01,2343,426,2420,502,2769,2922,0.947638603696099
"10540","San Diego County",2016-07-01,2383,440,2416,514,2823,2930,0.963481228668942
"10541","San Diego County",2016-08-01,2398,450,2415,520,2848,2935,0.970357751277683
"10542","San Diego County",2016-09-01,2554,460,2439,518,3014,2957,1.01927629354075
"10543","San Diego County",2016-10-01,2501,495,2467,487,2996,2954,1.01421800947867
"10544","San Diego County",2016-11-01,2474,428,2506,519,2902,3025,0.959338842975207
"10545","San Diego County",2016-12-01,2488,428,2427,503,2916,2930,0.995221843003413
"10546","San Diego County",2017-01-01,2559,438,2386,511,2997,2897,1.03451846738005
"10547","San Diego County",2017-02-01,2637,443,2380,506,3080,2886,1.06722106722107
"10548","San Diego County",2017-03-01,2580,426,2458,507,3006,2965,1.01382799325464
"10549","San Diego County",2017-04-01,2557,440,2481,477,2997,2958,1.0131845841785
"10550","San Diego County",2017-05-01,2500,468,2542,522,2968,3064,0.968668407310705
"10551","San Diego County",2017-06-01,2539,461,2541,515,3000,3056,0.981675392670157
"10552","San Diego County",2017-07-01,2624,479,2391,503,3103,2894,1.07221838286109
"10553","San Diego County",2017-08-01,2634,479,2398,497,3113,2895,1.07530224525043
"10554","San Diego County",2017-09-01,2609,492,2379,516,3101,2895,1.07115716753022
"10555","San Diego County",2017-10-01,2531,477,2427,517,3008,2944,1.02173913043478
"10556","San Diego County",2017-11-01,2463,461,2493,499,2924,2992,0.977272727272727
"10557","San Diego County",2017-12-01,2387,420,2419,477,2807,2896,0.969267955801105
"10558","San Diego County",2018-01-01,2395,430,2433,482,2825,2915,0.969125214408233
"10559","San Diego County",2018-02-01,2457,436,2518,509,2893,3027,0.955731747604889
"10560","San Diego County",2018-03-01,2433,437,2577,484,2870,3061,0.937602090819993
"10561","San Diego County",2018-04-01,2376,430,2551,471,2806,3022,0.928524156187955
"10562","San Diego County",2018-05-01,2277,429,2552,456,2706,3008,0.899601063829787
"10563","San Diego County",2018-06-01,2342,459,2471,455,2801,2926,0.95727956254272
"10564","San Diego County",2018-07-01,2402,478,2341,456,2880,2797,1.02967465141223
"10565","San Diego County",2018-08-01,2493,465,2363,485,2958,2848,1.03862359550562
"10566","San Diego County",2018-09-01,2477,483,2427,485,2960,2912,1.01648351648352
"10567","San Diego County",2018-10-01,2504,493,2420,480,2997,2900,1.03344827586207
"10568","San Diego County",2018-11-01,2531,483,2459,463,3014,2922,1.03148528405202
"10569","San Diego County",2018-12-01,2472,451,2396,464,2923,2860,1.02202797202797
"10570","San Diego County",2019-01-01,2553,436,2314,475,2989,2789,1.07171029042668
"10571","San Diego County",2019-02-01,2555,471,2408,476,3026,2884,1.04923717059639
"10572","San Diego County",2019-03-01,2553,474,2475,509,3027,2984,1.01441018766756
"10573","San Diego County",2019-04-01,2610,480,2471,506,3090,2977,1.03795767551226
"10574","San Diego County",2019-05-01,2598,464,2545,516,3062,3061,1.00032669062398
"10575","San Diego County",2019-06-01,2628,472,2431,497,3100,2928,1.05874316939891
"10576","San Diego County",2019-07-01,2655,452,2384,498,3107,2882,1.07807078417765
"10577","San Diego County",2019-08-01,2641,466,2452,505,3107,2957,1.05072708826513
"10578","San Diego County",2019-09-01,2607,479,2446,504,3086,2950,1.04610169491525
"10579","San Diego County",2019-10-01,2579,446,2430,516,3025,2946,1.02681602172437
"10580","San Diego County",2019-11-01,2512,410,2337,510,2922,2847,1.0263435194942
"10581","San Diego County",2019-12-01,2466,398,2251,464,2864,2715,1.0548802946593
"10582","San Diego County",2020-01-01,2504,403,2297,453,2907,2750,1.05709090909091
"10583","San Diego County",2020-02-01,2555,441,2314,475,2996,2789,1.07422015059161
"10584","San Diego County",2020-03-01,2496,427,2097,456,2923,2553,1.14492753623188
"10585","San Francisco County",1995-10-01,1285,168,353,62,1453,415,3.50120481927711
"10586","San Francisco County",1995-11-01,1323,159,367,51,1482,418,3.54545454545455
"10587","San Francisco County",1995-12-01,1403,166,300,40,1569,340,4.61470588235294
"10588","San Francisco County",1996-01-01,1345,182,361,69,1527,430,3.55116279069767
"10589","San Francisco County",1996-02-01,1313,195,379,77,1508,456,3.30701754385965
"10590","San Francisco County",1996-03-01,1250,196,380,80,1446,460,3.14347826086957
"10591","San Francisco County",1996-04-01,1268,199,382,81,1467,463,3.16846652267819
"10592","San Francisco County",1996-05-01,1285,200,385,81,1485,466,3.18669527896996
"10593","San Francisco County",1996-06-01,1269,196,377,76,1465,453,3.23399558498896
"10594","San Francisco County",1996-07-01,511,73,1101,264,584,1365,0.427838827838828
"10595","San Francisco County",1996-08-01,570,67,1118,152,637,1270,0.501574803149606
"10596","San Francisco County",1996-09-01,719,94,1039,144,813,1183,0.687235841081995
"10597","San Francisco County",1996-10-01,641,78,1134,154,719,1288,0.558229813664596
"10598","San Francisco County",1996-11-01,712,80,1061,142,792,1203,0.658354114713217
"10599","San Francisco County",1996-12-01,705,80,1050,146,785,1196,0.656354515050167
"10600","San Francisco County",1997-01-01,1352,136,442,85,1488,527,2.82352941176471
"10601","San Francisco County",1997-02-01,1353,136,441,85,1489,526,2.83079847908745
"10602","San Francisco County",1997-03-01,1329,126,453,79,1455,532,2.73496240601504
"10603","San Francisco County",1997-04-01,1098,127,444,70,1225,514,2.38326848249027
"10604","San Francisco County",1997-05-01,1042,122,517,92,1164,609,1.91133004926108
"10605","San Francisco County",1997-06-01,1062,136,473,69,1198,542,2.21033210332103
"10606","San Francisco County",1997-07-01,1060,127,472,83,1187,555,2.13873873873874
"10607","San Francisco County",1997-08-01,1063,129,415,76,1192,491,2.42769857433809
"10608","San Francisco County",1997-09-01,1103,147,388,79,1250,467,2.67665952890792
"10609","San Francisco County",1997-10-01,1151,129,418,94,1280,512,2.5
"10610","San Francisco County",1997-11-01,937,458,292,164,1395,456,3.05921052631579
"10611","San Francisco County",1997-12-01,1199,277,289,62,1476,351,4.20512820512821
"10612","San Francisco County",1998-01-01,1238,140,471,75,1378,546,2.52380952380952
"10613","San Francisco County",1998-02-01,1185,134,469,84,1319,553,2.38517179023508
"10614","San Francisco County",1998-03-01,1139,143,459,86,1282,545,2.35229357798165
"10615","San Francisco County",1998-04-01,1222,139,532,88,1361,620,2.19516129032258
"10616","San Francisco County",1998-05-01,1210,136,564,97,1346,661,2.03630862329803
"10617","San Francisco County",1998-06-01,1255,145,498,87,1400,585,2.39316239316239
"10618","San Francisco County",1998-07-01,1292,159,488,76,1451,564,2.57269503546099
"10619","San Francisco County",1998-08-01,1357,159,560,86,1516,646,2.34674922600619
"10620","San Francisco County",1998-09-01,1330,169,487,79,1499,566,2.64840989399293
"10621","San Francisco County",1998-10-01,1387,175,516,83,1562,599,2.60767946577629
"10622","San Francisco County",1998-11-01,1398,170,504,84,1568,588,2.66666666666667
"10623","San Francisco County",1998-12-01,1325,151,471,91,1476,562,2.62633451957295
"10624","San Francisco County",1999-01-01,1339,139,480,88,1478,568,2.60211267605634
"10625","San Francisco County",1999-02-01,1387,120,486,80,1507,566,2.66254416961131
"10626","San Francisco County",1999-03-01,1359,141,503,89,1500,592,2.53378378378378
"10627","San Francisco County",1999-04-01,1384,148,486,91,1532,577,2.65511265164645
"10628","San Francisco County",1999-05-01,1423,157,467,88,1580,555,2.84684684684685
"10629","San Francisco County",1999-06-01,1426,184,481,82,1610,563,2.85968028419183
"10630","San Francisco County",1999-07-01,1398,179,488,78,1577,566,2.78621908127208
"10631","San Francisco County",1999-08-01,1371,174,482,70,1545,552,2.79891304347826
"10632","San Francisco County",1999-09-01,1413,161,472,82,1574,554,2.84115523465704
"10633","San Francisco County",1999-10-01,1398,185,473,78,1583,551,2.87295825771325
"10634","San Francisco County",1999-11-01,1450,173,447,78,1623,525,3.09142857142857
"10635","San Francisco County",1999-12-01,1381,165,423,75,1546,498,3.10441767068273
"10636","San Francisco County",2000-01-01,1390,259,453,75,1649,528,3.12310606060606
"10637","San Francisco County",2000-02-01,1776,265,106,13,2041,119,17.1512605042017
"10638","San Francisco County",2000-03-01,1657,243,136,17,1900,153,12.4183006535948
"10639","San Francisco County",2000-04-01,1555,227,147,24,1782,171,10.4210526315789
"10640","San Francisco County",2000-05-01,1509,226,137,28,1735,165,10.5151515151515
"10641","San Francisco County",2000-06-01,1471,187,158,28,1658,186,8.91397849462366
"10642","San Francisco County",2000-07-01,1378,178,175,24,1556,199,7.81909547738693
"10643","San Francisco County",2000-08-01,1316,183,187,27,1499,214,7.00467289719626
"10644","San Francisco County",2000-09-01,1336,188,213,29,1524,242,6.29752066115702
"10645","San Francisco County",2000-10-01,1326,181,209,40,1507,249,6.05220883534137
"10646","San Francisco County",2000-11-01,1310,193,224,34,1503,258,5.82558139534884
"10647","San Francisco County",2000-12-01,1289,177,223,31,1466,254,5.77165354330709
"10648","San Francisco County",2001-01-01,1286,201,227,27,1487,254,5.85433070866142
"10649","San Francisco County",2001-02-01,1495,221,92,12,1716,104,16.5
"10650","San Francisco County",2001-03-01,1513,223,126,20,1736,146,11.8904109589041
"10651","San Francisco County",2001-04-01,1541,226,146,22,1767,168,10.5178571428571
"10652","San Francisco County",2001-05-01,1378,209,126,27,1587,153,10.3725490196078
"10653","San Francisco County",2001-06-01,1358,174,149,24,1532,173,8.85549132947977
"10654","San Francisco County",2001-07-01,1402,182,178,24,1584,202,7.84158415841584
"10655","San Francisco County",2001-08-01,1391,196,202,24,1587,226,7.02212389380531
"10656","San Francisco County",2001-09-01,1336,188,214,28,1524,242,6.29752066115702
"10657","San Francisco County",2001-10-01,1446,198,229,39,1644,268,6.13432835820895
"10658","San Francisco County",2001-11-01,1415,209,242,37,1624,279,5.82078853046595
"10659","San Francisco County",2001-12-01,1425,196,248,31,1621,279,5.81003584229391
"10660","San Francisco County",2002-01-01,1660,240,123,7,1900,130,14.6153846153846
"10661","San Francisco County",2002-02-01,1451,197,322,62,1648,384,4.29166666666667
"10662","San Francisco County",2002-03-01,1457,190,328,70,1647,398,4.13819095477387
"10663","San Francisco County",2002-04-01,1492,207,339,68,1699,407,4.17444717444717
"10664","San Francisco County",2002-05-01,1489,222,319,67,1711,386,4.43264248704663
"10665","San Francisco County",2002-06-01,1475,197,354,66,1672,420,3.98095238095238
"10666","San Francisco County",2002-07-01,1475,194,355,66,1669,421,3.96437054631829
"10667","San Francisco County",2002-08-01,1489,177,350,66,1666,416,4.00480769230769
"10668","San Francisco County",2002-09-01,1641,229,259,34,1870,293,6.38225255972696
"10669","San Francisco County",2002-10-01,1667,222,270,34,1889,304,6.21381578947368
"10670","San Francisco County",2002-11-01,1579,181,383,72,1760,455,3.86813186813187
"10671","San Francisco County",2002-12-01,1581,181,361,67,1762,428,4.11682242990654
"10672","San Francisco County",2003-01-01,1535,182,375,72,1717,447,3.84116331096197
"10673","San Francisco County",2003-02-01,1489,180,400,86,1669,486,3.43415637860082
"10674","San Francisco County",2003-03-01,1403,166,395,78,1569,473,3.31712473572939
"10675","San Francisco County",2003-04-01,1333,152,367,66,1485,433,3.42956120092379
"10676","San Francisco County",2003-05-01,1303,153,391,63,1456,454,3.20704845814978
"10677","San Francisco County",2003-06-01,1298,154,396,65,1452,461,3.14967462039046
"10678","San Francisco County",2003-07-01,1304,135,395,65,1439,460,3.12826086956522
"10679","San Francisco County",2003-08-01,1300,150,362,56,1450,418,3.4688995215311
"10680","San Francisco County",2003-09-01,1370,157,338,56,1527,394,3.8756345177665
"10681","San Francisco County",2003-10-01,1366,151,341,57,1517,398,3.81155778894472
"10682","San Francisco County",2003-11-01,1299,140,352,69,1439,421,3.41805225653207
"10683","San Francisco County",2003-12-01,1249,141,343,51,1390,394,3.52791878172589
"10684","San Francisco County",2004-01-01,1276,139,318,55,1415,373,3.79356568364611
"10685","San Francisco County",2004-02-01,1295,145,309,56,1440,365,3.94520547945205
"10686","San Francisco County",2004-03-01,1287,155,318,60,1442,378,3.81481481481481
"10687","San Francisco County",2004-04-01,1243,181,315,64,1424,379,3.75725593667546
"10688","San Francisco County",2004-05-01,1212,152,328,61,1364,389,3.50642673521851
"10689","San Francisco County",2004-06-01,1162,127,344,56,1289,400,3.2225
"10690","San Francisco County",2004-07-01,1151,144,334,51,1295,385,3.36363636363636
"10691","San Francisco County",2004-08-01,1198,146,331,51,1344,382,3.51832460732984
"10692","San Francisco County",2004-09-01,1215,172,321,57,1387,378,3.66931216931217
"10693","San Francisco County",2004-10-01,1218,141,361,57,1359,418,3.2511961722488
"10694","San Francisco County",2004-11-01,1258,159,328,64,1417,392,3.61479591836735
"10695","San Francisco County",2004-12-01,1238,148,337,64,1386,401,3.45635910224439
"10696","San Francisco County",2005-01-01,1230,150,328,64,1380,392,3.52040816326531
"10697","San Francisco County",2005-02-01,1243,151,330,54,1394,384,3.63020833333333
"10698","San Francisco County",2005-03-01,1246,167,341,57,1413,398,3.55025125628141
"10699","San Francisco County",2005-04-01,1234,162,361,61,1396,422,3.30805687203791
"10700","San Francisco County",2005-05-01,1269,147,353,74,1416,427,3.31615925058548
"10701","San Francisco County",2005-06-01,1231,153,340,51,1384,391,3.53964194373402
"10702","San Francisco County",2005-07-01,1198,143,333,55,1341,388,3.45618556701031
"10703","San Francisco County",2005-08-01,1196,155,342,53,1351,395,3.42025316455696
"10704","San Francisco County",2005-09-01,1206,164,330,40,1370,370,3.7027027027027
"10705","San Francisco County",2005-10-01,1250,164,313,39,1414,352,4.01704545454545
"10706","San Francisco County",2005-11-01,1290,154,322,52,1444,374,3.86096256684492
"10707","San Francisco County",2005-12-01,1271,140,323,47,1411,370,3.81351351351351
"10708","San Francisco County",2006-01-01,1262,147,331,45,1409,376,3.74734042553191
"10709","San Francisco County",2006-02-01,1334,156,325,47,1490,372,4.00537634408602
"10710","San Francisco County",2006-03-01,1311,164,306,45,1475,351,4.2022792022792
"10711","San Francisco County",2006-04-01,1264,152,300,49,1416,349,4.05730659025788
"10712","San Francisco County",2006-05-01,1265,169,320,60,1434,380,3.77368421052632
"10713","San Francisco County",2006-06-01,1295,170,360,56,1465,416,3.52163461538462
"10714","San Francisco County",2006-07-01,1318,162,358,51,1480,409,3.61858190709046
"10715","San Francisco County",2006-08-01,1319,159,376,54,1478,430,3.43720930232558
"10716","San Francisco County",2006-09-01,1295,164,402,59,1459,461,3.1648590021692
"10717","San Francisco County",2006-10-01,1308,156,407,61,1464,468,3.12820512820513
"10718","San Francisco County",2006-11-01,1349,173,387,66,1522,453,3.3598233995585
"10719","San Francisco County",2006-12-01,1320,163,373,55,1483,428,3.46495327102804
"10720","San Francisco County",2007-01-01,1333,176,379,56,1509,435,3.46896551724138
"10721","San Francisco County",2007-02-01,1321,194,385,56,1515,441,3.43537414965986
"10722","San Francisco County",2007-03-01,1286,184,375,52,1470,427,3.44262295081967
"10723","San Francisco County",2007-04-01,1297,178,371,53,1475,424,3.47877358490566
"10724","San Francisco County",2007-05-01,1340,176,396,24,1516,420,3.60952380952381
"10725","San Francisco County",2007-06-01,1298,23,546,53,1321,599,2.20534223706177
"10726","San Francisco County",2007-07-01,1286,196,408,20,1482,428,3.46261682242991
"10727","San Francisco County",2007-08-01,1365,204,362,57,1569,419,3.74463007159905
"10728","San Francisco County",2007-09-01,1432,192,354,54,1624,408,3.98039215686275
"10729","San Francisco County",2007-10-01,1418,180,358,60,1598,418,3.82296650717703
"10730","San Francisco County",2007-11-01,1437,193,345,60,1630,405,4.02469135802469
"10731","San Francisco County",2007-12-01,1426,192,352,55,1618,407,3.97542997542998
"10732","San Francisco County",2008-01-01,1456,203,366,60,1659,426,3.8943661971831
"10733","San Francisco County",2008-02-01,1477,209,345,58,1686,403,4.18362282878412
"10734","San Francisco County",2008-03-01,1506,213,366,62,1719,428,4.01635514018692
"10735","San Francisco County",2008-04-01,1440,200,386,64,1640,450,3.64444444444444
"10736","San Francisco County",2008-05-01,1409,199,382,68,1608,450,3.57333333333333
"10737","San Francisco County",2008-06-01,1343,173,371,77,1516,448,3.38392857142857
"10738","San Francisco County",2008-07-01,1327,181,329,72,1508,401,3.76059850374065
"10739","San Francisco County",2008-08-01,1335,164,338,71,1499,409,3.66503667481663
"10740","San Francisco County",2008-09-01,1401,175,316,72,1576,388,4.06185567010309
"10741","San Francisco County",2008-10-01,1449,184,308,69,1633,377,4.3315649867374
"10742","San Francisco County",2008-11-01,1435,182,320,69,1617,389,4.15681233933162
"10743","San Francisco County",2008-12-01,1414,162,308,69,1576,377,4.18037135278515
"10744","San Francisco County",2009-01-01,1379,156,313,70,1535,383,4.00783289817232
"10745","San Francisco County",2009-02-01,1376,156,318,64,1532,382,4.01047120418848
"10746","San Francisco County",2009-03-01,1380,160,317,60,1540,377,4.08488063660477
"10747","San Francisco County",2009-04-01,1385,165,299,66,1550,365,4.24657534246575
"10748","San Francisco County",2009-05-01,1336,162,292,66,1498,358,4.18435754189944
"10749","San Francisco County",2009-06-01,1313,169,288,57,1482,345,4.29565217391304
"10750","San Francisco County",2009-07-01,1330,162,294,57,1492,351,4.25071225071225
"10751","San Francisco County",2009-08-01,1402,175,303,50,1577,353,4.46742209631728
"10752","San Francisco County",2009-09-01,1528,213,302,56,1741,358,4.86312849162011
"10753","San Francisco County",2009-10-01,1441,205,296,65,1646,361,4.5595567867036
"10754","San Francisco County",2009-11-01,1493,205,282,62,1698,344,4.93604651162791
"10755","San Francisco County",2009-12-01,1430,198,280,62,1628,342,4.76023391812866
"10756","San Francisco County",2010-01-01,1446,193,299,58,1639,357,4.59103641456583
"10757","San Francisco County",2010-02-01,1425,184,297,55,1609,352,4.57102272727273
"10758","San Francisco County",2010-03-01,1395,159,324,60,1554,384,4.046875
"10759","San Francisco County",2010-04-01,1248,147,256,44,1395,300,4.65
"10760","San Francisco County",2010-05-01,1148,158,236,47,1306,283,4.61484098939929
"10761","San Francisco County",2010-06-01,1182,156,247,46,1338,293,4.56655290102389
"10762","San Francisco County",2010-07-01,1204,156,252,46,1360,298,4.56375838926174
"10763","San Francisco County",2010-08-01,1227,151,261,43,1378,304,4.53289473684211
"10764","San Francisco County",2010-09-01,1291,150,252,39,1441,291,4.95189003436426
"10765","San Francisco County",2010-10-01,1298,154,253,49,1452,302,4.80794701986755
"10766","San Francisco County",2010-11-01,1300,140,239,43,1440,282,5.1063829787234
"10767","San Francisco County",2010-12-01,1269,139,246,44,1408,290,4.8551724137931
"10768","San Francisco County",2011-01-01,1251,155,257,47,1406,304,4.625
"10769","San Francisco County",2011-02-01,1315,139,267,41,1454,308,4.72077922077922
"10770","San Francisco County",2011-03-01,1277,123,274,46,1400,320,4.375
"10771","San Francisco County",2011-04-01,1234,119,250,35,1353,285,4.74736842105263
"10772","San Francisco County",2011-05-01,1155,116,236,34,1271,270,4.70740740740741
"10773","San Francisco County",2011-06-01,1137,108,230,32,1245,262,4.75190839694656
"10774","San Francisco County",2011-07-01,1083,132,222,12,1215,234,5.19230769230769
"10775","San Francisco County",2011-08-01,1047,111,223,32,1158,255,4.54117647058824
"10776","San Francisco County",2011-09-01,1038,118,221,34,1156,255,4.53333333333333
"10777","San Francisco County",2011-10-01,1081,110,218,33,1191,251,4.74501992031873
"10778","San Francisco County",2011-11-01,1140,96,232,29,1236,261,4.73563218390805
"10779","San Francisco County",2011-12-01,1164,101,196,31,1265,227,5.5726872246696
"10780","San Francisco County",2012-01-01,1188,118,201,36,1306,237,5.51054852320675
"10781","San Francisco County",2012-02-01,1203,170,211,40,1373,251,5.47011952191235
"10782","San Francisco County",2012-03-01,1165,115,251,43,1280,294,4.35374149659864
"10783","San Francisco County",2012-04-01,1190,118,200,35,1308,235,5.56595744680851
"10784","San Francisco County",2012-05-01,1180,118,200,35,1298,235,5.52340425531915
"10785","San Francisco County",2012-06-01,1126,110,230,32,1236,262,4.7175572519084
"10786","San Francisco County",2012-07-01,1125,133,233,9,1258,242,5.19834710743802
"10787","San Francisco County",2012-08-01,1125,111,239,19,1236,258,4.7906976744186
"10788","San Francisco County",2012-09-01,1106,104,263,41,1210,304,3.98026315789474
"10789","San Francisco County",2012-10-01,1141,105,229,32,1246,261,4.77394636015326
"10790","San Francisco County",2012-11-01,1153,103,236,31,1256,267,4.70411985018727
"10791","San Francisco County",2012-12-01,1172,93,200,29,1265,229,5.52401746724891
"10792","San Francisco County",2013-01-01,1164,103,198,31,1267,229,5.53275109170306
"10793","San Francisco County",2013-02-01,1121,106,230,32,1227,262,4.68320610687023
"10794","San Francisco County",2013-03-01,1110,103,239,38,1213,277,4.37906137184116
"10795","San Francisco County",2013-04-01,1162,113,192,33,1275,225,5.66666666666667
"10796","San Francisco County",2013-05-01,1120,123,247,27,1243,274,4.53649635036496
"10797","San Francisco County",2013-06-01,1071,110,257,27,1181,284,4.15845070422535
"10798","San Francisco County",2013-07-01,1063,133,212,9,1196,221,5.41176470588235
"10799","San Francisco County",2013-08-01,1001,113,209,19,1114,228,4.8859649122807
"10800","San Francisco County",2013-09-01,923,91,236,36,1014,272,3.72794117647059
"10801","San Francisco County",2013-10-01,969,99,192,30,1068,222,4.81081081081081
"10802","San Francisco County",2013-11-01,956,104,168,18,1060,186,5.6989247311828
"10803","San Francisco County",2013-12-01,932,94,165,16,1026,181,5.66850828729282
"10804","San Francisco County",2014-01-01,964,109,168,19,1073,187,5.7379679144385
"10805","San Francisco County",2014-02-01,991,106,174,19,1097,193,5.6839378238342
"10806","San Francisco County",2014-03-01,986,108,173,19,1094,192,5.69791666666667
"10807","San Francisco County",2014-04-01,964,105,170,19,1069,189,5.65608465608466
"10808","San Francisco County",2014-05-01,957,100,169,18,1057,187,5.6524064171123
"10809","San Francisco County",2014-06-01,961,101,170,18,1062,188,5.64893617021277
"10810","San Francisco County",2014-07-01,980,99,174,17,1079,191,5.64921465968586
"10811","San Francisco County",2014-08-01,974,100,172,18,1074,190,5.65263157894737
"10812","San Francisco County",2014-09-01,995,102,175,18,1097,193,5.6839378238342
"10813","San Francisco County",2014-10-01,977,105,173,19,1082,192,5.63541666666667
"10814","San Francisco County",2014-11-01,954,105,169,19,1059,188,5.63297872340426
"10815","San Francisco County",2014-12-01,865,92,152,16,957,168,5.69642857142857
"10816","San Francisco County",2015-01-01,861,89,151,16,950,167,5.68862275449102
"10817","San Francisco County",2015-02-01,893,88,158,15,981,173,5.67052023121387
"10818","San Francisco County",2015-03-01,884,90,156,16,974,172,5.66279069767442
"10819","San Francisco County",2015-04-01,891,83,157,15,974,172,5.66279069767442
"10820","San Francisco County",2015-05-01,899,86,159,15,985,174,5.66091954022988
"10821","San Francisco County",2015-06-01,920,88,163,16,1008,179,5.63128491620112
"10822","San Francisco County",2015-07-01,940,92,165,16,1032,181,5.70165745856354
"10823","San Francisco County",2015-08-01,939,94,167,17,1033,184,5.61413043478261
"10824","San Francisco County",2015-09-01,953,89,168,16,1042,184,5.66304347826087
"10825","San Francisco County",2015-10-01,955,97,168,17,1052,185,5.68648648648649
"10826","San Francisco County",2015-11-01,970,96,170,16,1066,186,5.73118279569892
"10827","San Francisco County",2015-12-01,933,97,165,17,1030,182,5.65934065934066
"10828","San Francisco County",2016-01-01,945,105,167,19,1050,186,5.64516129032258
"10829","San Francisco County",2016-02-01,975,111,171,20,1086,191,5.68586387434555
"10830","San Francisco County",2016-03-01,966,104,171,18,1070,189,5.66137566137566
"10831","San Francisco County",2016-04-01,950,100,168,18,1050,186,5.64516129032258
"10832","San Francisco County",2016-05-01,954,105,168,19,1059,187,5.66310160427807
"10833","San Francisco County",2016-06-01,975,105,172,18,1080,190,5.68421052631579
"10834","San Francisco County",2016-07-01,1010,110,177,19,1120,196,5.71428571428571
"10835","San Francisco County",2016-08-01,1014,114,179,20,1128,199,5.66834170854271
"10836","San Francisco County",2016-09-01,998,114,176,20,1112,196,5.6734693877551
"10837","San Francisco County",2016-10-01,1014,110,179,19,1124,198,5.67676767676768
"10838","San Francisco County",2016-11-01,1032,108,182,19,1140,201,5.67164179104478
"10839","San Francisco County",2016-12-01,998,115,177,20,1113,197,5.6497461928934
"10840","San Francisco County",2017-01-01,996,103,175,18,1099,193,5.69430051813471
"10841","San Francisco County",2017-02-01,978,90,172,16,1068,188,5.68085106382979
"10842","San Francisco County",2017-03-01,956,87,169,15,1043,184,5.66847826086957
"10843","San Francisco County",2017-04-01,978,94,173,17,1072,190,5.64210526315789
"10844","San Francisco County",2017-05-01,951,93,168,16,1044,184,5.67391304347826
"10845","San Francisco County",2017-06-01,944,91,168,16,1035,184,5.625
"10846","San Francisco County",2017-07-01,944,87,166,15,1031,181,5.69613259668508
"10847","San Francisco County",2017-08-01,983,87,174,15,1070,189,5.66137566137566
"10848","San Francisco County",2017-09-01,985,94,174,17,1079,191,5.64921465968586
"10849","San Francisco County",2017-10-01,994,89,176,16,1083,192,5.640625
"10850","San Francisco County",2017-11-01,990,91,175,16,1081,191,5.65968586387435
"10851","San Francisco County",2017-12-01,990,90,175,16,1080,191,5.6544502617801
"10852","San Francisco County",2018-01-01,972,94,172,17,1066,189,5.64021164021164
"10853","San Francisco County",2018-02-01,989,95,175,17,1084,192,5.64583333333333
"10854","San Francisco County",2018-03-01,939,87,166,15,1026,181,5.66850828729282
"10855","San Francisco County",2018-04-01,944,95,167,17,1039,184,5.64673913043478
"10856","San Francisco County",2018-05-01,953,101,168,18,1054,186,5.66666666666667
"10857","San Francisco County",2018-06-01,957,98,169,17,1055,186,5.67204301075269
"10858","San Francisco County",2018-07-01,991,98,175,17,1089,192,5.671875
"10859","San Francisco County",2018-08-01,1013,108,179,19,1121,198,5.66161616161616
"10860","San Francisco County",2018-09-01,978,122,173,22,1100,195,5.64102564102564
"10861","San Francisco County",2018-10-01,984,132,174,23,1116,197,5.66497461928934
"10862","San Francisco County",2018-11-01,1004,130,177,23,1134,200,5.67
"10863","San Francisco County",2018-12-01,1037,131,183,23,1168,206,5.66990291262136
"10864","San Francisco County",2019-01-01,1047,122,185,22,1169,207,5.64734299516908
"10865","San Francisco County",2019-02-01,1006,119,177,21,1125,198,5.68181818181818
"10866","San Francisco County",2019-03-01,966,103,170,18,1069,188,5.68617021276596
"10867","San Francisco County",2019-04-01,992,107,176,19,1099,195,5.63589743589744
"10868","San Francisco County",2019-05-01,987,112,228,20,1099,248,4.43145161290323
"10869","San Francisco County",2019-06-01,980,112,173,20,1092,193,5.6580310880829
"10870","San Francisco County",2019-07-01,961,109,169,19,1070,188,5.69148936170213
"10871","San Francisco County",2019-08-01,935,105,164,18,1040,182,5.71428571428571
"10872","San Francisco County",2019-09-01,953,111,168,20,1064,188,5.65957446808511
"10873","San Francisco County",2019-10-01,953,111,168,20,1064,188,5.65957446808511
"10874","San Francisco County",2019-11-01,945,100,167,18,1045,185,5.64864864864865
"10875","San Francisco County",2019-12-01,909,96,160,17,1005,177,5.67796610169492
"10876","San Francisco County",2020-01-01,901,88,159,15,989,174,5.68390804597701
"10877","San Francisco County",2020-02-01,870,80,154,14,950,168,5.65476190476191
"10878","San Francisco County",2020-03-01,774,70,136,12,844,148,5.7027027027027
"10879","San Joaquin County",1995-10-01,514,73,520,59,587,579,1.01381692573402
"10880","San Joaquin County",1995-11-01,516,72,508,57,588,565,1.04070796460177
"10881","San Joaquin County",1995-12-01,521,74,473,52,595,525,1.13333333333333
"10882","San Joaquin County",1996-01-01,516,73,485,54,589,539,1.09276437847866
"10883","San Joaquin County",1996-02-01,528,73,490,68,601,558,1.07706093189964
"10884","San Joaquin County",1996-03-01,523,66,504,97,589,601,0.980033277870216
"10885","San Joaquin County",1996-04-01,499,66,521,101,565,622,0.908360128617363
"10886","San Joaquin County",1996-05-01,486,70,522,105,556,627,0.886762360446571
"10887","San Joaquin County",1996-06-01,507,75,510,102,582,612,0.950980392156863
"10888","San Joaquin County",1996-07-01,506,78,504,110,584,614,0.95114006514658
"10889","San Joaquin County",1996-08-01,520,69,491,100,589,591,0.996615905245347
"10890","San Joaquin County",1996-09-01,519,66,483,104,585,587,0.996592844974446
"10891","San Joaquin County",1996-10-01,494,73,499,106,567,605,0.937190082644628
"10892","San Joaquin County",1996-11-01,477,71,471,104,548,575,0.95304347826087
"10893","San Joaquin County",1996-12-01,463,76,478,103,539,581,0.927710843373494
"10894","San Joaquin County",1997-01-01,490,70,472,104,560,576,0.972222222222222
"10895","San Joaquin County",1997-02-01,499,75,491,105,574,596,0.963087248322148
"10896","San Joaquin County",1997-03-01,503,87,506,102,590,608,0.970394736842105
"10897","San Joaquin County",1997-04-01,475,89,508,99,564,607,0.929159802306425
"10898","San Joaquin County",1997-05-01,476,92,494,100,568,594,0.956228956228956
"10899","San Joaquin County",1997-06-01,501,88,494,94,589,588,1.00170068027211
"10900","San Joaquin County",1997-07-01,490,91,518,98,581,616,0.943181818181818
"10901","San Joaquin County",1997-08-01,489,87,510,107,576,617,0.93354943273906
"10902","San Joaquin County",1997-09-01,534,103,513,93,637,606,1.05115511551155
"10903","San Joaquin County",1997-10-01,548,96,530,98,644,628,1.02547770700637
"10904","San Joaquin County",1997-11-01,535,78,521,101,613,622,0.985530546623794
"10905","San Joaquin County",1997-12-01,497,71,501,107,568,608,0.934210526315789
"10906","San Joaquin County",1998-01-01,504,70,477,110,574,587,0.977853492333901
"10907","San Joaquin County",1998-02-01,502,67,504,107,569,611,0.93126022913257
"10908","San Joaquin County",1998-03-01,484,76,501,104,560,605,0.925619834710744
"10909","San Joaquin County",1998-04-01,510,77,511,96,587,607,0.967051070840198
"10910","San Joaquin County",1998-05-01,522,76,498,108,598,606,0.986798679867987
"10911","San Joaquin County",1998-06-01,512,77,538,114,589,652,0.903374233128834
"10912","San Joaquin County",1998-07-01,518,80,553,109,598,662,0.903323262839879
"10913","San Joaquin County",1998-08-01,474,72,545,128,546,673,0.811292719167905
"10914","San Joaquin County",1998-09-01,463,65,559,116,528,675,0.782222222222222
"10915","San Joaquin County",1998-10-01,447,70,582,121,517,703,0.735419630156472
"10916","San Joaquin County",1998-11-01,467,64,573,114,531,687,0.77292576419214
"10917","San Joaquin County",1998-12-01,453,66,555,109,519,664,0.781626506024096
"10918","San Joaquin County",1999-01-01,462,78,566,113,540,679,0.795287187039764
"10919","San Joaquin County",1999-02-01,450,78,591,113,528,704,0.75
"10920","San Joaquin County",1999-03-01,438,78,568,121,516,689,0.748911465892598
"10921","San Joaquin County",1999-04-01,442,77,544,127,519,671,0.773472429210134
"10922","San Joaquin County",1999-05-01,428,85,546,123,513,669,0.766816143497758
"10923","San Joaquin County",1999-06-01,460,80,542,113,540,655,0.824427480916031
"10924","San Joaquin County",1999-07-01,450,68,544,113,518,657,0.788432267884323
"10925","San Joaquin County",1999-08-01,454,75,529,111,529,640,0.8265625
"10926","San Joaquin County",1999-09-01,480,83,560,108,563,668,0.842814371257485
"10927","San Joaquin County",1999-10-01,451,75,597,112,526,709,0.741889985895628
"10928","San Joaquin County",1999-11-01,471,79,605,118,550,723,0.760719225449516
"10929","San Joaquin County",1999-12-01,431,65,564,118,496,682,0.727272727272727
"10930","San Joaquin County",2000-01-01,429,59,537,125,488,662,0.737160120845921
"10931","San Joaquin County",2000-02-01,471,67,584,123,538,707,0.760961810466761
"10932","San Joaquin County",2000-03-01,483,62,576,115,545,691,0.788712011577424
"10933","San Joaquin County",2000-04-01,462,66,581,117,528,698,0.756446991404012
"10934","San Joaquin County",2000-05-01,465,71,589,112,536,701,0.764621968616263
"10935","San Joaquin County",2000-06-01,480,68,577,117,548,694,0.789625360230548
"10936","San Joaquin County",2000-07-01,473,66,575,125,539,700,0.77
"10937","San Joaquin County",2000-08-01,475,65,557,110,540,667,0.809595202398801
"10938","San Joaquin County",2000-09-01,515,82,570,116,597,686,0.870262390670554
"10939","San Joaquin County",2000-10-01,496,78,567,109,574,676,0.849112426035503
"10940","San Joaquin County",2000-11-01,482,65,566,109,547,675,0.81037037037037
"10941","San Joaquin County",2000-12-01,482,71,527,92,553,619,0.893376413570275
"10942","San Joaquin County",2001-01-01,514,66,508,101,580,609,0.952380952380952
"10943","San Joaquin County",2001-02-01,528,69,538,110,597,648,0.921296296296296
"10944","San Joaquin County",2001-03-01,543,79,565,104,622,669,0.929745889387145
"10945","San Joaquin County",2001-04-01,533,71,565,110,604,675,0.894814814814815
"10946","San Joaquin County",2001-05-01,518,79,564,108,597,672,0.888392857142857
"10947","San Joaquin County",2001-06-01,511,81,552,105,592,657,0.901065449010654
"10948","San Joaquin County",2001-07-01,534,78,507,98,612,605,1.01157024793388
"10949","San Joaquin County",2001-08-01,520,81,517,98,601,615,0.977235772357724
"10950","San Joaquin County",2001-09-01,544,89,536,95,633,631,1.00316957210777
"10951","San Joaquin County",2001-10-01,537,91,530,95,628,625,1.0048
"10952","San Joaquin County",2001-11-01,544,85,509,94,629,603,1.04311774461028
"10953","San Joaquin County",2001-12-01,496,74,465,88,570,553,1.03074141048825
"10954","San Joaquin County",2002-01-01,538,87,479,90,625,569,1.09841827768014
"10955","San Joaquin County",2002-02-01,560,71,483,91,631,574,1.0993031358885
"10956","San Joaquin County",2002-03-01,564,80,524,85,644,609,1.05747126436782
"10957","San Joaquin County",2002-04-01,539,82,502,80,621,582,1.06701030927835
"10958","San Joaquin County",2002-05-01,522,85,479,72,607,551,1.1016333938294
"10959","San Joaquin County",2002-06-01,533,79,483,70,612,553,1.10669077757685
"10960","San Joaquin County",2002-07-01,546,86,490,74,632,564,1.12056737588652
"10961","San Joaquin County",2002-08-01,549,81,501,78,630,579,1.0880829015544
"10962","San Joaquin County",2002-09-01,567,93,482,74,660,556,1.18705035971223
"10963","San Joaquin County",2002-10-01,555,88,485,75,643,560,1.14821428571429
"10964","San Joaquin County",2002-11-01,551,89,487,85,640,572,1.11888111888112
"10965","San Joaquin County",2002-12-01,568,81,454,86,649,540,1.20185185185185
"10966","San Joaquin County",2003-01-01,606,88,452,79,694,531,1.30696798493409
"10967","San Joaquin County",2003-02-01,594,101,473,78,695,551,1.26134301270417
"10968","San Joaquin County",2003-03-01,594,104,521,85,698,606,1.15181518151815
"10969","San Joaquin County",2003-04-01,606,93,507,86,699,593,1.1787521079258
"10970","San Joaquin County",2003-05-01,631,91,504,81,722,585,1.23418803418803
"10971","San Joaquin County",2003-06-01,617,97,517,79,714,596,1.19798657718121
"10972","San Joaquin County",2003-07-01,637,89,510,84,726,594,1.22222222222222
"10973","San Joaquin County",2003-08-01,628,91,507,97,719,604,1.19039735099338
"10974","San Joaquin County",2003-09-01,638,89,515,94,727,609,1.19376026272578
"10975","San Joaquin County",2003-10-01,636,101,505,90,737,595,1.23865546218487
"10976","San Joaquin County",2003-11-01,598,100,512,94,698,606,1.15181518151815
"10977","San Joaquin County",2003-12-01,595,80,491,88,675,579,1.16580310880829
"10978","San Joaquin County",2004-01-01,616,86,491,89,702,580,1.21034482758621
"10979","San Joaquin County",2004-02-01,633,105,512,87,738,599,1.23205342237062
"10980","San Joaquin County",2004-03-01,622,105,434,93,727,527,1.37950664136622
"10981","San Joaquin County",2004-04-01,605,105,517,93,710,610,1.16393442622951
"10982","San Joaquin County",2004-05-01,618,101,531,104,719,635,1.13228346456693
"10983","San Joaquin County",2004-06-01,596,101,488,107,697,595,1.17142857142857
"10984","San Joaquin County",2004-07-01,606,98,446,107,704,553,1.27305605786618
"10985","San Joaquin County",2004-08-01,627,111,411,102,738,513,1.43859649122807
"10986","San Joaquin County",2004-09-01,640,108,399,104,748,503,1.48707753479125
"10987","San Joaquin County",2004-10-01,628,93,410,102,721,512,1.408203125
"10988","San Joaquin County",2004-11-01,653,101,403,100,754,503,1.49900596421471
"10989","San Joaquin County",2004-12-01,650,92,381,103,742,484,1.53305785123967
"10990","San Joaquin County",2005-01-01,657,93,404,105,750,509,1.47347740667976
"10991","San Joaquin County",2005-02-01,676,98,424,106,774,530,1.46037735849057
"10992","San Joaquin County",2005-03-01,666,105,423,95,771,518,1.48841698841699
"10993","San Joaquin County",2005-04-01,658,115,445,92,773,537,1.43947858472998
"10994","San Joaquin County",2005-05-01,668,127,434,93,795,527,1.50853889943074
"10995","San Joaquin County",2005-06-01,675,121,436,95,796,531,1.49905838041431
"10996","San Joaquin County",2005-07-01,688,120,453,100,808,553,1.46112115732369
"10997","San Joaquin County",2005-08-01,705,114,473,103,819,576,1.421875
"10998","San Joaquin County",2005-09-01,723,126,453,106,849,559,1.51878354203936
"10999","San Joaquin County",2005-10-01,742,130,440,105,872,545,1.6
"11000","San Joaquin County",2005-11-01,739,128,435,100,867,535,1.62056074766355
"11001","San Joaquin County",2005-12-01,696,118,462,98,814,560,1.45357142857143
"11002","San Joaquin County",2006-01-01,755,109,468,103,864,571,1.51313485113835
"11003","San Joaquin County",2006-02-01,746,116,451,101,862,552,1.56159420289855
"11004","San Joaquin County",2006-03-01,719,111,498,99,830,597,1.39028475711893
"11005","San Joaquin County",2006-04-01,716,118,488,98,834,586,1.42320819112628
"11006","San Joaquin County",2006-05-01,730,134,480,106,864,586,1.47440273037543
"11007","San Joaquin County",2006-06-01,721,133,478,102,854,580,1.47241379310345
"11008","San Joaquin County",2006-07-01,701,109,520,117,810,637,1.27158555729984
"11009","San Joaquin County",2006-08-01,698,102,541,121,800,662,1.20845921450151
"11010","San Joaquin County",2006-09-01,711,108,543,113,819,656,1.2484756097561
"11011","San Joaquin County",2006-10-01,718,114,545,113,832,658,1.2644376899696
"11012","San Joaquin County",2006-11-01,737,102,471,111,839,582,1.44158075601375
"11013","San Joaquin County",2006-12-01,709,99,469,107,808,576,1.40277777777778
"11014","San Joaquin County",2007-01-01,727,121,569,102,848,671,1.26378539493294
"11015","San Joaquin County",2007-02-01,751,127,593,106,878,699,1.25608011444921
"11016","San Joaquin County",2007-03-01,727,129,604,110,856,714,1.19887955182073
"11017","San Joaquin County",2007-04-01,746,129,614,115,875,729,1.2002743484225
"11018","San Joaquin County",2007-05-01,822,122,601,116,944,717,1.31659693165969
"11019","San Joaquin County",2007-06-01,782,108,624,113,890,737,1.20759837177748
"11020","San Joaquin County",2007-07-01,755,106,644,122,861,766,1.12402088772846
"11021","San Joaquin County",2007-08-01,737,102,643,123,839,766,1.09530026109661
"11022","San Joaquin County",2007-09-01,759,115,640,109,874,749,1.16688918558077
"11023","San Joaquin County",2007-10-01,706,107,622,111,813,733,1.10914051841746
"11024","San Joaquin County",2007-11-01,720,98,622,112,818,734,1.11444141689373
"11025","San Joaquin County",2007-12-01,705,96,605,109,801,714,1.1218487394958
"11026","San Joaquin County",2008-01-01,717,108,579,112,825,691,1.19392185238784
"11027","San Joaquin County",2008-02-01,721,100,590,113,821,703,1.1678520625889
"11028","San Joaquin County",2008-03-01,718,96,608,117,814,725,1.12275862068966
"11029","San Joaquin County",2008-04-01,729,105,612,111,834,723,1.15352697095436
"11030","San Joaquin County",2008-05-01,731,110,589,107,841,696,1.20833333333333
"11031","San Joaquin County",2008-06-01,762,109,558,112,871,670,1.3
"11032","San Joaquin County",2008-07-01,761,101,559,115,862,674,1.27893175074184
"11033","San Joaquin County",2008-08-01,754,96,575,117,850,692,1.22832369942197
"11034","San Joaquin County",2008-09-01,750,97,567,113,847,680,1.24558823529412
"11035","San Joaquin County",2008-10-01,732,97,574,111,829,685,1.21021897810219
"11036","San Joaquin County",2008-11-01,754,96,559,111,850,670,1.26865671641791
"11037","San Joaquin County",2008-12-01,722,95,515,99,817,614,1.33061889250814
"11038","San Joaquin County",2009-01-01,743,94,536,94,837,630,1.32857142857143
"11039","San Joaquin County",2009-02-01,787,105,592,110,892,702,1.27065527065527
"11040","San Joaquin County",2009-03-01,821,90,574,108,911,682,1.33577712609971
"11041","San Joaquin County",2009-04-01,822,92,529,110,914,639,1.43035993740219
"11042","San Joaquin County",2009-05-01,827,98,528,109,925,637,1.45211930926217
"11043","San Joaquin County",2009-06-01,794,104,565,105,898,670,1.34029850746269
"11044","San Joaquin County",2009-07-01,795,95,544,95,890,639,1.39280125195618
"11045","San Joaquin County",2009-08-01,841,99,553,102,940,655,1.43511450381679
"11046","San Joaquin County",2009-09-01,839,99,548,100,938,648,1.44753086419753
"11047","San Joaquin County",2009-10-01,783,101,486,95,884,581,1.52151462994836
"11048","San Joaquin County",2009-11-01,740,109,453,90,849,543,1.56353591160221
"11049","San Joaquin County",2009-12-01,689,103,432,85,792,517,1.53191489361702
"11050","San Joaquin County",2010-01-01,720,110,433,88,830,521,1.59309021113244
"11051","San Joaquin County",2010-02-01,704,99,443,81,803,524,1.5324427480916
"11052","San Joaquin County",2010-03-01,690,100,421,73,790,494,1.59919028340081
"11053","San Joaquin County",2010-04-01,707,99,404,73,806,477,1.68972746331237
"11054","San Joaquin County",2010-05-01,701,93,445,88,794,533,1.48968105065666
"11055","San Joaquin County",2010-06-01,720,100,367,89,820,456,1.79824561403509
"11056","San Joaquin County",2010-07-01,736,97,356,83,833,439,1.89749430523918
"11057","San Joaquin County",2010-08-01,760,99,462,71,859,533,1.61163227016886
"11058","San Joaquin County",2010-09-01,762,109,371,65,871,436,1.99770642201835
"11059","San Joaquin County",2010-10-01,735,96,332,65,831,397,2.09319899244332
"11060","San Joaquin County",2010-11-01,721,93,315,66,814,381,2.13648293963255
"11061","San Joaquin County",2010-12-01,678,99,331,56,777,387,2.0077519379845
"11062","San Joaquin County",2011-01-01,682,94,324,55,776,379,2.04749340369393
"11063","San Joaquin County",2011-02-01,711,87,332,67,798,399,2
"11064","San Joaquin County",2011-03-01,677,95,357,71,772,428,1.80373831775701
"11065","San Joaquin County",2011-04-01,668,97,359,67,765,426,1.79577464788732
"11066","San Joaquin County",2011-05-01,611,97,354,65,708,419,1.68973747016706
"11067","San Joaquin County",2011-06-01,600,91,361,68,691,429,1.61072261072261
"11068","San Joaquin County",2011-07-01,619,92,321,52,711,373,1.90616621983914
"11069","San Joaquin County",2011-08-01,639,93,306,53,732,359,2.03899721448468
"11070","San Joaquin County",2011-09-01,671,97,288,53,768,341,2.25219941348974
"11071","San Joaquin County",2011-10-01,708,93,315,63,801,378,2.11904761904762
"11072","San Joaquin County",2011-11-01,698,83,339,68,781,407,1.91891891891892
"11073","San Joaquin County",2011-12-01,708,69,319,67,777,386,2.01295336787565
"11074","San Joaquin County",2012-01-01,740,74,338,60,814,398,2.04522613065327
"11075","San Joaquin County",2012-02-01,720,80,377,57,800,434,1.84331797235023
"11076","San Joaquin County",2012-03-01,725,77,369,58,802,427,1.87822014051522
"11077","San Joaquin County",2012-04-01,756,84,380,60,840,440,1.90909090909091
"11078","San Joaquin County",2012-05-01,760,95,382,60,855,442,1.93438914027149
"11079","San Joaquin County",2012-06-01,743,86,403,60,829,463,1.79049676025918
"11080","San Joaquin County",2012-07-01,738,91,427,56,829,483,1.71635610766046
"11081","San Joaquin County",2012-08-01,805,83,417,52,888,469,1.89339019189765
"11082","San Joaquin County",2012-09-01,808,79,455,56,887,511,1.73581213307241
"11083","San Joaquin County",2012-10-01,822,71,459,57,893,516,1.73062015503876
"11084","San Joaquin County",2012-11-01,822,85,469,51,907,520,1.74423076923077
"11085","San Joaquin County",2012-12-01,836,81,467,55,917,522,1.75670498084291
"11086","San Joaquin County",2013-01-01,836,88,447,60,924,507,1.82248520710059
"11087","San Joaquin County",2013-02-01,861,88,449,58,949,507,1.87179487179487
"11088","San Joaquin County",2013-03-01,807,92,477,57,899,534,1.68352059925094
"11089","San Joaquin County",2013-04-01,786,110,480,58,896,538,1.66542750929368
"11090","San Joaquin County",2013-05-01,791,113,476,78,904,554,1.63176895306859
"11091","San Joaquin County",2013-06-01,811,105,471,81,916,552,1.65942028985507
"11092","San Joaquin County",2013-07-01,798,101,466,78,899,544,1.65257352941176
"11093","San Joaquin County",2013-08-01,807,102,463,76,909,539,1.68645640074212
"11094","San Joaquin County",2013-09-01,811,112,454,74,923,528,1.74810606060606
"11095","San Joaquin County",2013-10-01,782,93,478,81,875,559,1.56529516994633
"11096","San Joaquin County",2013-11-01,753,98,470,73,851,543,1.56721915285451
"11097","San Joaquin County",2013-12-01,754,88,457,72,842,529,1.59168241965974
"11098","San Joaquin County",2014-01-01,797,99,457,68,896,525,1.70666666666667
"11099","San Joaquin County",2014-02-01,808,108,472,68,916,540,1.6962962962963
"11100","San Joaquin County",2014-03-01,799,105,488,71,904,559,1.61717352415027
"11101","San Joaquin County",2014-04-01,819,113,458,76,932,534,1.74531835205993
"11102","San Joaquin County",2014-05-01,813,103,465,75,916,540,1.6962962962963
"11103","San Joaquin County",2014-06-01,822,98,466,65,920,531,1.73258003766478
"11104","San Joaquin County",2014-07-01,833,101,433,65,934,498,1.87550200803213
"11105","San Joaquin County",2014-08-01,830,103,448,69,933,517,1.80464216634429
"11106","San Joaquin County",2014-09-01,823,93,440,70,916,510,1.79607843137255
"11107","San Joaquin County",2014-10-01,824,90,455,70,914,525,1.74095238095238
"11108","San Joaquin County",2014-11-01,790,83,423,65,873,488,1.78893442622951
"11109","San Joaquin County",2014-12-01,746,73,372,53,819,425,1.92705882352941
"11110","San Joaquin County",2015-01-01,757,76,362,41,833,403,2.06699751861042
"11111","San Joaquin County",2015-02-01,749,74,369,49,823,418,1.9688995215311
"11112","San Joaquin County",2015-03-01,736,84,365,43,820,408,2.00980392156863
"11113","San Joaquin County",2015-04-01,717,81,352,46,798,398,2.00502512562814
"11114","San Joaquin County",2015-05-01,740,81,329,47,821,376,2.18351063829787
"11115","San Joaquin County",2015-06-01,728,79,357,57,807,414,1.94927536231884
"11116","San Joaquin County",2015-07-01,720,88,373,60,808,433,1.86605080831409
"11117","San Joaquin County",2015-08-01,732,93,369,55,825,424,1.94575471698113
"11118","San Joaquin County",2015-09-01,731,95,348,61,826,409,2.01955990220049
"11119","San Joaquin County",2015-10-01,771,93,337,66,864,403,2.1439205955335
"11120","San Joaquin County",2015-11-01,813,94,304,60,907,364,2.49175824175824
"11121","San Joaquin County",2015-12-01,770,82,311,48,852,359,2.37325905292479
"11122","San Joaquin County",2016-01-01,776,84,305,47,860,352,2.44318181818182
"11123","San Joaquin County",2016-02-01,788,99,333,53,887,386,2.2979274611399
"11124","San Joaquin County",2016-03-01,770,91,373,59,861,432,1.99305555555556
"11125","San Joaquin County",2016-04-01,763,104,367,79,867,446,1.94394618834081
"11126","San Joaquin County",2016-05-01,746,95,358,61,841,419,2.00715990453461
"11127","San Joaquin County",2016-06-01,730,105,357,49,835,406,2.05665024630542
"11128","San Joaquin County",2016-07-01,765,107,355,56,872,411,2.12165450121655
"11129","San Joaquin County",2016-08-01,768,108,358,53,876,411,2.13138686131387
"11130","San Joaquin County",2016-09-01,798,115,382,59,913,441,2.0702947845805
"11131","San Joaquin County",2016-10-01,762,102,372,54,864,426,2.02816901408451
"11132","San Joaquin County",2016-11-01,753,99,380,51,852,431,1.97679814385151
"11133","San Joaquin County",2016-12-01,721,101,374,44,822,418,1.96650717703349
"11134","San Joaquin County",2017-01-01,752,110,375,53,862,428,2.01401869158878
"11135","San Joaquin County",2017-02-01,788,111,369,45,899,414,2.17149758454106
"11136","San Joaquin County",2017-03-01,785,111,376,51,896,427,2.09836065573771
"11137","San Joaquin County",2017-04-01,799,102,397,60,901,457,1.97155361050328
"11138","San Joaquin County",2017-05-01,825,110,390,53,935,443,2.11060948081264
"11139","San Joaquin County",2017-06-01,841,115,409,59,956,468,2.04273504273504
"11140","San Joaquin County",2017-07-01,822,108,397,59,930,456,2.03947368421053
"11141","San Joaquin County",2017-08-01,864,107,379,59,971,438,2.21689497716895
"11142","San Joaquin County",2017-09-01,843,113,374,49,956,423,2.26004728132388
"11143","San Joaquin County",2017-10-01,818,106,360,51,924,411,2.24817518248175
"11144","San Joaquin County",2017-11-01,800,110,339,43,910,382,2.38219895287958
"11145","San Joaquin County",2017-12-01,838,110,324,48,948,372,2.54838709677419
"11146","San Joaquin County",2018-01-01,880,107,312,48,987,360,2.74166666666667
"11147","San Joaquin County",2018-02-01,857,110,325,46,967,371,2.60646900269542
"11148","San Joaquin County",2018-03-01,803,101,313,52,904,365,2.47671232876712
"11149","San Joaquin County",2018-04-01,784,94,313,50,878,363,2.41873278236915
"11150","San Joaquin County",2018-05-01,803,89,305,50,892,355,2.51267605633803
"11151","San Joaquin County",2018-06-01,729,83,369,57,812,426,1.90610328638498
"11152","San Joaquin County",2018-07-01,737,87,394,62,824,456,1.80701754385965
"11153","San Joaquin County",2018-08-01,770,97,380,58,867,438,1.97945205479452
"11154","San Joaquin County",2018-09-01,787,100,354,63,887,417,2.12709832134293
"11155","San Joaquin County",2018-10-01,766,112,345,69,878,414,2.1207729468599
"11156","San Joaquin County",2018-11-01,802,111,306,63,913,369,2.47425474254743
"11157","San Joaquin County",2018-12-01,807,116,306,66,923,372,2.48118279569892
"11158","San Joaquin County",2019-01-01,755,95,288,53,850,341,2.49266862170088
"11159","San Joaquin County",2019-02-01,830,107,343,63,937,406,2.30788177339901
"11160","San Joaquin County",2019-03-01,831,111,328,65,942,393,2.3969465648855
"11161","San Joaquin County",2019-04-01,846,120,329,66,966,395,2.44556962025316
"11162","San Joaquin County",2019-05-01,863,129,317,75,992,392,2.53061224489796
"11163","San Joaquin County",2019-06-01,847,111,337,76,958,413,2.31961259079903
"11164","San Joaquin County",2019-07-01,833,118,342,83,951,425,2.23764705882353
"11165","San Joaquin County",2019-08-01,863,117,369,75,980,444,2.20720720720721
"11166","San Joaquin County",2019-09-01,867,115,371,69,982,440,2.23181818181818
"11167","San Joaquin County",2019-10-01,852,113,352,74,965,426,2.26525821596244
"11168","San Joaquin County",2019-11-01,816,113,333,69,929,402,2.31094527363184
"11169","San Joaquin County",2019-12-01,818,110,316,65,928,381,2.43569553805774
"11170","San Joaquin County",2020-01-01,866,121,312,61,987,373,2.64611260053619
"11171","San Joaquin County",2020-02-01,858,128,331,65,986,396,2.48989898989899
"11172","San Joaquin County",2020-03-01,856,117,304,58,973,362,2.6878453038674
"11173","San Luis Obispo County",1995-11-01,157,19,233,30,176,263,0.669201520912547
"11174","San Luis Obispo County",1995-12-01,111,14,199,23,125,222,0.563063063063063
"11175","San Luis Obispo County",1996-01-01,110,9,230,27,119,257,0.463035019455253
"11176","San Luis Obispo County",1996-02-01,107,10,242,28,117,270,0.433333333333333
"11177","San Luis Obispo County",1996-03-01,100,10,264,29,110,293,0.37542662116041
"11178","San Luis Obispo County",1996-04-01,105,14,209,28,119,237,0.50210970464135
"11179","San Luis Obispo County",1996-05-01,99,13,197,32,112,229,0.489082969432314
"11180","San Luis Obispo County",1996-06-01,115,14,184,29,129,213,0.605633802816901
"11181","San Luis Obispo County",1996-07-01,111,11,182,25,122,207,0.589371980676328
"11182","San Luis Obispo County",1996-08-01,121,15,185,25,136,210,0.647619047619048
"11183","San Luis Obispo County",1996-09-01,115,13,182,34,128,216,0.592592592592593
"11184","San Luis Obispo County",1996-10-01,116,16,180,34,132,214,0.616822429906542
"11185","San Luis Obispo County",1996-11-01,135,17,181,33,152,214,0.710280373831776
"11186","San Luis Obispo County",1996-12-01,114,13,206,30,127,236,0.538135593220339
"11187","San Luis Obispo County",1997-01-01,107,11,217,32,118,249,0.473895582329317
"11188","San Luis Obispo County",1997-02-01,117,13,212,28,130,240,0.541666666666667
"11189","San Luis Obispo County",1997-03-01,112,12,185,33,124,218,0.568807339449541
"11190","San Luis Obispo County",1997-04-01,117,14,185,34,131,219,0.598173515981735
"11191","San Luis Obispo County",1997-05-01,112,12,185,33,124,218,0.568807339449541
"11192","San Luis Obispo County",1997-06-01,117,13,212,28,130,240,0.541666666666667
"11193","San Luis Obispo County",1997-07-01,136,15,203,31,151,234,0.645299145299145
"11194","San Luis Obispo County",1997-08-01,132,16,209,29,148,238,0.621848739495798
"11195","San Luis Obispo County",1997-09-01,127,17,181,33,144,214,0.672897196261682
"11196","San Luis Obispo County",1997-10-01,108,22,231,26,130,257,0.505836575875486
"11197","San Luis Obispo County",1997-11-01,114,27,207,31,141,238,0.592436974789916
"11198","San Luis Obispo County",1997-12-01,123,15,212,34,138,246,0.560975609756098
"11199","San Luis Obispo County",1998-01-01,140,26,206,29,166,235,0.706382978723404
"11200","San Luis Obispo County",1998-02-01,136,26,217,35,162,252,0.642857142857143
"11201","San Luis Obispo County",1998-03-01,125,20,223,41,145,264,0.549242424242424
"11202","San Luis Obispo County",1998-04-01,121,21,219,44,142,263,0.539923954372624
"11203","San Luis Obispo County",1998-05-01,112,21,227,39,133,266,0.5
"11204","San Luis Obispo County",1998-06-01,117,22,226,40,139,266,0.522556390977444
"11205","San Luis Obispo County",1998-07-01,126,21,233,40,147,273,0.538461538461538
"11206","San Luis Obispo County",1998-08-01,144,20,221,41,164,262,0.625954198473282
"11207","San Luis Obispo County",1998-09-01,128,14,216,40,142,256,0.5546875
"11208","San Luis Obispo County",1998-10-01,113,16,217,31,129,248,0.520161290322581
"11209","San Luis Obispo County",1998-11-01,113,15,201,27,128,228,0.56140350877193
"11210","San Luis Obispo County",1998-12-01,112,14,198,24,126,222,0.567567567567568
"11211","San Luis Obispo County",1999-01-01,109,12,223,26,121,249,0.485943775100402
"11212","San Luis Obispo County",1999-02-01,111,13,219,34,124,253,0.490118577075099
"11213","San Luis Obispo County",1999-03-01,100,15,220,36,115,256,0.44921875
"11214","San Luis Obispo County",1999-04-01,100,13,227,39,113,266,0.424812030075188
"11215","San Luis Obispo County",1999-05-01,99,12,238,35,111,273,0.406593406593407
"11216","San Luis Obispo County",1999-06-01,111,12,204,36,123,240,0.5125
"11217","San Luis Obispo County",1999-07-01,128,13,212,28,141,240,0.5875
"11218","San Luis Obispo County",1999-08-01,128,13,233,27,141,260,0.542307692307692
"11219","San Luis Obispo County",1999-09-01,131,16,209,28,147,237,0.620253164556962
"11220","San Luis Obispo County",1999-10-01,128,18,201,29,146,230,0.634782608695652
"11221","San Luis Obispo County",1999-11-01,131,17,197,26,148,223,0.663677130044843
"11222","San Luis Obispo County",1999-12-01,124,13,182,20,137,202,0.678217821782178
"11223","San Luis Obispo County",2000-01-01,118,15,225,25,133,250,0.532
"11224","San Luis Obispo County",2000-02-01,108,19,239,29,127,268,0.473880597014925
"11225","San Luis Obispo County",2000-03-01,106,11,235,33,117,268,0.436567164179104
"11226","San Luis Obispo County",2000-04-01,116,14,200,24,130,224,0.580357142857143
"11227","San Luis Obispo County",2000-05-01,108,11,197,24,119,221,0.538461538461538
"11228","San Luis Obispo County",2000-06-01,111,14,205,29,125,234,0.534188034188034
"11229","San Luis Obispo County",2000-07-01,112,12,215,35,124,250,0.496
"11230","San Luis Obispo County",2000-08-01,103,19,189,40,122,229,0.532751091703057
"11231","San Luis Obispo County",2000-09-01,108,19,207,33,127,240,0.529166666666667
"11232","San Luis Obispo County",2000-10-01,126,17,196,31,143,227,0.629955947136564
"11233","San Luis Obispo County",2000-11-01,122,20,206,31,142,237,0.59915611814346
"11234","San Luis Obispo County",2000-12-01,118,22,204,23,140,227,0.616740088105727
"11235","San Luis Obispo County",2001-01-01,114,17,207,35,131,242,0.541322314049587
"11236","San Luis Obispo County",2001-02-01,123,19,200,32,142,232,0.612068965517241
"11237","San Luis Obispo County",2001-03-01,128,23,198,35,151,233,0.648068669527897
"11238","San Luis Obispo County",2001-04-01,110,17,193,42,127,235,0.540425531914894
"11239","San Luis Obispo County",2001-05-01,99,18,200,38,117,238,0.491596638655462
"11240","San Luis Obispo County",2001-06-01,110,20,176,28,130,204,0.637254901960784
"11241","San Luis Obispo County",2001-07-01,122,19,175,23,141,198,0.712121212121212
"11242","San Luis Obispo County",2001-08-01,130,16,178,23,146,201,0.72636815920398
"11243","San Luis Obispo County",2001-09-01,124,19,183,19,143,202,0.707920792079208
"11244","San Luis Obispo County",2001-10-01,125,22,177,20,147,197,0.746192893401015
"11245","San Luis Obispo County",2001-11-01,133,21,188,23,154,211,0.729857819905213
"11246","San Luis Obispo County",2001-12-01,118,19,176,24,137,200,0.685
"11247","San Luis Obispo County",2002-01-01,131,21,181,21,152,202,0.752475247524752
"11248","San Luis Obispo County",2002-02-01,146,23,177,21,169,198,0.853535353535353
"11249","San Luis Obispo County",2002-03-01,146,23,177,21,169,198,0.853535353535353
"11250","San Luis Obispo County",2002-04-01,148,20,166,23,168,189,0.888888888888889
"11251","San Luis Obispo County",2002-05-01,145,24,180,27,169,207,0.816425120772947
"11252","San Luis Obispo County",2002-06-01,151,22,204,28,173,232,0.745689655172414
"11253","San Luis Obispo County",2002-07-01,146,28,204,25,174,229,0.759825327510917
"11254","San Luis Obispo County",2002-08-01,142,22,207,28,164,235,0.697872340425532
"11255","San Luis Obispo County",2002-09-01,163,26,211,33,189,244,0.774590163934426
"11256","San Luis Obispo County",2002-10-01,170,24,202,30,194,232,0.836206896551724
"11257","San Luis Obispo County",2002-11-01,149,23,211,31,172,242,0.710743801652893
"11258","San Luis Obispo County",2002-12-01,140,25,186,23,165,209,0.789473684210526
"11259","San Luis Obispo County",2003-01-01,157,29,202,26,186,228,0.815789473684211
"11260","San Luis Obispo County",2003-02-01,147,24,204,31,171,235,0.727659574468085
"11261","San Luis Obispo County",2003-03-01,157,27,233,29,184,262,0.702290076335878
"11262","San Luis Obispo County",2003-04-01,146,26,228,34,172,262,0.656488549618321
"11263","San Luis Obispo County",2003-05-01,141,25,222,34,166,256,0.6484375
"11264","San Luis Obispo County",2003-06-01,149,26,221,38,175,259,0.675675675675676
"11265","San Luis Obispo County",2003-07-01,143,24,223,26,167,249,0.670682730923695
"11266","San Luis Obispo County",2003-08-01,134,26,211,28,160,239,0.669456066945607
"11267","San Luis Obispo County",2003-09-01,148,22,201,28,170,229,0.74235807860262
"11268","San Luis Obispo County",2003-10-01,177,32,224,37,209,261,0.800766283524904
"11269","San Luis Obispo County",2003-11-01,190,33,220,37,223,257,0.867704280155642
"11270","San Luis Obispo County",2003-12-01,163,24,207,39,187,246,0.760162601626016
"11271","San Luis Obispo County",2004-01-01,156,33,222,33,189,255,0.741176470588235
"11272","San Luis Obispo County",2004-02-01,176,33,238,33,209,271,0.771217712177122
"11273","San Luis Obispo County",2004-03-01,174,30,213,40,204,253,0.806324110671937
"11274","San Luis Obispo County",2004-04-01,167,37,210,41,204,251,0.812749003984064
"11275","San Luis Obispo County",2004-05-01,168,33,221,37,201,258,0.779069767441861
"11276","San Luis Obispo County",2004-06-01,168,33,221,37,201,258,0.779069767441861
"11277","San Luis Obispo County",2004-07-01,168,33,221,37,201,258,0.779069767441861
"11278","San Luis Obispo County",2004-08-01,168,33,221,37,201,258,0.779069767441861
"11279","San Luis Obispo County",2004-09-01,168,33,221,37,201,258,0.779069767441861
"11280","San Luis Obispo County",2004-10-01,168,33,223,37,201,260,0.773076923076923
"11281","San Luis Obispo County",2004-11-01,168,33,223,37,201,260,0.773076923076923
"11282","San Luis Obispo County",2004-12-01,168,33,223,37,201,260,0.773076923076923
"11283","San Luis Obispo County",2005-01-01,166,33,220,37,199,257,0.77431906614786
"11284","San Luis Obispo County",2005-02-01,177,35,234,39,212,273,0.776556776556777
"11285","San Luis Obispo County",2005-03-01,197,39,262,43,236,305,0.773770491803279
"11286","San Luis Obispo County",2005-04-01,219,42,225,54,261,279,0.935483870967742
"11287","San Luis Obispo County",2005-05-01,177,36,269,56,213,325,0.655384615384615
"11288","San Luis Obispo County",2005-06-01,181,32,245,47,213,292,0.729452054794521
"11289","San Luis Obispo County",2005-07-01,169,35,240,40,204,280,0.728571428571429
"11290","San Luis Obispo County",2005-08-01,165,30,259,41,195,300,0.65
"11291","San Luis Obispo County",2005-09-01,169,32,257,39,201,296,0.679054054054054
"11292","San Luis Obispo County",2005-10-01,197,33,252,50,230,302,0.76158940397351
"11293","San Luis Obispo County",2005-11-01,195,33,244,43,228,287,0.794425087108014
"11294","San Luis Obispo County",2005-12-01,185,27,208,58,212,266,0.796992481203007
"11295","San Luis Obispo County",2006-01-01,190,26,232,48,216,280,0.771428571428571
"11296","San Luis Obispo County",2006-02-01,187,31,243,58,218,301,0.724252491694352
"11297","San Luis Obispo County",2006-03-01,197,27,255,64,224,319,0.702194357366771
"11298","San Luis Obispo County",2006-04-01,215,37,245,49,252,294,0.857142857142857
"11299","San Luis Obispo County",2006-05-01,200,34,250,38,234,288,0.8125
"11300","San Luis Obispo County",2006-06-01,191,41,221,55,232,276,0.840579710144927
"11301","San Luis Obispo County",2006-07-01,181,29,248,33,210,281,0.747330960854093
"11302","San Luis Obispo County",2006-08-01,201,32,249,38,233,287,0.81184668989547
"11303","San Luis Obispo County",2006-09-01,195,33,275,45,228,320,0.7125
"11304","San Luis Obispo County",2006-10-01,196,34,260,51,230,311,0.739549839228296
"11305","San Luis Obispo County",2006-11-01,207,43,247,47,250,294,0.850340136054422
"11306","San Luis Obispo County",2006-12-01,193,43,228,46,236,274,0.861313868613139
"11307","San Luis Obispo County",2007-01-01,177,34,234,48,211,282,0.74822695035461
"11308","San Luis Obispo County",2007-02-01,181,32,221,46,213,267,0.797752808988764
"11309","San Luis Obispo County",2007-03-01,194,28,228,38,222,266,0.834586466165414
"11310","San Luis Obispo County",2007-04-01,178,24,248,41,202,289,0.698961937716263
"11311","San Luis Obispo County",2007-05-01,189,28,253,44,217,297,0.730639730639731
"11312","San Luis Obispo County",2007-06-01,191,29,268,49,220,317,0.694006309148265
"11313","San Luis Obispo County",2007-07-01,209,34,259,40,243,299,0.812709030100334
"11314","San Luis Obispo County",2007-08-01,221,35,236,39,256,275,0.930909090909091
"11315","San Luis Obispo County",2007-09-01,221,44,226,36,265,262,1.01145038167939
"11316","San Luis Obispo County",2007-10-01,216,36,227,43,252,270,0.933333333333333
"11317","San Luis Obispo County",2007-11-01,228,34,226,42,262,268,0.977611940298508
"11318","San Luis Obispo County",2007-12-01,191,30,223,40,221,263,0.840304182509506
"11319","San Luis Obispo County",2008-01-01,200,33,236,44,233,280,0.832142857142857
"11320","San Luis Obispo County",2008-02-01,201,28,241,46,229,287,0.797909407665505
"11321","San Luis Obispo County",2008-03-01,222,27,232,57,249,289,0.86159169550173
"11322","San Luis Obispo County",2008-04-01,218,31,232,50,249,282,0.882978723404255
"11323","San Luis Obispo County",2008-05-01,200,31,230,48,231,278,0.830935251798561
"11324","San Luis Obispo County",2008-06-01,199,26,225,47,225,272,0.827205882352941
"11325","San Luis Obispo County",2008-07-01,188,29,225,38,217,263,0.82509505703422
"11326","San Luis Obispo County",2008-08-01,208,24,213,46,232,259,0.895752895752896
"11327","San Luis Obispo County",2008-09-01,214,26,212,50,240,262,0.916030534351145
"11328","San Luis Obispo County",2008-10-01,206,21,208,46,227,254,0.893700787401575
"11329","San Luis Obispo County",2008-11-01,204,22,167,40,226,207,1.09178743961353
"11330","San Luis Obispo County",2008-12-01,197,26,213,35,223,248,0.899193548387097
"11331","San Luis Obispo County",2009-01-01,191,24,229,40,215,269,0.799256505576208
"11332","San Luis Obispo County",2009-02-01,183,19,230,38,202,268,0.753731343283582
"11333","San Luis Obispo County",2009-03-01,200,27,233,35,227,268,0.847014925373134
"11334","San Luis Obispo County",2009-04-01,204,32,232,37,236,269,0.877323420074349
"11335","San Luis Obispo County",2009-05-01,179,40,229,36,219,265,0.826415094339623
"11336","San Luis Obispo County",2009-06-01,207,43,210,44,250,254,0.984251968503937
"11337","San Luis Obispo County",2009-07-01,219,41,206,45,260,251,1.03585657370518
"11338","San Luis Obispo County",2009-08-01,232,38,219,44,270,263,1.02661596958175
"11339","San Luis Obispo County",2009-09-01,212,32,235,49,244,284,0.859154929577465
"11340","San Luis Obispo County",2009-10-01,223,35,210,44,258,254,1.01574803149606
"11341","San Luis Obispo County",2009-11-01,215,34,221,33,249,254,0.980314960629921
"11342","San Luis Obispo County",2009-12-01,219,32,199,31,251,230,1.09130434782609
"11343","San Luis Obispo County",2010-01-01,239,31,184,31,270,215,1.25581395348837
"11344","San Luis Obispo County",2010-02-01,228,29,183,27,257,210,1.22380952380952
"11345","San Luis Obispo County",2010-03-01,234,31,202,32,265,234,1.13247863247863
"11346","San Luis Obispo County",2010-04-01,222,26,197,37,248,234,1.05982905982906
"11347","San Luis Obispo County",2010-05-01,186,28,189,37,214,226,0.946902654867257
"11348","San Luis Obispo County",2010-06-01,194,24,189,38,218,227,0.960352422907489
"11349","San Luis Obispo County",2010-07-01,225,33,184,38,258,222,1.16216216216216
"11350","San Luis Obispo County",2010-08-01,223,28,195,37,251,232,1.08189655172414
"11351","San Luis Obispo County",2010-09-01,245,28,174,36,273,210,1.3
"11352","San Luis Obispo County",2010-10-01,252,33,185,40,285,225,1.26666666666667
"11353","San Luis Obispo County",2010-11-01,243,34,177,36,277,213,1.30046948356808
"11354","San Luis Obispo County",2010-12-01,222,34,170,32,256,202,1.26732673267327
"11355","San Luis Obispo County",2011-01-01,224,35,202,38,259,240,1.07916666666667
"11356","San Luis Obispo County",2011-02-01,227,36,190,42,263,232,1.13362068965517
"11357","San Luis Obispo County",2011-03-01,220,36,205,49,256,254,1.00787401574803
"11358","San Luis Obispo County",2011-04-01,242,37,181,37,279,218,1.27981651376147
"11359","San Luis Obispo County",2011-05-01,238,37,184,39,275,223,1.23318385650224
"11360","San Luis Obispo County",2011-06-01,253,43,191,39,296,230,1.28695652173913
"11361","San Luis Obispo County",2011-07-01,275,45,186,41,320,227,1.40969162995595
"11362","San Luis Obispo County",2011-08-01,282,42,196,42,324,238,1.36134453781513
"11363","San Luis Obispo County",2011-09-01,305,39,207,42,344,249,1.38152610441767
"11364","San Luis Obispo County",2011-10-01,282,43,223,39,325,262,1.24045801526718
"11365","San Luis Obispo County",2011-11-01,267,42,242,34,309,276,1.1195652173913
"11366","San Luis Obispo County",2011-12-01,265,52,242,37,317,279,1.13620071684588
"11367","San Luis Obispo County",2012-01-01,278,53,240,47,331,287,1.15331010452962
"11368","San Luis Obispo County",2012-02-01,283,49,242,51,332,293,1.13310580204778
"11369","San Luis Obispo County",2012-03-01,269,44,233,51,313,284,1.10211267605634
"11370","San Luis Obispo County",2012-04-01,256,47,242,52,303,294,1.03061224489796
"11371","San Luis Obispo County",2012-05-01,270,48,246,47,318,293,1.08532423208191
"11372","San Luis Obispo County",2012-06-01,270,47,255,52,317,307,1.03257328990228
"11373","San Luis Obispo County",2012-07-01,282,57,246,50,339,296,1.14527027027027
"11374","San Luis Obispo County",2012-08-01,295,61,239,37,356,276,1.28985507246377
"11375","San Luis Obispo County",2012-09-01,277,54,263,25,331,288,1.14930555555556
"11376","San Luis Obispo County",2012-10-01,295,53,266,46,348,312,1.11538461538462
"11377","San Luis Obispo County",2012-11-01,299,54,268,54,353,322,1.09627329192547
"11378","San Luis Obispo County",2012-12-01,302,51,263,56,353,319,1.10658307210031
"11379","San Luis Obispo County",2013-01-01,302,58,279,54,360,333,1.08108108108108
"11380","San Luis Obispo County",2013-02-01,298,56,291,52,354,343,1.03206997084548
"11381","San Luis Obispo County",2013-03-01,291,52,298,60,343,358,0.958100558659218
"11382","San Luis Obispo County",2013-04-01,299,53,289,59,352,348,1.01149425287356
"11383","San Luis Obispo County",2013-05-01,280,53,291,53,333,344,0.968023255813954
"11384","San Luis Obispo County",2013-06-01,285,57,287,57,342,344,0.994186046511628
"11385","San Luis Obispo County",2013-07-01,277,55,270,62,332,332,1
"11386","San Luis Obispo County",2013-08-01,297,63,266,54,360,320,1.125
"11387","San Luis Obispo County",2013-09-01,302,66,286,54,368,340,1.08235294117647
"11388","San Luis Obispo County",2013-10-01,295,56,277,50,351,327,1.07339449541284
"11389","San Luis Obispo County",2013-11-01,304,57,276,44,361,320,1.128125
"11390","San Luis Obispo County",2013-12-01,310,56,273,51,366,324,1.12962962962963
"11391","San Luis Obispo County",2014-01-01,329,55,268,62,384,330,1.16363636363636
"11392","San Luis Obispo County",2014-02-01,340,57,256,54,397,310,1.28064516129032
"11393","San Luis Obispo County",2014-03-01,317,53,254,48,370,302,1.22516556291391
"11394","San Luis Obispo County",2014-04-01,297,56,276,43,353,319,1.10658307210031
"11395","San Luis Obispo County",2014-05-01,282,56,290,52,338,342,0.988304093567251
"11396","San Luis Obispo County",2014-06-01,309,54,273,55,363,328,1.10670731707317
"11397","San Luis Obispo County",2014-07-01,322,56,268,57,378,325,1.16307692307692
"11398","San Luis Obispo County",2014-08-01,305,58,289,60,363,349,1.04011461318052
"11399","San Luis Obispo County",2014-09-01,301,53,275,59,354,334,1.05988023952096
"11400","San Luis Obispo County",2014-10-01,296,53,270,57,349,327,1.06727828746177
"11401","San Luis Obispo County",2014-11-01,254,49,259,52,303,311,0.97427652733119
"11402","San Luis Obispo County",2014-12-01,207,31,238,44,238,282,0.843971631205674
"11403","San Luis Obispo County",2015-01-01,206,28,255,41,234,296,0.790540540540541
"11404","San Luis Obispo County",2015-02-01,216,29,266,42,245,308,0.795454545454545
"11405","San Luis Obispo County",2015-03-01,208,26,257,38,234,295,0.793220338983051
"11406","San Luis Obispo County",2015-04-01,203,26,224,37,229,261,0.877394636015326
"11407","San Luis Obispo County",2015-05-01,225,25,221,37,250,258,0.968992248062015
"11408","San Luis Obispo County",2015-06-01,223,31,236,36,254,272,0.933823529411765
"11409","San Luis Obispo County",2015-07-01,231,33,241,39,264,280,0.942857142857143
"11410","San Luis Obispo County",2015-08-01,246,43,239,40,289,279,1.03584229390681
"11411","San Luis Obispo County",2015-09-01,251,41,231,42,292,273,1.06959706959707
"11412","San Luis Obispo County",2015-10-01,254,31,224,41,285,265,1.07547169811321
"11413","San Luis Obispo County",2015-11-01,207,28,240,43,235,283,0.830388692579505
"11414","San Luis Obispo County",2015-12-01,197,33,227,38,230,265,0.867924528301887
"11415","San Luis Obispo County",2016-01-01,165,24,217,25,189,242,0.78099173553719
"11416","San Luis Obispo County",2016-02-01,209,36,246,39,245,285,0.859649122807018
"11417","San Luis Obispo County",2016-03-01,213,38,252,37,251,289,0.868512110726644
"11418","San Luis Obispo County",2016-04-01,219,42,241,39,261,280,0.932142857142857
"11419","San Luis Obispo County",2016-05-01,221,36,239,39,257,278,0.924460431654676
"11420","San Luis Obispo County",2016-06-01,216,44,233,38,260,271,0.959409594095941
"11421","San Luis Obispo County",2016-07-01,228,47,227,43,275,270,1.01851851851852
"11422","San Luis Obispo County",2016-08-01,248,39,233,48,287,281,1.02135231316726
"11423","San Luis Obispo County",2016-09-01,252,42,222,36,294,258,1.13953488372093
"11424","San Luis Obispo County",2016-10-01,259,39,221,28,298,249,1.19678714859438
"11425","San Luis Obispo County",2016-11-01,258,30,224,33,288,257,1.12062256809339
"11426","San Luis Obispo County",2016-12-01,269,38,203,34,307,237,1.29535864978903
"11427","San Luis Obispo County",2017-01-01,266,39,222,29,305,251,1.21513944223108
"11428","San Luis Obispo County",2017-02-01,262,48,232,30,310,262,1.18320610687023
"11429","San Luis Obispo County",2017-03-01,254,43,238,38,297,276,1.07608695652174
"11430","San Luis Obispo County",2017-04-01,261,53,240,40,314,280,1.12142857142857
"11431","San Luis Obispo County",2017-05-01,250,53,241,39,303,280,1.08214285714286
"11432","San Luis Obispo County",2017-06-01,246,52,237,45,298,282,1.05673758865248
"11433","San Luis Obispo County",2017-07-01,246,43,257,48,289,305,0.947540983606557
"11434","San Luis Obispo County",2017-08-01,256,51,241,51,307,292,1.0513698630137
"11435","San Luis Obispo County",2017-09-01,247,54,253,52,301,305,0.986885245901639
"11436","San Luis Obispo County",2017-10-01,239,53,241,41,292,282,1.0354609929078
"11437","San Luis Obispo County",2017-11-01,220,41,227,39,261,266,0.981203007518797
"11438","San Luis Obispo County",2017-12-01,219,43,208,39,262,247,1.06072874493927
"11439","San Luis Obispo County",2018-01-01,226,43,209,41,269,250,1.076
"11440","San Luis Obispo County",2018-02-01,221,32,214,50,253,264,0.958333333333333
"11441","San Luis Obispo County",2018-03-01,208,24,211,49,232,260,0.892307692307692
"11442","San Luis Obispo County",2018-04-01,226,31,224,45,257,269,0.955390334572491
"11443","San Luis Obispo County",2018-05-01,225,34,224,39,259,263,0.984790874524715
"11444","San Luis Obispo County",2018-06-01,238,31,224,45,269,269,1
"11445","San Luis Obispo County",2018-07-01,253,35,231,45,288,276,1.04347826086957
"11446","San Luis Obispo County",2018-08-01,245,31,226,44,276,270,1.02222222222222
"11447","San Luis Obispo County",2018-09-01,252,34,219,38,286,257,1.11284046692607
"11448","San Luis Obispo County",2018-10-01,269,38,213,32,307,245,1.2530612244898
"11449","San Luis Obispo County",2018-11-01,251,34,216,37,285,253,1.12648221343874
"11450","San Luis Obispo County",2018-12-01,266,35,190,32,301,222,1.35585585585586
"11451","San Luis Obispo County",2019-01-01,271,37,184,38,308,222,1.38738738738739
"11452","San Luis Obispo County",2019-02-01,283,41,186,43,324,229,1.41484716157205
"11453","San Luis Obispo County",2019-03-01,256,39,208,37,295,245,1.20408163265306
"11454","San Luis Obispo County",2019-04-01,253,43,220,39,296,259,1.14285714285714
"11455","San Luis Obispo County",2019-05-01,255,41,216,34,296,250,1.184
"11456","San Luis Obispo County",2019-06-01,266,45,218,48,311,266,1.16917293233083
"11457","San Luis Obispo County",2019-07-01,265,50,218,58,315,276,1.14130434782609
"11458","San Luis Obispo County",2019-08-01,265,45,213,53,310,266,1.16541353383459
"11459","San Luis Obispo County",2019-09-01,268,38,200,46,306,246,1.24390243902439
"11460","San Luis Obispo County",2019-10-01,248,39,186,45,287,231,1.24242424242424
"11461","San Luis Obispo County",2019-11-01,243,34,173,37,277,210,1.31904761904762
"11462","San Luis Obispo County",2019-12-01,253,34,168,34,287,202,1.42079207920792
"11463","San Luis Obispo County",2020-01-01,252,39,168,34,291,202,1.44059405940594
"11464","San Luis Obispo County",2020-02-01,258,38,170,42,296,212,1.39622641509434
"11465","San Luis Obispo County",2020-03-01,261,41,159,39,302,198,1.52525252525253
"11466","San Mateo County",1995-10-01,375,48,571,101,423,672,0.629464285714286
"11467","San Mateo County",1995-11-01,379,49,566,91,428,657,0.65144596651446
"11468","San Mateo County",1995-12-01,368,51,561,78,419,639,0.655712050078247
"11469","San Mateo County",1996-01-01,416,46,536,81,462,617,0.748784440842788
"11470","San Mateo County",1996-02-01,442,45,533,80,487,613,0.794453507340946
"11471","San Mateo County",1996-03-01,470,28,521,74,498,595,0.836974789915966
"11472","San Mateo County",1996-04-01,293,32,682,73,325,755,0.43046357615894
"11473","San Mateo County",1996-05-01,312,34,637,75,346,712,0.485955056179775
"11474","San Mateo County",1996-06-01,312,39,648,88,351,736,0.476902173913043
"11475","San Mateo County",1996-07-01,323,44,670,97,367,767,0.478487614080834
"11476","San Mateo County",1996-08-01,419,53,620,95,472,715,0.66013986013986
"11477","San Mateo County",1996-09-01,318,49,730,107,367,837,0.438470728793309
"11478","San Mateo County",1996-10-01,306,43,705,97,349,802,0.435162094763092
"11479","San Mateo County",1996-11-01,304,66,670,70,370,740,0.5
"11480","San Mateo County",1996-12-01,310,38,672,89,348,761,0.457293035479632
"11481","San Mateo County",1997-01-01,314,36,633,83,350,716,0.488826815642458
"11482","San Mateo County",1997-02-01,323,40,723,90,363,813,0.446494464944649
"11483","San Mateo County",1997-03-01,315,43,718,95,358,813,0.440344403444034
"11484","San Mateo County",1997-04-01,308,41,708,87,349,795,0.438993710691824
"11485","San Mateo County",1997-05-01,303,41,702,91,344,793,0.433795712484237
"11486","San Mateo County",1997-06-01,384,49,591,77,433,668,0.648203592814371
"11487","San Mateo County",1997-07-01,313,42,674,84,355,758,0.468337730870712
"11488","San Mateo County",1997-08-01,314,42,692,89,356,781,0.455825864276569
"11489","San Mateo County",1997-09-01,312,40,768,31,352,799,0.440550688360451
"11490","San Mateo County",1997-10-01,310,46,579,100,356,679,0.524300441826215
"11491","San Mateo County",1997-11-01,310,48,577,100,358,677,0.528803545051699
"11492","San Mateo County",1997-12-01,305,67,625,69,372,694,0.536023054755043
"11493","San Mateo County",1998-01-01,306,43,668,96,349,764,0.456806282722513
"11494","San Mateo County",1998-02-01,309,45,659,100,354,759,0.466403162055336
"11495","San Mateo County",1998-03-01,326,45,723,94,371,817,0.454100367197062
"11496","San Mateo County",1998-04-01,454,60,613,76,514,689,0.746008708272859
"11497","San Mateo County",1998-05-01,439,44,662,88,483,750,0.644
"11498","San Mateo County",1998-06-01,441,50,672,98,491,770,0.637662337662338
"11499","San Mateo County",1998-07-01,500,0,678,103,500,781,0.640204865556978
"11500","San Mateo County",1998-08-01,448,52,678,103,500,781,0.640204865556978
"11501","San Mateo County",1998-09-01,434,50,647,102,484,749,0.646194926568758
"11502","San Mateo County",1998-10-01,527,0,617,105,527,722,0.729916897506925
"11503","San Mateo County",1998-11-01,457,46,656,96,503,752,0.668882978723404
"11504","San Mateo County",1998-12-01,500,421,212,89,921,301,3.05980066445183
"11505","San Mateo County",1999-01-01,510,44,574,88,554,662,0.836858006042296
"11506","San Mateo County",1999-02-01,511,50,586,100,561,686,0.817784256559767
"11507","San Mateo County",1999-03-01,518,50,606,101,568,707,0.803394625176803
"11508","San Mateo County",1999-04-01,507,52,574,100,559,674,0.829376854599407
"11509","San Mateo County",1999-05-01,508,50,565,101,558,666,0.837837837837838
"11510","San Mateo County",1999-06-01,500,51,570,102,551,672,0.819940476190476
"11511","San Mateo County",1999-07-01,495,54,575,109,549,684,0.802631578947368
"11512","San Mateo County",1999-08-01,470,54,550,109,524,659,0.795144157814871
"11513","San Mateo County",1999-09-01,481,49,547,102,530,649,0.816640986132512
"11514","San Mateo County",1999-10-01,489,44,535,92,533,627,0.850079744816587
"11515","San Mateo County",1999-11-01,482,44,525,86,526,611,0.86088379705401
"11516","San Mateo County",1999-12-01,495,42,492,79,537,571,0.94045534150613
"11517","San Mateo County",2000-01-01,496,41,483,79,537,562,0.955516014234875
"11518","San Mateo County",2000-02-01,520,44,516,83,564,599,0.941569282136895
"11519","San Mateo County",2000-03-01,502,41,512,82,543,594,0.914141414141414
"11520","San Mateo County",2000-04-01,513,44,523,90,557,613,0.908646003262643
"11521","San Mateo County",2000-05-01,506,47,517,91,553,608,0.909539473684211
"11522","San Mateo County",2000-06-01,497,40,500,82,537,582,0.922680412371134
"11523","San Mateo County",2000-07-01,482,35,482,78,517,560,0.923214285714286
"11524","San Mateo County",2000-08-01,471,35,478,74,506,552,0.916666666666667
"11525","San Mateo County",2000-09-01,484,37,492,72,521,564,0.923758865248227
"11526","San Mateo County",2000-10-01,492,40,489,77,532,566,0.939929328621908
"11527","San Mateo County",2000-11-01,487,35,479,69,522,548,0.952554744525547
"11528","San Mateo County",2000-12-01,466,38,459,73,504,532,0.947368421052632
"11529","San Mateo County",2001-01-01,475,40,468,76,515,544,0.946691176470588
"11530","San Mateo County",2001-02-01,483,44,467,84,527,551,0.956442831215971
"11531","San Mateo County",2001-03-01,494,46,471,92,540,563,0.959147424511545
"11532","San Mateo County",2001-04-01,488,44,473,87,532,560,0.95
"11533","San Mateo County",2001-05-01,492,48,464,96,540,560,0.964285714285714
"11534","San Mateo County",2001-06-01,492,48,474,93,540,567,0.952380952380952
"11535","San Mateo County",2001-07-01,493,48,464,90,541,554,0.976534296028881
"11536","San Mateo County",2001-08-01,475,45,439,87,520,526,0.988593155893536
"11537","San Mateo County",2001-09-01,480,46,441,91,526,532,0.988721804511278
"11538","San Mateo County",2001-10-01,493,44,449,82,537,531,1.01129943502825
"11539","San Mateo County",2001-11-01,487,45,444,82,532,526,1.01140684410646
"11540","San Mateo County",2001-12-01,466,46,421,83,512,504,1.01587301587302
"11541","San Mateo County",2002-01-01,491,46,441,86,537,527,1.01897533206831
"11542","San Mateo County",2002-02-01,491,44,449,84,535,533,1.00375234521576
"11543","San Mateo County",2002-03-01,479,45,452,86,524,538,0.973977695167286
"11544","San Mateo County",2002-04-01,474,43,447,84,517,531,0.973634651600753
"11545","San Mateo County",2002-05-01,473,40,448,77,513,525,0.977142857142857
"11546","San Mateo County",2002-06-01,483,38,461,77,521,538,0.968401486988848
"11547","San Mateo County",2002-07-01,478,36,445,73,514,518,0.992277992277992
"11548","San Mateo County",2002-08-01,475,36,465,54,511,519,0.984585741811175
"11549","San Mateo County",2002-09-01,468,38,431,74,506,505,1.0019801980198
"11550","San Mateo County",2002-10-01,455,39,427,76,494,503,0.982107355864811
"11551","San Mateo County",2002-11-01,457,40,422,79,497,501,0.992015968063872
"11552","San Mateo County",2002-12-01,442,39,410,77,481,487,0.987679671457906
"11553","San Mateo County",2003-01-01,465,36,430,71,501,501,1
"11554","San Mateo County",2003-02-01,483,32,442,75,515,517,0.996131528046422
"11555","San Mateo County",2003-03-01,474,39,434,75,513,509,1.00785854616896
"11556","San Mateo County",2003-04-01,484,45,437,84,529,521,1.01535508637236
"11557","San Mateo County",2003-05-01,496,49,447,85,545,532,1.02443609022556
"11558","San Mateo County",2003-06-01,515,54,423,81,569,504,1.12896825396825
"11559","San Mateo County",2003-07-01,522,53,398,80,575,478,1.20292887029289
"11560","San Mateo County",2003-08-01,521,52,422,79,573,501,1.1437125748503
"11561","San Mateo County",2003-09-01,530,54,436,82,584,518,1.12741312741313
"11562","San Mateo County",2003-10-01,535,54,442,81,589,523,1.12619502868069
"11563","San Mateo County",2003-11-01,485,53,474,79,538,553,0.972875226039783
"11564","San Mateo County",2003-12-01,483,48,462,67,531,529,1.00378071833648
"11565","San Mateo County",2004-01-01,492,59,461,60,551,521,1.05758157389635
"11566","San Mateo County",2004-02-01,518,74,466,64,592,530,1.11698113207547
"11567","San Mateo County",2004-03-01,569,67,461,65,636,526,1.20912547528517
"11568","San Mateo County",2004-04-01,583,66,463,71,649,534,1.21535580524345
"11569","San Mateo County",2004-05-01,550,59,468,77,609,545,1.11743119266055
"11570","San Mateo County",2004-06-01,495,67,476,79,562,555,1.01261261261261
"11571","San Mateo County",2004-07-01,484,58,483,82,542,565,0.95929203539823
"11572","San Mateo County",2004-08-01,467,56,500,84,523,584,0.895547945205479
"11573","San Mateo County",2004-09-01,468,63,493,86,531,579,0.917098445595855
"11574","San Mateo County",2004-10-01,481,55,486,77,536,563,0.952042628774423
"11575","San Mateo County",2004-11-01,466,58,470,71,524,541,0.968576709796673
"11576","San Mateo County",2004-12-01,434,74,442,51,508,493,1.03042596348884
"11577","San Mateo County",2005-01-01,438,65,443,65,503,508,0.990157480314961
"11578","San Mateo County",2005-02-01,470,59,466,69,529,535,0.988785046728972
"11579","San Mateo County",2005-03-01,457,60,475,66,517,541,0.955637707948244
"11580","San Mateo County",2005-04-01,459,68,462,72,527,534,0.98689138576779
"11581","San Mateo County",2005-05-01,465,63,461,78,528,539,0.979591836734694
"11582","San Mateo County",2005-06-01,462,64,449,77,526,526,1
"11583","San Mateo County",2005-07-01,472,61,432,82,533,514,1.03696498054475
"11584","San Mateo County",2005-08-01,506,63,445,77,569,522,1.09003831417625
"11585","San Mateo County",2005-09-01,511,56,463,75,567,538,1.05390334572491
"11586","San Mateo County",2005-10-01,509,61,438,70,570,508,1.12204724409449
"11587","San Mateo County",2005-11-01,540,73,445,78,613,523,1.17208413001912
"11588","San Mateo County",2005-12-01,509,62,410,73,571,483,1.18219461697723
"11589","San Mateo County",2006-01-01,510,66,412,76,576,488,1.18032786885246
"11590","San Mateo County",2006-02-01,525,72,457,70,597,527,1.13282732447818
"11591","San Mateo County",2006-03-01,494,67,478,73,561,551,1.01814882032668
"11592","San Mateo County",2006-04-01,465,79,480,65,544,545,0.998165137614679
"11593","San Mateo County",2006-05-01,488,84,451,65,572,516,1.10852713178295
"11594","San Mateo County",2006-06-01,536,76,427,78,612,505,1.21188118811881
"11595","San Mateo County",2006-07-01,536,70,428,77,606,505,1.2
"11596","San Mateo County",2006-08-01,543,72,451,78,615,529,1.16257088846881
"11597","San Mateo County",2006-09-01,526,83,459,83,609,542,1.12361623616236
"11598","San Mateo County",2006-10-01,516,91,454,83,607,537,1.13035381750466
"11599","San Mateo County",2006-11-01,503,90,464,83,593,547,1.08409506398537
"11600","San Mateo County",2006-12-01,505,76,439,74,581,513,1.13255360623782
"11601","San Mateo County",2007-01-01,532,82,471,74,614,545,1.12660550458716
"11602","San Mateo County",2007-02-01,537,81,492,92,618,584,1.05821917808219
"11603","San Mateo County",2007-03-01,521,88,504,90,609,594,1.02525252525253
"11604","San Mateo County",2007-04-01,529,89,501,81,618,582,1.06185567010309
"11605","San Mateo County",2007-05-01,541,85,505,77,626,582,1.07560137457045
"11606","San Mateo County",2007-06-01,576,88,513,75,664,588,1.12925170068027
"11607","San Mateo County",2007-07-01,582,81,524,83,663,607,1.09225700164745
"11608","San Mateo County",2007-08-01,560,78,518,87,638,605,1.05454545454545
"11609","San Mateo County",2007-09-01,567,72,509,91,639,600,1.065
"11610","San Mateo County",2007-10-01,532,65,484,83,597,567,1.05291005291005
"11611","San Mateo County",2007-11-01,491,64,493,89,555,582,0.95360824742268
"11612","San Mateo County",2007-12-01,489,59,466,93,548,559,0.980322003577818
"11613","San Mateo County",2008-01-01,458,63,474,89,521,563,0.925399644760213
"11614","San Mateo County",2008-02-01,606,81,349,60,687,409,1.67970660146699
"11615","San Mateo County",2008-03-01,635,79,354,63,714,417,1.71223021582734
"11616","San Mateo County",2008-04-01,659,93,336,64,752,400,1.88
"11617","San Mateo County",2008-05-01,657,83,352,65,740,417,1.77458033573141
"11618","San Mateo County",2008-06-01,661,88,346,60,749,406,1.8448275862069
"11619","San Mateo County",2008-07-01,656,87,337,60,743,397,1.87153652392947
"11620","San Mateo County",2008-08-01,660,77,339,60,737,399,1.84711779448622
"11621","San Mateo County",2008-09-01,644,77,331,54,721,385,1.87272727272727
"11622","San Mateo County",2008-10-01,662,72,301,54,734,355,2.06760563380282
"11623","San Mateo County",2008-11-01,666,69,323,53,735,376,1.95478723404255
"11624","San Mateo County",2008-12-01,680,85,306,52,765,358,2.13687150837989
"11625","San Mateo County",2009-01-01,699,91,301,52,790,353,2.23796033994334
"11626","San Mateo County",2009-02-01,674,87,337,59,761,396,1.92171717171717
"11627","San Mateo County",2009-03-01,657,67,346,55,724,401,1.80548628428928
"11628","San Mateo County",2009-04-01,661,81,348,52,742,400,1.855
"11629","San Mateo County",2009-05-01,658,73,351,49,731,400,1.8275
"11630","San Mateo County",2009-06-01,649,74,342,54,723,396,1.82575757575758
"11631","San Mateo County",2009-07-01,669,77,336,54,746,390,1.91282051282051
"11632","San Mateo County",2009-08-01,619,75,329,56,694,385,1.8025974025974
"11633","San Mateo County",2009-09-01,626,77,313,59,703,372,1.88978494623656
"11634","San Mateo County",2009-10-01,608,70,324,60,678,384,1.765625
"11635","San Mateo County",2009-11-01,607,68,335,48,675,383,1.76240208877285
"11636","San Mateo County",2009-12-01,588,61,325,50,649,375,1.73066666666667
"11637","San Mateo County",2010-01-01,638,74,288,46,712,334,2.13173652694611
"11638","San Mateo County",2010-02-01,652,81,258,32,733,290,2.52758620689655
"11639","San Mateo County",2010-03-01,662,78,267,42,740,309,2.39482200647249
"11640","San Mateo County",2010-04-01,673,78,264,45,751,309,2.43042071197411
"11641","San Mateo County",2010-05-01,690,86,281,46,776,327,2.37308868501529
"11642","San Mateo County",2010-06-01,666,80,278,42,746,320,2.33125
"11643","San Mateo County",2010-07-01,622,75,275,37,697,312,2.23397435897436
"11644","San Mateo County",2010-08-01,620,78,261,43,698,304,2.29605263157895
"11645","San Mateo County",2010-09-01,662,83,224,55,745,279,2.67025089605735
"11646","San Mateo County",2010-10-01,675,76,235,49,751,284,2.6443661971831
"11647","San Mateo County",2010-11-01,667,77,239,45,744,284,2.61971830985915
"11648","San Mateo County",2010-12-01,649,79,236,45,728,281,2.59074733096085
"11649","San Mateo County",2011-01-01,647,81,226,47,728,273,2.66666666666667
"11650","San Mateo County",2011-02-01,630,80,236,48,710,284,2.5
"11651","San Mateo County",2011-03-01,630,80,236,48,710,284,2.5
"11652","San Mateo County",2011-04-01,643,85,218,43,728,261,2.78927203065134
"11653","San Mateo County",2011-05-01,629,76,229,47,705,276,2.55434782608696
"11654","San Mateo County",2011-06-01,635,73,236,53,708,289,2.44982698961938
"11655","San Mateo County",2011-07-01,643,69,233,47,712,280,2.54285714285714
"11656","San Mateo County",2011-08-01,631,68,243,47,699,290,2.41034482758621
"11657","San Mateo County",2011-09-01,624,72,240,43,696,283,2.45936395759717
"11658","San Mateo County",2011-10-01,621,67,242,39,688,281,2.44839857651246
"11659","San Mateo County",2011-11-01,563,64,269,53,627,322,1.9472049689441
"11660","San Mateo County",2011-12-01,532,63,268,50,595,318,1.87106918238994
"11661","San Mateo County",2012-01-01,547,64,281,51,611,332,1.84036144578313
"11662","San Mateo County",2012-02-01,547,63,306,59,610,365,1.67123287671233
"11663","San Mateo County",2012-03-01,557,66,314,55,623,369,1.68834688346883
"11664","San Mateo County",2012-04-01,540,73,328,58,613,386,1.5880829015544
"11665","San Mateo County",2012-05-01,525,78,327,64,603,391,1.54219948849105
"11666","San Mateo County",2012-06-01,565,80,328,65,645,393,1.6412213740458
"11667","San Mateo County",2012-07-01,577,66,312,61,643,373,1.72386058981233
"11668","San Mateo County",2012-08-01,547,72,289,52,619,341,1.81524926686217
"11669","San Mateo County",2012-09-01,540,73,304,56,613,360,1.70277777777778
"11670","San Mateo County",2012-10-01,544,63,309,48,607,357,1.70028011204482
"11671","San Mateo County",2012-11-01,537,65,295,54,602,349,1.72492836676218
"11672","San Mateo County",2012-12-01,542,70,310,61,612,371,1.64959568733154
"11673","San Mateo County",2013-01-01,540,72,304,66,612,370,1.65405405405405
"11674","San Mateo County",2013-02-01,564,83,334,72,647,406,1.5935960591133
"11675","San Mateo County",2013-03-01,537,72,340,82,609,422,1.44312796208531
"11676","San Mateo County",2013-04-01,532,71,342,77,603,419,1.43914081145585
"11677","San Mateo County",2013-05-01,532,70,390,71,602,461,1.3058568329718
"11678","San Mateo County",2013-06-01,549,73,358,73,622,431,1.44315545243619
"11679","San Mateo County",2013-07-01,571,80,330,72,651,402,1.61940298507463
"11680","San Mateo County",2013-08-01,587,67,346,76,654,422,1.54976303317536
"11681","San Mateo County",2013-09-01,571,63,362,68,634,430,1.47441860465116
"11682","San Mateo County",2013-10-01,589,73,346,63,662,409,1.61858190709046
"11683","San Mateo County",2013-11-01,600,68,350,63,668,413,1.61743341404358
"11684","San Mateo County",2013-12-01,564,73,332,59,637,391,1.62915601023018
"11685","San Mateo County",2014-01-01,578,76,326,64,654,390,1.67692307692308
"11686","San Mateo County",2014-02-01,586,83,349,73,669,422,1.58530805687204
"11687","San Mateo County",2014-03-01,609,73,340,70,682,410,1.66341463414634
"11688","San Mateo County",2014-04-01,674,70,272,70,744,342,2.17543859649123
"11689","San Mateo County",2014-05-01,649,75,303,63,724,366,1.97814207650273
"11690","San Mateo County",2014-06-01,677,80,316,14,757,330,2.29393939393939
"11691","San Mateo County",2014-07-01,646,85,275,61,731,336,2.17559523809524
"11692","San Mateo County",2014-08-01,609,85,276,60,694,336,2.06547619047619
"11693","San Mateo County",2014-09-01,563,89,326,54,652,380,1.71578947368421
"11694","San Mateo County",2014-10-01,581,89,277,62,670,339,1.976401179941
"11695","San Mateo County",2014-11-01,540,73,265,57,613,322,1.90372670807453
"11696","San Mateo County",2014-12-01,461,55,230,47,516,277,1.86281588447653
"11697","San Mateo County",2015-01-01,491,58,176,38,549,214,2.56542056074766
"11698","San Mateo County",2015-02-01,454,51,218,45,505,263,1.92015209125475
"11699","San Mateo County",2015-03-01,517,56,210,43,573,253,2.26482213438735
"11700","San Mateo County",2015-04-01,525,48,270,8,573,278,2.06115107913669
"11701","San Mateo County",2015-05-01,511,54,237,52,565,289,1.95501730103806
"11702","San Mateo County",2015-06-01,500,52,237,51,552,288,1.91666666666667
"11703","San Mateo County",2015-07-01,491,58,256,48,549,304,1.80592105263158
"11704","San Mateo County",2015-08-01,514,58,243,53,572,296,1.93243243243243
"11705","San Mateo County",2015-09-01,529,53,248,55,582,303,1.92079207920792
"11706","San Mateo County",2015-10-01,552,66,263,47,618,310,1.99354838709677
"11707","San Mateo County",2015-11-01,476,60,314,47,536,361,1.48476454293629
"11708","San Mateo County",2015-12-01,456,56,308,49,512,357,1.43417366946779
"11709","San Mateo County",2016-01-01,461,57,301,46,518,347,1.49279538904899
"11710","San Mateo County",2016-02-01,487,59,260,46,546,306,1.7843137254902
"11711","San Mateo County",2016-03-01,492,58,254,48,550,302,1.82119205298013
"11712","San Mateo County",2016-04-01,520,63,279,47,583,326,1.78834355828221
"11713","San Mateo County",2016-05-01,516,62,286,49,578,335,1.72537313432836
"11714","San Mateo County",2016-06-01,555,55,286,52,610,338,1.80473372781065
"11715","San Mateo County",2016-07-01,572,61,296,51,633,347,1.82420749279539
"11716","San Mateo County",2016-08-01,570,61,273,56,631,329,1.91793313069909
"11717","San Mateo County",2016-09-01,589,66,286,57,655,343,1.90962099125364
"11718","San Mateo County",2016-10-01,593,60,291,52,653,343,1.90379008746356
"11719","San Mateo County",2016-11-01,603,63,282,53,666,335,1.98805970149254
"11720","San Mateo County",2016-12-01,590,55,274,52,645,326,1.97852760736196
"11721","San Mateo County",2017-01-01,598,69,272,43,667,315,2.11746031746032
"11722","San Mateo County",2017-02-01,609,75,299,50,684,349,1.95988538681948
"11723","San Mateo County",2017-03-01,598,82,307,58,680,365,1.86301369863014
"11724","San Mateo County",2017-04-01,601,71,288,54,672,342,1.96491228070175
"11725","San Mateo County",2017-05-01,580,60,306,56,640,362,1.76795580110497
"11726","San Mateo County",2017-06-01,565,63,332,59,628,391,1.60613810741688
"11727","San Mateo County",2017-07-01,567,57,337,52,624,389,1.60411311053985
"11728","San Mateo County",2017-08-01,602,67,313,46,669,359,1.86350974930362
"11729","San Mateo County",2017-09-01,579,72,315,44,651,359,1.8133704735376
"11730","San Mateo County",2017-10-01,579,63,307,51,642,358,1.79329608938547
"11731","San Mateo County",2017-11-01,566,72,308,53,638,361,1.76731301939058
"11732","San Mateo County",2017-12-01,590,72,280,58,662,338,1.9585798816568
"11733","San Mateo County",2018-01-01,580,70,304,59,650,363,1.79063360881543
"11734","San Mateo County",2018-02-01,555,71,326,67,626,393,1.59287531806616
"11735","San Mateo County",2018-03-01,518,71,340,64,589,404,1.45792079207921
"11736","San Mateo County",2018-04-01,503,74,325,58,577,383,1.5065274151436
"11737","San Mateo County",2018-05-01,533,64,284,62,597,346,1.72543352601156
"11738","San Mateo County",2018-06-01,559,62,290,59,621,349,1.77936962750716
"11739","San Mateo County",2018-07-01,559,58,314,63,617,377,1.63660477453581
"11740","San Mateo County",2018-08-01,572,59,313,50,631,363,1.73829201101928
"11741","San Mateo County",2018-09-01,588,66,291,50,654,341,1.91788856304985
"11742","San Mateo County",2018-10-01,585,72,299,48,657,347,1.89337175792507
"11743","San Mateo County",2018-11-01,581,77,290,46,658,336,1.95833333333333
"11744","San Mateo County",2018-12-01,590,66,268,54,656,322,2.03726708074534
"11745","San Mateo County",2019-01-01,600,73,273,54,673,327,2.05810397553517
"11746","San Mateo County",2019-02-01,598,77,274,56,675,330,2.04545454545455
"11747","San Mateo County",2019-03-01,603,70,286,62,673,348,1.93390804597701
"11748","San Mateo County",2019-04-01,598,78,313,58,676,371,1.82210242587601
"11749","San Mateo County",2019-05-01,608,83,305,53,691,358,1.93016759776536
"11750","San Mateo County",2019-06-01,592,67,292,58,659,350,1.88285714285714
"11751","San Mateo County",2019-07-01,589,69,303,56,658,359,1.83286908077994
"11752","San Mateo County",2019-08-01,598,67,324,53,665,377,1.76392572944297
"11753","San Mateo County",2019-09-01,593,68,325,50,661,375,1.76266666666667
"11754","San Mateo County",2019-10-01,597,67,313,44,664,357,1.85994397759104
"11755","San Mateo County",2019-11-01,580,62,310,48,642,358,1.79329608938547
"11756","San Mateo County",2019-12-01,554,62,299,43,616,342,1.80116959064327
"11757","San Mateo County",2020-01-01,551,64,297,41,615,338,1.81952662721893
"11758","San Mateo County",2020-02-01,561,76,290,47,637,337,1.89020771513353
"11759","San Mateo County",2020-03-01,518,60,262,47,578,309,1.8705501618123
"11760","Santa Barbara County",1995-10-01,392,51,448,67,443,515,0.860194174757282
"11761","Santa Barbara County",1995-11-01,371,40,451,71,411,522,0.78735632183908
"11762","Santa Barbara County",1995-12-01,368,33,452,54,401,506,0.792490118577075
"11763","Santa Barbara County",1996-01-01,374,41,447,54,415,501,0.828343313373254
"11764","Santa Barbara County",1996-02-01,379,49,480,54,428,534,0.801498127340824
"11765","Santa Barbara County",1996-03-01,370,44,479,67,414,546,0.758241758241758
"11766","Santa Barbara County",1996-04-01,386,41,448,63,427,511,0.835616438356164
"11767","Santa Barbara County",1996-05-01,376,44,441,51,420,492,0.853658536585366
"11768","Santa Barbara County",1996-06-01,406,51,429,53,457,482,0.948132780082988
"11769","Santa Barbara County",1996-07-01,412,52,431,54,464,485,0.956701030927835
"11770","Santa Barbara County",1996-08-01,387,52,444,54,439,498,0.881526104417671
"11771","Santa Barbara County",1996-09-01,387,46,455,55,433,510,0.849019607843137
"11772","Santa Barbara County",1996-10-01,362,59,454,56,421,510,0.825490196078431
"11773","Santa Barbara County",1996-11-01,335,55,440,54,390,494,0.789473684210526
"11774","Santa Barbara County",1996-12-01,307,42,412,53,349,465,0.750537634408602
"11775","Santa Barbara County",1997-01-01,311,52,387,44,363,431,0.842227378190255
"11776","Santa Barbara County",1997-02-01,327,59,416,61,386,477,0.809224318658281
"11777","Santa Barbara County",1997-03-01,345,51,446,72,396,518,0.764478764478765
"11778","Santa Barbara County",1997-04-01,357,43,457,66,400,523,0.764818355640535
"11779","Santa Barbara County",1997-05-01,367,51,446,71,418,517,0.808510638297872
"11780","Santa Barbara County",1997-06-01,370,47,453,78,417,531,0.785310734463277
"11781","Santa Barbara County",1997-07-01,363,44,465,75,407,540,0.753703703703704
"11782","Santa Barbara County",1997-08-01,404,45,470,66,449,536,0.837686567164179
"11783","Santa Barbara County",1997-09-01,393,47,323,225,440,548,0.802919708029197
"11784","Santa Barbara County",1997-10-01,404,53,498,59,457,557,0.820466786355476
"11785","Santa Barbara County",1997-11-01,363,56,533,60,419,593,0.706576728499157
"11786","Santa Barbara County",1997-12-01,338,48,494,62,386,556,0.694244604316547
"11787","Santa Barbara County",1998-01-01,358,55,476,66,413,542,0.761992619926199
"11788","Santa Barbara County",1998-02-01,385,59,491,64,444,555,0.8
"11789","Santa Barbara County",1998-03-01,397,66,513,63,463,576,0.803819444444444
"11790","Santa Barbara County",1998-04-01,378,63,486,55,441,541,0.815157116451017
"11791","Santa Barbara County",1998-05-01,348,64,469,59,412,528,0.78030303030303
"11792","Santa Barbara County",1998-06-01,361,70,436,52,431,488,0.883196721311475
"11793","Santa Barbara County",1998-07-01,347,58,443,68,405,511,0.792563600782779
"11794","Santa Barbara County",1998-08-01,369,64,458,61,433,519,0.834296724470135
"11795","Santa Barbara County",1998-09-01,379,62,457,63,441,520,0.848076923076923
"11796","Santa Barbara County",1998-10-01,397,66,444,60,463,504,0.918650793650794
"11797","Santa Barbara County",1998-11-01,364,73,441,44,437,485,0.901030927835052
"11798","Santa Barbara County",1998-12-01,357,64,407,46,421,453,0.929359823399558
"11799","Santa Barbara County",1999-01-01,379,33,424,91,412,515,0.8
"11800","Santa Barbara County",1999-02-01,376,67,462,62,443,524,0.845419847328244
"11801","Santa Barbara County",1999-03-01,374,63,446,58,437,504,0.867063492063492
"11802","Santa Barbara County",1999-04-01,367,61,423,61,428,484,0.884297520661157
"11803","Santa Barbara County",1999-05-01,365,68,409,58,433,467,0.927194860813705
"11804","Santa Barbara County",1999-06-01,377,59,389,66,436,455,0.958241758241758
"11805","Santa Barbara County",1999-07-01,386,59,354,53,445,407,1.09336609336609
"11806","Santa Barbara County",1999-08-01,395,63,336,55,458,391,1.17135549872123
"11807","Santa Barbara County",1999-09-01,390,65,366,49,455,415,1.09638554216867
"11808","Santa Barbara County",1999-10-01,421,70,373,44,491,417,1.17745803357314
"11809","Santa Barbara County",1999-11-01,387,67,405,51,454,456,0.995614035087719
"11810","Santa Barbara County",1999-12-01,390,54,401,55,444,456,0.973684210526316
"11811","Santa Barbara County",2000-01-01,398,59,377,56,457,433,1.0554272517321
"11812","Santa Barbara County",2000-02-01,388,54,381,57,442,438,1.00913242009132
"11813","Santa Barbara County",2000-03-01,382,59,400,45,441,445,0.991011235955056
"11814","Santa Barbara County",2000-04-01,359,51,428,42,410,470,0.872340425531915
"11815","Santa Barbara County",2000-05-01,370,48,415,53,418,468,0.893162393162393
"11816","Santa Barbara County",2000-06-01,359,56,411,53,415,464,0.894396551724138
"11817","Santa Barbara County",2000-07-01,356,53,414,49,409,463,0.883369330453564
"11818","Santa Barbara County",2000-08-01,334,56,430,48,390,478,0.815899581589958
"11819","Santa Barbara County",2000-09-01,351,55,415,46,406,461,0.880694143167028
"11820","Santa Barbara County",2000-10-01,359,58,397,54,417,451,0.924611973392461
"11821","Santa Barbara County",2000-11-01,381,56,383,47,437,430,1.01627906976744
"11822","Santa Barbara County",2000-12-01,362,61,355,45,423,400,1.0575
"11823","Santa Barbara County",2001-01-01,400,61,346,46,461,392,1.17602040816327
"11824","Santa Barbara County",2001-02-01,403,59,358,49,462,407,1.13513513513514
"11825","Santa Barbara County",2001-03-01,386,61,376,51,447,427,1.04683840749415
"11826","Santa Barbara County",2001-04-01,420,55,336,56,475,392,1.21173469387755
"11827","Santa Barbara County",2001-05-01,429,69,336,45,498,381,1.30708661417323
"11828","Santa Barbara County",2001-06-01,447,67,337,47,514,384,1.33854166666667
"11829","Santa Barbara County",2001-07-01,439,59,322,51,498,373,1.33512064343164
"11830","Santa Barbara County",2001-08-01,424,53,300,50,477,350,1.36285714285714
"11831","Santa Barbara County",2001-09-01,432,56,299,45,488,344,1.41860465116279
"11832","Santa Barbara County",2001-10-01,428,61,283,27,489,310,1.57741935483871
"11833","Santa Barbara County",2001-11-01,457,62,270,25,519,295,1.75932203389831
"11834","Santa Barbara County",2001-12-01,403,53,278,25,456,303,1.5049504950495
"11835","Santa Barbara County",2002-01-01,396,59,282,25,455,307,1.48208469055375
"11836","Santa Barbara County",2002-02-01,409,60,278,30,469,308,1.52272727272727
"11837","Santa Barbara County",2002-03-01,438,60,273,39,498,312,1.59615384615385
"11838","Santa Barbara County",2002-04-01,430,68,269,45,498,314,1.5859872611465
"11839","Santa Barbara County",2002-05-01,435,71,280,40,506,320,1.58125
"11840","Santa Barbara County",2002-06-01,467,68,268,36,535,304,1.75986842105263
"11841","Santa Barbara County",2002-07-01,454,69,283,37,523,320,1.634375
"11842","Santa Barbara County",2002-08-01,465,77,295,53,542,348,1.55747126436782
"11843","Santa Barbara County",2002-09-01,454,66,298,58,520,356,1.46067415730337
"11844","Santa Barbara County",2002-10-01,473,60,299,46,533,345,1.54492753623188
"11845","Santa Barbara County",2002-11-01,438,64,307,41,502,348,1.44252873563218
"11846","Santa Barbara County",2002-12-01,433,62,293,41,495,334,1.48203592814371
"11847","Santa Barbara County",2003-01-01,456,71,301,43,527,344,1.53197674418605
"11848","Santa Barbara County",2003-02-01,451,77,305,40,528,345,1.5304347826087
"11849","Santa Barbara County",2003-03-01,442,73,328,44,515,372,1.38440860215054
"11850","Santa Barbara County",2003-04-01,447,76,321,47,523,368,1.42119565217391
"11851","Santa Barbara County",2003-05-01,435,79,340,46,514,386,1.33160621761658
"11852","Santa Barbara County",2003-06-01,431,79,314,47,510,361,1.41274238227147
"11853","Santa Barbara County",2003-07-01,436,79,325,49,515,374,1.37700534759358
"11854","Santa Barbara County",2003-08-01,456,79,320,40,535,360,1.48611111111111
"11855","Santa Barbara County",2003-09-01,468,89,332,31,557,363,1.53443526170799
"11856","Santa Barbara County",2003-10-01,468,87,324,40,555,364,1.52472527472527
"11857","Santa Barbara County",2003-11-01,459,78,338,49,537,387,1.38759689922481
"11858","Santa Barbara County",2003-12-01,433,79,331,43,512,374,1.36898395721925
"11859","Santa Barbara County",2004-01-01,437,83,312,46,520,358,1.45251396648045
"11860","Santa Barbara County",2004-02-01,446,87,322,38,533,360,1.48055555555556
"11861","Santa Barbara County",2004-03-01,491,87,322,39,578,361,1.601108033241
"11862","Santa Barbara County",2004-04-01,511,86,300,38,597,338,1.76627218934911
"11863","Santa Barbara County",2004-05-01,490,90,291,40,580,331,1.75226586102719
"11864","Santa Barbara County",2004-06-01,505,86,273,47,591,320,1.846875
"11865","Santa Barbara County",2004-07-01,519,83,281,48,602,329,1.82978723404255
"11866","Santa Barbara County",2004-08-01,511,91,289,38,602,327,1.84097859327217
"11867","Santa Barbara County",2004-09-01,559,94,283,40,653,323,2.02167182662539
"11868","Santa Barbara County",2004-10-01,528,85,282,41,613,323,1.89783281733746
"11869","Santa Barbara County",2004-11-01,551,104,253,19,655,272,2.40808823529412
"11870","Santa Barbara County",2004-12-01,566,110,253,24,676,277,2.44043321299639
"11871","Santa Barbara County",2005-01-01,557,116,265,34,673,299,2.25083612040134
"11872","Santa Barbara County",2005-02-01,574,113,295,37,687,332,2.06927710843373
"11873","Santa Barbara County",2005-03-01,569,103,293,51,672,344,1.95348837209302
"11874","Santa Barbara County",2005-04-01,584,87,284,51,671,335,2.00298507462687
"11875","Santa Barbara County",2005-05-01,579,92,291,50,671,341,1.96774193548387
"11876","Santa Barbara County",2005-06-01,574,93,319,54,667,373,1.78820375335121
"11877","Santa Barbara County",2005-07-01,534,89,301,53,623,354,1.75988700564972
"11878","Santa Barbara County",2005-08-01,543,93,264,47,636,311,2.04501607717042
"11879","Santa Barbara County",2005-09-01,545,99,266,45,644,311,2.07073954983923
"11880","Santa Barbara County",2005-10-01,520,98,273,53,618,326,1.89570552147239
"11881","Santa Barbara County",2005-11-01,515,107,277,41,622,318,1.9559748427673
"11882","Santa Barbara County",2005-12-01,498,105,300,41,603,341,1.7683284457478
"11883","Santa Barbara County",2006-01-01,545,104,274,44,649,318,2.04088050314465
"11884","Santa Barbara County",2006-02-01,498,96,305,53,594,358,1.65921787709497
"11885","Santa Barbara County",2006-03-01,514,90,314,63,604,377,1.60212201591512
"11886","Santa Barbara County",2006-04-01,532,102,297,59,634,356,1.78089887640449
"11887","Santa Barbara County",2006-05-01,542,95,298,56,637,354,1.79943502824859
"11888","Santa Barbara County",2006-06-01,511,94,310,52,605,362,1.67127071823204
"11889","Santa Barbara County",2006-07-01,524,102,308,56,626,364,1.71978021978022
"11890","Santa Barbara County",2006-08-01,547,111,296,61,658,357,1.84313725490196
"11891","Santa Barbara County",2006-09-01,541,117,282,58,658,340,1.93529411764706
"11892","Santa Barbara County",2006-10-01,515,118,300,47,633,347,1.82420749279539
"11893","Santa Barbara County",2006-11-01,531,102,284,47,633,331,1.91238670694864
"11894","Santa Barbara County",2006-12-01,536,85,276,50,621,326,1.90490797546012
"11895","Santa Barbara County",2007-01-01,533,96,259,54,629,313,2.00958466453674
"11896","Santa Barbara County",2007-02-01,549,82,266,52,631,318,1.98427672955975
"11897","Santa Barbara County",2007-03-01,571,90,280,48,661,328,2.01524390243902
"11898","Santa Barbara County",2007-04-01,537,99,267,43,636,310,2.05161290322581
"11899","Santa Barbara County",2007-05-01,508,99,280,39,607,319,1.90282131661442
"11900","Santa Barbara County",2007-06-01,548,122,260,37,670,297,2.25589225589226
"11901","Santa Barbara County",2007-07-01,517,107,280,50,624,330,1.89090909090909
"11902","Santa Barbara County",2007-08-01,508,102,306,64,610,370,1.64864864864865
"11903","Santa Barbara County",2007-09-01,517,92,300,72,609,372,1.63709677419355
"11904","Santa Barbara County",2007-10-01,518,94,303,60,612,363,1.68595041322314
"11905","Santa Barbara County",2007-11-01,538,83,282,53,621,335,1.85373134328358
"11906","Santa Barbara County",2007-12-01,520,83,259,52,603,311,1.93890675241158
"11907","Santa Barbara County",2008-01-01,524,92,271,53,616,324,1.90123456790123
"11908","Santa Barbara County",2008-02-01,525,96,274,54,621,328,1.89329268292683
"11909","Santa Barbara County",2008-03-01,497,92,302,53,589,355,1.65915492957746
"11910","Santa Barbara County",2008-04-01,484,90,295,51,574,346,1.65895953757225
"11911","Santa Barbara County",2008-05-01,511,88,297,54,599,351,1.70655270655271
"11912","Santa Barbara County",2008-06-01,524,91,289,59,615,348,1.76724137931034
"11913","Santa Barbara County",2008-07-01,534,93,275,66,627,341,1.83870967741935
"11914","Santa Barbara County",2008-08-01,521,82,319,63,603,382,1.57853403141361
"11915","Santa Barbara County",2008-09-01,520,83,324,64,603,388,1.55412371134021
"11916","Santa Barbara County",2008-10-01,519,82,335,63,601,398,1.51005025125628
"11917","Santa Barbara County",2008-11-01,518,82,333,61,600,394,1.52284263959391
"11918","Santa Barbara County",2008-12-01,519,81,332,60,600,392,1.53061224489796
"11919","Santa Barbara County",2009-01-01,558,85,170,48,643,218,2.94954128440367
"11920","Santa Barbara County",2009-02-01,639,92,182,41,731,223,3.2780269058296
"11921","Santa Barbara County",2009-03-01,668,98,176,40,766,216,3.5462962962963
"11922","Santa Barbara County",2009-04-01,521,82,329,60,603,389,1.55012853470437
"11923","Santa Barbara County",2009-05-01,511,75,312,56,586,368,1.59239130434783
"11924","Santa Barbara County",2009-06-01,516,78,298,58,594,356,1.6685393258427
"11925","Santa Barbara County",2009-07-01,453,78,407,77,531,484,1.09710743801653
"11926","Santa Barbara County",2009-08-01,644,103,193,40,747,233,3.20600858369099
"11927","Santa Barbara County",2009-09-01,634,112,216,31,746,247,3.02024291497976
"11928","Santa Barbara County",2009-10-01,638,97,204,34,735,238,3.08823529411765
"11929","Santa Barbara County",2009-11-01,638,94,208,33,732,241,3.03734439834025
"11930","Santa Barbara County",2009-12-01,621,87,195,37,708,232,3.05172413793103
"11931","Santa Barbara County",2010-01-01,660,86,170,37,746,207,3.60386473429952
"11932","Santa Barbara County",2010-02-01,569,95,197,35,664,232,2.86206896551724
"11933","Santa Barbara County",2010-03-01,650,115,245,32,765,277,2.76173285198556
"11934","Santa Barbara County",2010-04-01,655,76,166,50,731,216,3.38425925925926
"11935","Santa Barbara County",2010-05-01,646,92,165,32,738,197,3.74619289340102
"11936","Santa Barbara County",2010-06-01,583,102,191,33,685,224,3.05803571428571
"11937","Santa Barbara County",2010-07-01,646,109,179,24,755,203,3.7192118226601
"11938","Santa Barbara County",2010-08-01,653,114,181,21,767,202,3.7970297029703
"11939","Santa Barbara County",2010-09-01,663,106,152,23,769,175,4.39428571428571
"11940","Santa Barbara County",2010-10-01,595,107,188,20,702,208,3.375
"11941","Santa Barbara County",2010-11-01,639,107,136,25,746,161,4.63354037267081
"11942","Santa Barbara County",2010-12-01,535,96,222,30,631,252,2.50396825396825
"11943","Santa Barbara County",2011-01-01,546,114,204,23,660,227,2.90748898678414
"11944","Santa Barbara County",2011-02-01,513,93,249,32,606,281,2.15658362989324
"11945","Santa Barbara County",2011-03-01,544,91,236,35,635,271,2.34317343173432
"11946","Santa Barbara County",2011-04-01,554,101,242,25,655,267,2.45318352059925
"11947","Santa Barbara County",2011-05-01,597,87,205,35,684,240,2.85
"11948","Santa Barbara County",2011-06-01,569,102,218,32,671,250,2.684
"11949","Santa Barbara County",2011-07-01,587,144,168,25,731,193,3.78756476683938
"11950","Santa Barbara County",2011-08-01,586,94,162,28,680,190,3.57894736842105
"11951","Santa Barbara County",2011-09-01,590,88,147,29,678,176,3.85227272727273
"11952","Santa Barbara County",2011-10-01,567,83,191,31,650,222,2.92792792792793
"11953","Santa Barbara County",2011-11-01,494,74,280,32,568,312,1.82051282051282
"11954","Santa Barbara County",2011-12-01,600,69,188,31,669,219,3.05479452054795
"11955","Santa Barbara County",2012-01-01,569,90,244,34,659,278,2.3705035971223
"11956","Santa Barbara County",2012-02-01,541,89,277,40,630,317,1.98738170347003
"11957","Santa Barbara County",2012-03-01,562,87,267,33,649,300,2.16333333333333
"11958","Santa Barbara County",2012-04-01,601,91,248,36,692,284,2.43661971830986
"11959","Santa Barbara County",2012-05-01,583,77,249,41,660,290,2.27586206896552
"11960","Santa Barbara County",2012-06-01,592,85,246,44,677,290,2.33448275862069
"11961","Santa Barbara County",2012-07-01,592,84,255,48,676,303,2.23102310231023
"11962","Santa Barbara County",2012-08-01,656,104,205,39,760,244,3.11475409836066
"11963","Santa Barbara County",2012-09-01,646,104,247,47,750,294,2.55102040816327
"11964","Santa Barbara County",2012-10-01,633,107,261,39,740,300,2.46666666666667
"11965","Santa Barbara County",2012-11-01,614,104,276,36,718,312,2.30128205128205
"11966","Santa Barbara County",2012-12-01,580,98,252,35,678,287,2.36236933797909
"11967","Santa Barbara County",2013-01-01,570,95,252,42,665,294,2.26190476190476
"11968","Santa Barbara County",2013-02-01,615,101,255,41,716,296,2.41891891891892
"11969","Santa Barbara County",2013-03-01,617,96,250,46,713,296,2.40878378378378
"11970","Santa Barbara County",2013-04-01,631,112,225,32,743,257,2.89105058365759
"11971","Santa Barbara County",2013-05-01,606,104,240,42,710,282,2.5177304964539
"11972","Santa Barbara County",2013-06-01,614,100,247,52,714,299,2.38795986622074
"11973","Santa Barbara County",2013-07-01,625,99,253,56,724,309,2.34304207119741
"11974","Santa Barbara County",2013-08-01,616,103,269,57,719,326,2.20552147239264
"11975","Santa Barbara County",2013-09-01,630,108,206,44,738,250,2.952
"11976","Santa Barbara County",2013-10-01,622,124,227,40,746,267,2.7940074906367
"11977","Santa Barbara County",2013-11-01,625,138,217,43,763,260,2.93461538461538
"11978","Santa Barbara County",2013-12-01,599,110,203,47,709,250,2.836
"11979","Santa Barbara County",2014-01-01,606,113,203,40,719,243,2.95884773662551
"11980","Santa Barbara County",2014-02-01,648,105,212,36,753,248,3.03629032258065
"11981","Santa Barbara County",2014-03-01,666,109,220,40,775,260,2.98076923076923
"11982","Santa Barbara County",2014-04-01,636,118,232,39,754,271,2.78228782287823
"11983","Santa Barbara County",2014-05-01,649,116,212,37,765,249,3.07228915662651
"11984","Santa Barbara County",2014-06-01,639,106,200,44,745,244,3.05327868852459
"11985","Santa Barbara County",2014-07-01,622,99,208,46,721,254,2.83858267716535
"11986","Santa Barbara County",2014-08-01,638,111,205,37,749,242,3.09504132231405
"11987","Santa Barbara County",2014-09-01,623,104,203,34,727,237,3.06751054852321
"11988","Santa Barbara County",2014-10-01,603,109,213,32,712,245,2.90612244897959
"11989","Santa Barbara County",2014-11-01,533,93,215,36,626,251,2.49402390438247
"11990","Santa Barbara County",2014-12-01,488,79,198,33,567,231,2.45454545454545
"11991","Santa Barbara County",2015-01-01,495,65,204,34,560,238,2.35294117647059
"11992","Santa Barbara County",2015-02-01,569,41,180,27,610,207,2.94685990338164
"11993","Santa Barbara County",2015-03-01,526,78,199,26,604,225,2.68444444444444
"11994","Santa Barbara County",2015-04-01,528,79,190,29,607,219,2.7716894977169
"11995","Santa Barbara County",2015-05-01,528,88,209,28,616,237,2.59915611814346
"11996","Santa Barbara County",2015-06-01,523,89,225,30,612,255,2.4
"11997","Santa Barbara County",2015-07-01,502,73,260,45,575,305,1.88524590163934
"11998","Santa Barbara County",2015-08-01,566,83,230,38,649,268,2.42164179104478
"11999","Santa Barbara County",2015-09-01,614,94,222,38,708,260,2.72307692307692
"12000","Santa Barbara County",2015-10-01,616,104,222,41,720,263,2.73764258555133
"12001","Santa Barbara County",2015-11-01,626,91,213,35,717,248,2.89112903225806
"12002","Santa Barbara County",2015-12-01,602,81,225,35,683,260,2.62692307692308
"12003","Santa Barbara County",2016-01-01,606,95,225,35,701,260,2.69615384615385
"12004","Santa Barbara County",2016-02-01,652,97,231,42,749,273,2.74358974358974
"12005","Santa Barbara County",2016-03-01,652,105,247,48,757,295,2.56610169491525
"12006","Santa Barbara County",2016-04-01,647,107,246,42,754,288,2.61805555555556
"12007","Santa Barbara County",2016-05-01,653,97,254,43,750,297,2.52525252525253
"12008","Santa Barbara County",2016-06-01,637,99,246,35,736,281,2.61921708185053
"12009","Santa Barbara County",2016-07-01,646,87,245,33,733,278,2.63669064748201
"12010","Santa Barbara County",2016-08-01,662,90,218,34,752,252,2.98412698412698
"12011","Santa Barbara County",2016-09-01,651,97,256,29,748,285,2.62456140350877
"12012","Santa Barbara County",2016-10-01,646,95,263,31,741,294,2.52040816326531
"12013","Santa Barbara County",2016-11-01,632,91,246,36,723,282,2.56382978723404
"12014","Santa Barbara County",2016-12-01,623,96,220,30,719,250,2.876
"12015","Santa Barbara County",2017-01-01,616,109,219,26,725,245,2.95918367346939
"12016","Santa Barbara County",2017-02-01,632,108,228,33,740,261,2.83524904214559
"12017","Santa Barbara County",2017-03-01,599,96,251,41,695,292,2.38013698630137
"12018","Santa Barbara County",2017-04-01,645,84,243,38,729,281,2.59430604982206
"12019","Santa Barbara County",2017-05-01,653,96,240,33,749,273,2.74358974358974
"12020","Santa Barbara County",2017-06-01,647,89,229,38,736,267,2.7565543071161
"12021","Santa Barbara County",2017-07-01,648,87,230,31,735,261,2.81609195402299
"12022","Santa Barbara County",2017-08-01,646,71,189,29,717,218,3.28899082568807
"12023","Santa Barbara County",2017-09-01,617,85,214,35,702,249,2.81927710843373
"12024","Santa Barbara County",2017-10-01,591,86,234,38,677,272,2.48897058823529
"12025","Santa Barbara County",2017-11-01,590,89,218,34,679,252,2.69444444444444
"12026","Santa Barbara County",2017-12-01,558,91,201,29,649,230,2.82173913043478
"12027","Santa Barbara County",2018-01-01,509,83,291,44,592,335,1.76716417910448
"12028","Santa Barbara County",2018-02-01,528,100,273,56,628,329,1.90881458966565
"12029","Santa Barbara County",2018-03-01,497,80,279,57,577,336,1.7172619047619
"12030","Santa Barbara County",2018-04-01,520,73,284,46,593,330,1.7969696969697
"12031","Santa Barbara County",2018-05-01,514,69,304,44,583,348,1.67528735632184
"12032","Santa Barbara County",2018-06-01,508,83,297,51,591,348,1.69827586206897
"12033","Santa Barbara County",2018-07-01,528,80,286,61,608,347,1.7521613832853
"12034","Santa Barbara County",2018-08-01,546,83,302,63,629,365,1.72328767123288
"12035","Santa Barbara County",2018-09-01,552,92,329,59,644,388,1.65979381443299
"12036","Santa Barbara County",2018-10-01,525,87,333,51,612,384,1.59375
"12037","Santa Barbara County",2018-11-01,495,91,304,49,586,353,1.6600566572238
"12038","Santa Barbara County",2018-12-01,498,98,273,52,596,325,1.83384615384615
"12039","Santa Barbara County",2019-01-01,532,95,275,51,627,326,1.92331288343558
"12040","Santa Barbara County",2019-02-01,554,81,299,52,635,351,1.80911680911681
"12041","Santa Barbara County",2019-03-01,510,75,321,58,585,379,1.54353562005277
"12042","Santa Barbara County",2019-04-01,498,77,308,72,575,380,1.51315789473684
"12043","Santa Barbara County",2019-05-01,473,73,282,60,546,342,1.59649122807018
"12044","Santa Barbara County",2019-06-01,492,74,286,48,566,334,1.69461077844311
"12045","Santa Barbara County",2019-07-01,495,72,280,51,567,331,1.71299093655589
"12046","Santa Barbara County",2019-08-01,509,69,276,57,578,333,1.73573573573574
"12047","Santa Barbara County",2019-09-01,479,63,284,55,542,339,1.59882005899705
"12048","Santa Barbara County",2019-10-01,448,63,289,56,511,345,1.48115942028986
"12049","Santa Barbara County",2019-11-01,564,68,353,55,632,408,1.54901960784314
"12050","Santa Barbara County",2019-12-01,474,73,267,44,547,311,1.7588424437299
"12051","Santa Barbara County",2020-01-01,502,74,280,35,576,315,1.82857142857143
"12052","Santa Barbara County",2020-02-01,496,67,317,42,563,359,1.56824512534819
"12053","Santa Barbara County",2020-03-01,439,61,281,46,500,327,1.52905198776758
"12054","Santa Clara County",1995-10-01,2504,252,1724,237,2756,1961,1.40540540540541
"12055","Santa Clara County",1995-11-01,2458,241,1721,230,2699,1951,1.38339313172732
"12056","Santa Clara County",1995-12-01,2406,253,1659,247,2659,1906,1.39506820566632
"12057","Santa Clara County",1996-01-01,2414,275,1567,236,2689,1803,1.49140321686079
"12058","Santa Clara County",1996-02-01,2440,268,1600,254,2708,1854,1.46062567421791
"12059","Santa Clara County",1996-03-01,2465,244,1656,272,2709,1928,1.40508298755187
"12060","Santa Clara County",1996-04-01,2368,224,1799,289,2592,2088,1.24137931034483
"12061","Santa Clara County",1996-05-01,2337,223,1714,263,2560,1977,1.29489124936773
"12062","Santa Clara County",1996-06-01,2397,236,1667,256,2633,1923,1.36921476859074
"12063","Santa Clara County",1996-07-01,2362,236,1606,292,2598,1898,1.36880927291886
"12064","Santa Clara County",1996-08-01,2369,242,1572,239,2611,1811,1.44174489232468
"12065","Santa Clara County",1996-09-01,2354,230,1563,249,2584,1812,1.42604856512141
"12066","Santa Clara County",1996-10-01,2380,242,1616,261,2622,1877,1.39690996270645
"12067","Santa Clara County",1996-11-01,2391,251,1536,231,2642,1767,1.4951895868704
"12068","Santa Clara County",1996-12-01,2422,225,1499,225,2647,1724,1.53538283062645
"12069","Santa Clara County",1997-01-01,2508,244,1509,225,2752,1734,1.58708189158016
"12070","Santa Clara County",1997-02-01,2513,259,1617,250,2772,1867,1.48473486877343
"12071","Santa Clara County",1997-03-01,2466,258,1632,242,2724,1874,1.45357524012807
"12072","Santa Clara County",1997-04-01,2508,1325,465,224,3833,689,5.56313497822932
"12073","Santa Clara County",1997-05-01,2466,258,1658,244,2724,1902,1.43217665615142
"12074","Santa Clara County",1997-06-01,2466,258,1658,245,2724,1903,1.43142406726222
"12075","Santa Clara County",1997-07-01,2685,313,1634,222,2998,1856,1.61530172413793
"12076","Santa Clara County",1997-08-01,2683,290,1691,248,2973,1939,1.53326456936565
"12077","Santa Clara County",1997-09-01,2803,322,1666,257,3125,1923,1.6250650026001
"12078","Santa Clara County",1997-10-01,2845,309,1658,273,3154,1931,1.63335059554635
"12079","Santa Clara County",1997-11-01,2807,317,1673,275,3124,1948,1.60369609856263
"12080","Santa Clara County",1997-12-01,2770,311,1627,258,3081,1885,1.63448275862069
"12081","Santa Clara County",1998-01-01,2677,288,1731,271,2965,2002,1.48101898101898
"12082","Santa Clara County",1998-02-01,2530,257,1896,303,2787,2199,1.26739427012278
"12083","Santa Clara County",1998-03-01,2530,257,1899,303,2787,2202,1.26566757493188
"12084","Santa Clara County",1998-04-01,2471,256,1970,294,2727,2264,1.20450530035336
"12085","Santa Clara County",1998-05-01,2449,266,1871,305,2715,2176,1.24770220588235
"12086","Santa Clara County",1998-06-01,2507,255,1825,303,2762,2128,1.29793233082707
"12087","Santa Clara County",1998-07-01,2516,238,1808,284,2754,2092,1.31644359464627
"12088","Santa Clara County",1998-08-01,2450,241,1800,295,2691,2095,1.28448687350835
"12089","Santa Clara County",1998-09-01,2453,239,1811,314,2692,2125,1.26682352941176
"12090","Santa Clara County",1998-10-01,2373,229,1847,305,2602,2152,1.20910780669145
"12091","Santa Clara County",1998-11-01,2326,273,1796,292,2599,2088,1.24473180076628
"12092","Santa Clara County",1998-12-01,2327,274,1795,295,2601,2090,1.2444976076555
"12093","Santa Clara County",1999-01-01,2293,234,1740,290,2527,2030,1.2448275862069
"12094","Santa Clara County",1999-02-01,2286,229,1919,306,2515,2225,1.13033707865169
"12095","Santa Clara County",1999-03-01,2204,223,1989,319,2427,2308,1.05155979202773
"12096","Santa Clara County",1999-04-01,2178,220,1942,313,2398,2255,1.06341463414634
"12097","Santa Clara County",1999-05-01,2217,241,1954,316,2458,2270,1.08281938325991
"12098","Santa Clara County",1999-06-01,2251,241,1924,318,2492,2242,1.11150758251561
"12099","Santa Clara County",1999-07-01,2253,219,1941,335,2472,2276,1.08611599297012
"12100","Santa Clara County",1999-08-01,2280,239,1919,301,2519,2220,1.13468468468468
"12101","Santa Clara County",1999-09-01,2289,244,1914,297,2533,2211,1.14563545906829
"12102","Santa Clara County",1999-10-01,2283,241,1903,296,2524,2199,1.14779445202365
"12103","Santa Clara County",1999-11-01,2232,225,1735,247,2457,1982,1.23965691220989
"12104","Santa Clara County",1999-12-01,2283,239,1825,273,2522,2098,1.20209723546235
"12105","Santa Clara County",2000-01-01,2252,238,1661,255,2490,1916,1.29958246346555
"12106","Santa Clara County",2000-02-01,2255,250,1720,281,2505,2001,1.25187406296852
"12107","Santa Clara County",2000-03-01,2181,241,1823,281,2422,2104,1.15114068441065
"12108","Santa Clara County",2000-04-01,2126,265,1844,302,2391,2146,1.11416589002796
"12109","Santa Clara County",2000-05-01,2169,268,1761,308,2437,2069,1.17786370227163
"12110","Santa Clara County",2000-06-01,2131,280,1754,294,2411,2048,1.17724609375
"12111","Santa Clara County",2000-07-01,2097,282,1697,290,2379,1987,1.19728233517866
"12112","Santa Clara County",2000-08-01,2134,274,1660,274,2408,1934,1.24508790072389
"12113","Santa Clara County",2000-09-01,2212,263,1696,281,2475,1977,1.25189681335357
"12114","Santa Clara County",2000-10-01,2254,275,1696,309,2529,2005,1.26134663341646
"12115","Santa Clara County",2000-11-01,2282,261,1725,309,2543,2034,1.25024582104228
"12116","Santa Clara County",2000-12-01,2263,261,1719,287,2524,2006,1.25822532402792
"12117","Santa Clara County",2001-01-01,2270,257,1651,275,2527,1926,1.31204569055036
"12118","Santa Clara County",2001-02-01,2339,271,1604,253,2610,1857,1.40549273021002
"12119","Santa Clara County",2001-03-01,2320,252,1586,252,2572,1838,1.3993471164309
"12120","Santa Clara County",2001-04-01,2338,241,1543,236,2579,1779,1.44969083754919
"12121","Santa Clara County",2001-05-01,2328,252,1551,228,2580,1779,1.45025295109612
"12122","Santa Clara County",2001-06-01,2318,262,1555,221,2580,1776,1.4527027027027
"12123","Santa Clara County",2001-07-01,2341,287,1466,213,2628,1679,1.56521739130435
"12124","Santa Clara County",2001-08-01,2334,258,1411,214,2592,1625,1.59507692307692
"12125","Santa Clara County",2001-09-01,2341,242,1367,206,2583,1573,1.64208518753973
"12126","Santa Clara County",2001-10-01,2383,248,1342,197,2631,1539,1.70955165692008
"12127","Santa Clara County",2001-11-01,2361,257,1271,170,2618,1441,1.81679389312977
"12128","Santa Clara County",2001-12-01,2318,277,1190,163,2595,1353,1.9179600886918
"12129","Santa Clara County",2002-01-01,2366,309,1135,163,2675,1298,2.06086286594761
"12130","Santa Clara County",2002-02-01,2367,306,1151,162,2673,1313,2.03579588728104
"12131","Santa Clara County",2002-03-01,2376,299,1172,177,2675,1349,1.98295033358043
"12132","Santa Clara County",2002-04-01,2440,303,1148,185,2743,1333,2.05776444111028
"12133","Santa Clara County",2002-05-01,2457,299,1126,184,2756,1310,2.10381679389313
"12134","Santa Clara County",2002-06-01,2454,281,1174,197,2735,1371,1.99489423778264
"12135","Santa Clara County",2002-07-01,2501,276,1186,190,2777,1376,2.01816860465116
"12136","Santa Clara County",2002-08-01,2443,311,1210,183,2754,1393,1.9770279971285
"12137","Santa Clara County",2002-09-01,2436,315,1215,183,2751,1398,1.96781115879828
"12138","Santa Clara County",2002-10-01,2407,319,1212,188,2726,1400,1.94714285714286
"12139","Santa Clara County",2002-11-01,2378,301,1182,193,2679,1375,1.94836363636364
"12140","Santa Clara County",2002-12-01,2316,283,1130,176,2599,1306,1.99004594180704
"12141","Santa Clara County",2003-01-01,2355,288,1132,167,2643,1299,2.03464203233256
"12142","Santa Clara County",2003-02-01,2387,290,1165,168,2677,1333,2.00825206301575
"12143","Santa Clara County",2003-03-01,2373,292,1177,179,2665,1356,1.96533923303835
"12144","Santa Clara County",2003-04-01,2431,315,1211,179,2746,1390,1.97553956834532
"12145","Santa Clara County",2003-05-01,2405,343,1216,182,2748,1398,1.9656652360515
"12146","Santa Clara County",2003-06-01,2413,351,1212,191,2764,1403,1.97006414825374
"12147","Santa Clara County",2003-07-01,2371,326,1234,207,2697,1441,1.87161693268563
"12148","Santa Clara County",2003-08-01,2382,310,1198,194,2692,1392,1.93390804597701
"12149","Santa Clara County",2003-09-01,2486,335,1181,167,2821,1348,2.09272997032641
"12150","Santa Clara County",2003-10-01,2477,358,1219,196,2835,1415,2.00353356890459
"12151","Santa Clara County",2003-11-01,2403,340,1236,212,2743,1448,1.89433701657459
"12152","Santa Clara County",2003-12-01,2337,324,1204,193,2661,1397,1.90479599141016
"12153","Santa Clara County",2004-01-01,2385,318,1176,173,2703,1349,2.00370644922165
"12154","Santa Clara County",2004-02-01,2400,322,1204,175,2722,1379,1.97389412617839
"12155","Santa Clara County",2004-03-01,2437,365,1274,203,2802,1477,1.89708869329722
"12156","Santa Clara County",2004-04-01,2474,343,1287,206,2817,1493,1.88680509042197
"12157","Santa Clara County",2004-05-01,2477,350,1304,211,2827,1515,1.86600660066007
"12158","Santa Clara County",2004-06-01,2444,367,1293,205,2811,1498,1.87650200267023
"12159","Santa Clara County",2004-07-01,2430,378,1255,209,2808,1464,1.91803278688525
"12160","Santa Clara County",2004-08-01,2497,415,1236,210,2912,1446,2.01383125864454
"12161","Santa Clara County",2004-09-01,2536,413,1243,212,2949,1455,2.02680412371134
"12162","Santa Clara County",2004-10-01,2432,404,1235,223,2836,1458,1.94513031550069
"12163","Santa Clara County",2004-11-01,2558,395,1245,228,2953,1473,2.00475220638153
"12164","Santa Clara County",2004-12-01,2577,361,1119,189,2938,1308,2.24617737003058
"12165","Santa Clara County",2005-01-01,2602,378,1112,186,2980,1298,2.29583975346687
"12166","Santa Clara County",2005-02-01,2740,383,1100,189,3123,1289,2.42280837858805
"12167","Santa Clara County",2005-03-01,2774,384,1155,204,3158,1359,2.32376747608536
"12168","Santa Clara County",2005-04-01,2701,372,1294,212,3073,1506,2.04050464807437
"12169","Santa Clara County",2005-05-01,2685,410,1258,212,3095,1470,2.10544217687075
"12170","Santa Clara County",2005-06-01,2786,392,1303,229,3178,1532,2.07441253263708
"12171","Santa Clara County",2005-07-01,2777,448,1342,231,3225,1573,2.05022250476796
"12172","Santa Clara County",2005-08-01,2734,416,1373,247,3150,1620,1.94444444444444
"12173","Santa Clara County",2005-09-01,2750,411,1338,219,3161,1557,2.03018625561978
"12174","Santa Clara County",2005-10-01,2744,432,1344,223,3176,1567,2.02680280791321
"12175","Santa Clara County",2005-11-01,2775,446,1410,234,3221,1644,1.95924574209246
"12176","Santa Clara County",2005-12-01,2653,435,1406,214,3088,1620,1.90617283950617
"12177","Santa Clara County",2006-01-01,2611,415,1388,222,3026,1610,1.87950310559006
"12178","Santa Clara County",2006-02-01,2686,398,1417,230,3084,1647,1.87249544626594
"12179","Santa Clara County",2006-03-01,2588,369,1465,266,2957,1731,1.70826112073946
"12180","Santa Clara County",2006-04-01,2552,370,1469,262,2922,1731,1.68804159445407
"12181","Santa Clara County",2006-05-01,2541,375,1459,277,2916,1736,1.67972350230415
"12182","Santa Clara County",2006-06-01,2481,340,1438,256,2821,1694,1.66528925619835
"12183","Santa Clara County",2006-07-01,2502,348,1382,242,2850,1624,1.75492610837438
"12184","Santa Clara County",2006-08-01,2542,347,1415,238,2889,1653,1.74773139745917
"12185","Santa Clara County",2006-09-01,2590,360,1451,230,2950,1681,1.75490779298037
"12186","Santa Clara County",2006-10-01,2727,366,1400,224,3093,1624,1.90455665024631
"12187","Santa Clara County",2006-11-01,2642,389,1408,225,3031,1633,1.85609308022045
"12188","Santa Clara County",2006-12-01,2568,347,1326,231,2915,1557,1.87219010918433
"12189","Santa Clara County",2007-01-01,2619,360,1297,231,2979,1528,1.94960732984293
"12190","Santa Clara County",2007-02-01,2642,369,1306,232,3011,1538,1.95773732119636
"12191","Santa Clara County",2007-03-01,2678,364,1346,250,3042,1596,1.90601503759399
"12192","Santa Clara County",2007-04-01,2725,375,1350,248,3100,1598,1.93992490613267
"12193","Santa Clara County",2007-05-01,2695,402,1412,246,3097,1658,1.86791314837153
"12194","Santa Clara County",2007-06-01,2710,403,1389,234,3113,1623,1.91805298829328
"12195","Santa Clara County",2007-07-01,2735,393,1324,224,3128,1548,2.02067183462532
"12196","Santa Clara County",2007-08-01,2774,374,1307,229,3148,1536,2.04947916666667
"12197","Santa Clara County",2007-09-01,2780,379,1388,242,3159,1630,1.93803680981595
"12198","Santa Clara County",2007-10-01,2716,385,1413,233,3101,1646,1.88396111786148
"12199","Santa Clara County",2007-11-01,2742,384,1337,238,3126,1575,1.9847619047619
"12200","Santa Clara County",2007-12-01,2707,340,1231,224,3047,1455,2.09415807560137
"12201","Santa Clara County",2008-01-01,2746,340,1164,199,3086,1363,2.26412325752018
"12202","Santa Clara County",2008-02-01,2804,356,1196,207,3160,1403,2.25231646471846
"12203","Santa Clara County",2008-03-01,2806,350,1173,200,3156,1373,2.29861616897305
"12204","Santa Clara County",2008-04-01,2787,361,1207,188,3148,1395,2.25663082437276
"12205","Santa Clara County",2008-05-01,2738,383,1263,207,3121,1470,2.12312925170068
"12206","Santa Clara County",2008-06-01,2733,392,1263,219,3125,1482,2.10863697705803
"12207","Santa Clara County",2008-07-01,2759,402,1310,217,3161,1527,2.07007203667322
"12208","Santa Clara County",2008-08-01,2793,380,1300,214,3173,1514,2.09577278731836
"12209","Santa Clara County",2008-09-01,2811,395,1212,212,3206,1424,2.25140449438202
"12210","Santa Clara County",2008-10-01,2817,398,1133,231,3215,1364,2.35703812316716
"12211","Santa Clara County",2008-11-01,2762,387,1167,207,3149,1374,2.29184861717613
"12212","Santa Clara County",2008-12-01,2674,379,1110,186,3053,1296,2.35570987654321
"12213","Santa Clara County",2009-01-01,2704,378,1075,171,3082,1246,2.47351524879615
"12214","Santa Clara County",2009-02-01,2649,365,1120,188,3014,1308,2.30428134556575
"12215","Santa Clara County",2009-03-01,2641,379,1122,206,3020,1328,2.27409638554217
"12216","Santa Clara County",2009-04-01,2613,372,1126,211,2985,1337,2.23261032161556
"12217","Santa Clara County",2009-05-01,2653,331,1158,210,2984,1368,2.1812865497076
"12218","Santa Clara County",2009-06-01,2595,337,1147,200,2932,1347,2.17668893838159
"12219","Santa Clara County",2009-07-01,2547,358,1186,207,2905,1393,2.08542713567839
"12220","Santa Clara County",2009-08-01,2495,357,1200,218,2852,1418,2.01128349788434
"12221","Santa Clara County",2009-09-01,2606,380,1158,213,2986,1371,2.17797228300511
"12222","Santa Clara County",2009-10-01,2605,388,1168,213,2993,1381,2.16727009413469
"12223","Santa Clara County",2009-11-01,2531,371,1125,197,2902,1322,2.19515885022693
"12224","Santa Clara County",2009-12-01,2501,327,1023,183,2828,1206,2.34494195688226
"12225","Santa Clara County",2010-01-01,2545,350,910,152,2895,1062,2.72598870056497
"12226","Santa Clara County",2010-02-01,2587,363,898,154,2950,1052,2.8041825095057
"12227","Santa Clara County",2010-03-01,2540,355,894,166,2895,1060,2.7311320754717
"12228","Santa Clara County",2010-04-01,2564,361,871,164,2925,1035,2.82608695652174
"12229","Santa Clara County",2010-05-01,2433,351,867,174,2784,1041,2.67435158501441
"12230","Santa Clara County",2010-06-01,2431,315,824,173,2746,997,2.7542627883651
"12231","Santa Clara County",2010-07-01,2392,315,849,167,2707,1016,2.66437007874016
"12232","Santa Clara County",2010-08-01,2417,335,842,155,2752,997,2.76028084252758
"12233","Santa Clara County",2010-09-01,2425,336,856,167,2761,1023,2.6989247311828
"12234","Santa Clara County",2010-10-01,2447,339,845,147,2786,992,2.80846774193548
"12235","Santa Clara County",2010-11-01,2420,325,774,141,2745,915,3
"12236","Santa Clara County",2010-12-01,2389,340,715,110,2729,825,3.30787878787879
"12237","Santa Clara County",2011-01-01,2462,332,701,115,2794,816,3.42401960784314
"12238","Santa Clara County",2011-02-01,2412,295,746,135,2707,881,3.07264472190692
"12239","Santa Clara County",2011-03-01,2315,312,754,126,2627,880,2.98522727272727
"12240","Santa Clara County",2011-04-01,2408,331,731,133,2739,864,3.17013888888889
"12241","Santa Clara County",2011-05-01,2375,305,789,150,2680,939,2.85410010649627
"12242","Santa Clara County",2011-06-01,2301,306,836,148,2607,984,2.64939024390244
"12243","Santa Clara County",2011-07-01,2256,300,871,168,2556,1039,2.46005774783446
"12244","Santa Clara County",2011-08-01,2179,291,879,177,2470,1056,2.33901515151515
"12245","Santa Clara County",2011-09-01,2169,297,870,170,2466,1040,2.37115384615385
"12246","Santa Clara County",2011-10-01,2159,303,845,153,2462,998,2.46693386773547
"12247","Santa Clara County",2011-11-01,2152,309,830,145,2461,975,2.52410256410256
"12248","Santa Clara County",2011-12-01,2159,289,823,144,2448,967,2.53154084798345
"12249","Santa Clara County",2012-01-01,2192,288,851,143,2480,994,2.49496981891348
"12250","Santa Clara County",2012-02-01,2176,304,908,162,2480,1070,2.31775700934579
"12251","Santa Clara County",2012-03-01,2165,294,911,157,2459,1068,2.30243445692884
"12252","Santa Clara County",2012-04-01,2194,288,908,163,2482,1071,2.31746031746032
"12253","Santa Clara County",2012-05-01,2184,305,929,172,2489,1101,2.26067211625795
"12254","Santa Clara County",2012-06-01,2209,317,961,178,2526,1139,2.21773485513608
"12255","Santa Clara County",2012-07-01,2265,305,967,196,2570,1163,2.20980223559759
"12256","Santa Clara County",2012-08-01,2229,284,977,191,2513,1168,2.15154109589041
"12257","Santa Clara County",2012-09-01,2261,314,965,172,2575,1137,2.26473175021988
"12258","Santa Clara County",2012-10-01,2281,311,970,175,2592,1145,2.26375545851528
"12259","Santa Clara County",2012-11-01,2312,332,938,178,2644,1116,2.36917562724014
"12260","Santa Clara County",2012-12-01,2256,299,904,176,2555,1080,2.36574074074074
"12261","Santa Clara County",2013-01-01,2292,297,896,170,2589,1066,2.42870544090056
"12262","Santa Clara County",2013-02-01,2322,293,962,182,2615,1144,2.28583916083916
"12263","Santa Clara County",2013-03-01,2347,312,1015,200,2659,1215,2.18847736625514
"12264","Santa Clara County",2013-04-01,2373,317,1009,210,2690,1219,2.20672682526661
"12265","Santa Clara County",2013-05-01,2408,323,1049,201,2731,1250,2.1848
"12266","Santa Clara County",2013-06-01,2495,331,1022,216,2826,1238,2.2827140549273
"12267","Santa Clara County",2013-07-01,2577,348,994,214,2925,1208,2.42135761589404
"12268","Santa Clara County",2013-08-01,2554,340,934,203,2894,1137,2.5452946350044
"12269","Santa Clara County",2013-09-01,2613,360,916,200,2973,1116,2.66397849462366
"12270","Santa Clara County",2013-10-01,2633,371,952,206,3004,1158,2.59412780656304
"12271","Santa Clara County",2013-11-01,2577,363,955,198,2940,1153,2.5498699045967
"12272","Santa Clara County",2013-12-01,2525,335,933,194,2860,1127,2.5377107364685
"12273","Santa Clara County",2014-01-01,2536,351,898,164,2887,1062,2.71845574387947
"12274","Santa Clara County",2014-02-01,2556,357,965,189,2913,1154,2.52426343154246
"12275","Santa Clara County",2014-03-01,2571,364,1041,207,2935,1248,2.35176282051282
"12276","Santa Clara County",2014-04-01,2606,377,1027,210,2983,1237,2.41147938561035
"12277","Santa Clara County",2014-05-01,2581,378,1051,204,2959,1255,2.35776892430279
"12278","Santa Clara County",2014-06-01,2558,365,1052,210,2923,1262,2.3161648177496
"12279","Santa Clara County",2014-07-01,2558,377,1025,206,2935,1231,2.3842404549147
"12280","Santa Clara County",2014-08-01,2595,364,1033,201,2959,1234,2.39789303079417
"12281","Santa Clara County",2014-09-01,2597,376,1011,193,2973,1204,2.46926910299003
"12282","Santa Clara County",2014-10-01,2606,380,981,197,2986,1178,2.53480475382003
"12283","Santa Clara County",2014-11-01,2468,357,957,182,2825,1139,2.48024582967515
"12284","Santa Clara County",2014-12-01,2298,319,873,157,2617,1030,2.54077669902913
"12285","Santa Clara County",2015-01-01,2324,315,791,162,2639,953,2.7691500524659
"12286","Santa Clara County",2015-02-01,2313,318,809,164,2631,973,2.70400822199383
"12287","Santa Clara County",2015-03-01,2380,308,794,164,2688,958,2.80584551148225
"12288","Santa Clara County",2015-04-01,2330,296,799,164,2626,963,2.72689511941848
"12289","Santa Clara County",2015-05-01,2348,307,816,159,2655,975,2.72307692307692
"12290","Santa Clara County",2015-06-01,2362,295,876,162,2657,1038,2.5597302504817
"12291","Santa Clara County",2015-07-01,2333,288,889,158,2621,1047,2.50334288443171
"12292","Santa Clara County",2015-08-01,2302,278,859,161,2580,1020,2.52941176470588
"12293","Santa Clara County",2015-09-01,2355,292,822,150,2647,972,2.72325102880658
"12294","Santa Clara County",2015-10-01,2357,296,831,154,2653,985,2.69340101522843
"12295","Santa Clara County",2015-11-01,2305,296,810,146,2601,956,2.72071129707113
"12296","Santa Clara County",2015-12-01,2272,284,780,138,2556,918,2.7843137254902
"12297","Santa Clara County",2016-01-01,2332,289,754,136,2621,890,2.94494382022472
"12298","Santa Clara County",2016-02-01,2319,299,776,139,2618,915,2.86120218579235
"12299","Santa Clara County",2016-03-01,2316,283,752,158,2599,910,2.85604395604396
"12300","Santa Clara County",2016-04-01,2379,265,778,163,2644,941,2.80977683315622
"12301","Santa Clara County",2016-05-01,2375,265,794,144,2640,938,2.81449893390192
"12302","Santa Clara County",2016-06-01,2368,254,789,139,2622,928,2.82543103448276
"12303","Santa Clara County",2016-07-01,2375,260,796,137,2635,933,2.82422293676313
"12304","Santa Clara County",2016-08-01,2401,274,781,131,2675,912,2.93311403508772
"12305","Santa Clara County",2016-09-01,2401,284,783,135,2685,918,2.92483660130719
"12306","Santa Clara County",2016-10-01,2379,285,811,137,2664,948,2.81012658227848
"12307","Santa Clara County",2016-11-01,2367,284,836,153,2651,989,2.68048533872599
"12308","Santa Clara County",2016-12-01,2262,276,841,147,2538,988,2.56882591093117
"12309","Santa Clara County",2017-01-01,2246,276,829,148,2522,977,2.58137154554759
"12310","Santa Clara County",2017-02-01,2303,280,819,153,2583,972,2.65740740740741
"12311","Santa Clara County",2017-03-01,2312,297,816,158,2609,974,2.67864476386037
"12312","Santa Clara County",2017-04-01,2276,291,850,149,2567,999,2.56956956956957
"12313","Santa Clara County",2017-05-01,2148,279,852,158,2427,1010,2.4029702970297
"12314","Santa Clara County",2017-06-01,2213,281,818,152,2494,970,2.57113402061856
"12315","Santa Clara County",2017-07-01,2212,286,857,152,2498,1009,2.47571853320119
"12316","Santa Clara County",2017-08-01,2206,279,838,158,2485,996,2.49497991967871
"12317","Santa Clara County",2017-09-01,2198,282,863,159,2480,1022,2.426614481409
"12318","Santa Clara County",2017-10-01,2107,269,823,139,2376,962,2.46985446985447
"12319","Santa Clara County",2017-11-01,2059,261,781,138,2320,919,2.52448313384113
"12320","Santa Clara County",2017-12-01,2037,243,710,140,2280,850,2.68235294117647
"12321","Santa Clara County",2018-01-01,2138,222,708,138,2360,846,2.78959810874704
"12322","Santa Clara County",2018-02-01,2161,275,699,143,2436,842,2.89311163895487
"12323","Santa Clara County",2018-03-01,2089,278,715,133,2367,848,2.79127358490566
"12324","Santa Clara County",2018-04-01,2090,294,712,139,2384,851,2.80141010575793
"12325","Santa Clara County",2018-05-01,2138,283,739,137,2421,876,2.76369863013699
"12326","Santa Clara County",2018-06-01,2162,293,759,146,2455,905,2.71270718232044
"12327","Santa Clara County",2018-07-01,2223,313,765,146,2536,911,2.78375411635565
"12328","Santa Clara County",2018-08-01,2246,307,777,144,2553,921,2.77198697068404
"12329","Santa Clara County",2018-09-01,2268,330,776,147,2598,923,2.81473456121343
"12330","Santa Clara County",2018-10-01,0,0,0,0,0,0,NA
"12331","Santa Clara County",2018-11-01,0,0,0,0,0,0,NA
"12332","Santa Clara County",2018-12-01,2122,274,652,121,2396,773,3.09961190168176
"12333","Santa Clara County",2019-01-01,2129,290,650,116,2419,766,3.1579634464752
"12334","Santa Clara County",2019-02-01,2161,301,620,123,2462,743,3.3135935397039
"12335","Santa Clara County",2019-03-01,2144,314,658,124,2458,782,3.14322250639386
"12336","Santa Clara County",2019-04-01,2179,309,666,119,2488,785,3.16942675159236
"12337","Santa Clara County",2019-05-01,2170,258,697,113,2428,810,2.99753086419753
"12338","Santa Clara County",2019-06-01,2215,252,668,104,2467,772,3.19559585492228
"12339","Santa Clara County",2019-07-01,2265,290,611,88,2555,699,3.6552217453505
"12340","Santa Clara County",2019-08-01,2252,292,602,98,2544,700,3.63428571428571
"12341","Santa Clara County",2019-09-01,2340,307,594,109,2647,703,3.76529160739687
"12342","Santa Clara County",2019-10-01,2361,308,568,106,2669,674,3.95994065281899
"12343","Santa Clara County",2019-11-01,2345,288,583,95,2633,678,3.8834808259587
"12344","Santa Clara County",2019-12-01,2328,267,562,83,2595,645,4.02325581395349
"12345","Santa Clara County",2020-01-01,2379,232,622,75,2611,697,3.74605451936872
"12346","Santa Clara County",2020-02-01,2341,240,625,73,2581,698,3.69770773638968
"12347","Santa Clara County",2020-03-01,2195,229,525,69,2424,594,4.08080808080808
"12348","Santa Cruz County",1995-10-01,217,20,248,29,237,277,0.855595667870036
"12349","Santa Cruz County",1995-11-01,194,20,226,27,214,253,0.845849802371542
"12350","Santa Cruz County",1995-12-01,190,17,259,23,207,282,0.734042553191489
"12351","Santa Cruz County",1996-01-01,192,21,293,23,213,316,0.674050632911392
"12352","Santa Cruz County",1996-02-01,200,11,285,33,211,318,0.663522012578616
"12353","Santa Cruz County",1996-03-01,196,12,291,30,208,321,0.64797507788162
"12354","Santa Cruz County",1996-04-01,189,18,280,27,207,307,0.674267100977199
"12355","Santa Cruz County",1996-05-01,207,23,266,39,230,305,0.754098360655738
"12356","Santa Cruz County",1996-06-01,207,21,283,37,228,320,0.7125
"12357","Santa Cruz County",1996-07-01,190,20,291,30,210,321,0.654205607476635
"12358","Santa Cruz County",1996-08-01,185,27,277,25,212,302,0.701986754966887
"12359","Santa Cruz County",1996-09-01,204,24,272,33,228,305,0.747540983606557
"12360","Santa Cruz County",1996-10-01,207,25,291,37,232,328,0.707317073170732
"12361","Santa Cruz County",1996-11-01,208,23,293,45,231,338,0.683431952662722
"12362","Santa Cruz County",1996-12-01,223,23,285,41,246,326,0.754601226993865
"12363","Santa Cruz County",1997-01-01,214,17,310,48,231,358,0.645251396648045
"12364","Santa Cruz County",1997-02-01,206,24,336,43,230,379,0.606860158311346
"12365","Santa Cruz County",1997-03-01,215,29,329,43,244,372,0.655913978494624
"12366","Santa Cruz County",1997-04-01,206,26,324,52,232,376,0.617021276595745
"12367","Santa Cruz County",1997-05-01,214,27,335,46,241,381,0.63254593175853
"12368","Santa Cruz County",1997-06-01,203,28,292,44,231,336,0.6875
"12369","Santa Cruz County",1997-07-01,210,29,296,43,239,339,0.705014749262537
"12370","Santa Cruz County",1997-08-01,204,24,306,45,228,351,0.64957264957265
"12371","Santa Cruz County",1997-09-01,221,26,310,37,247,347,0.711815561959654
"12372","Santa Cruz County",1997-10-01,200,7,360,57,207,417,0.496402877697842
"12373","Santa Cruz County",1997-11-01,165,17,368,46,182,414,0.439613526570048
"12374","Santa Cruz County",1997-12-01,164,39,347,64,203,411,0.493917274939173
"12375","Santa Cruz County",1998-01-01,195,23,386,48,218,434,0.502304147465438
"12376","Santa Cruz County",1998-02-01,196,24,389,45,220,434,0.506912442396313
"12377","Santa Cruz County",1998-03-01,224,21,367,51,245,418,0.586124401913876
"12378","Santa Cruz County",1998-04-01,205,22,338,56,227,394,0.576142131979695
"12379","Santa Cruz County",1998-05-01,239,25,338,47,264,385,0.685714285714286
"12380","Santa Cruz County",1998-06-01,224,24,331,51,248,382,0.649214659685864
"12381","Santa Cruz County",1998-07-01,212,18,310,44,230,354,0.649717514124294
"12382","Santa Cruz County",1998-08-01,204,23,307,42,227,349,0.650429799426934
"12383","Santa Cruz County",1998-09-01,233,32,336,52,265,388,0.68298969072165
"12384","Santa Cruz County",1998-10-01,235,27,362,45,262,407,0.643734643734644
"12385","Santa Cruz County",1998-11-01,211,24,344,39,235,383,0.613577023498694
"12386","Santa Cruz County",1998-12-01,192,22,325,44,214,369,0.579945799457995
"12387","Santa Cruz County",1999-01-01,191,21,324,44,212,368,0.576086956521739
"12388","Santa Cruz County",1999-02-01,216,24,322,47,240,369,0.650406504065041
"12389","Santa Cruz County",1999-03-01,198,23,323,50,221,373,0.592493297587131
"12390","Santa Cruz County",1999-04-01,183,24,318,49,207,367,0.564032697547684
"12391","Santa Cruz County",1999-05-01,203,22,308,45,225,353,0.637393767705382
"12392","Santa Cruz County",1999-06-01,214,28,292,41,242,333,0.726726726726727
"12393","Santa Cruz County",1999-07-01,207,28,282,38,235,320,0.734375
"12394","Santa Cruz County",1999-08-01,219,30,314,48,249,362,0.687845303867403
"12395","Santa Cruz County",1999-09-01,214,26,312,40,240,352,0.681818181818182
"12396","Santa Cruz County",1999-10-01,210,26,340,39,236,379,0.622691292875989
"12397","Santa Cruz County",1999-11-01,196,25,325,44,221,369,0.598915989159892
"12398","Santa Cruz County",1999-12-01,189,27,259,38,216,297,0.727272727272727
"12399","Santa Cruz County",2000-01-01,215,27,287,38,242,325,0.744615384615385
"12400","Santa Cruz County",2000-02-01,222,29,304,37,251,341,0.736070381231672
"12401","Santa Cruz County",2000-03-01,224,30,302,38,254,340,0.747058823529412
"12402","Santa Cruz County",2000-04-01,217,29,329,42,246,371,0.663072776280323
"12403","Santa Cruz County",2000-05-01,213,27,312,44,240,356,0.674157303370786
"12404","Santa Cruz County",2000-06-01,221,27,311,45,248,356,0.696629213483146
"12405","Santa Cruz County",2000-07-01,217,25,298,46,242,344,0.703488372093023
"12406","Santa Cruz County",2000-08-01,220,28,296,45,248,341,0.727272727272727
"12407","Santa Cruz County",2000-09-01,218,32,283,45,250,328,0.76219512195122
"12408","Santa Cruz County",2000-10-01,216,30,293,42,246,335,0.734328358208955
"12409","Santa Cruz County",2000-11-01,235,35,297,36,270,333,0.810810810810811
"12410","Santa Cruz County",2000-12-01,241,34,272,46,275,318,0.864779874213837
"12411","Santa Cruz County",2001-01-01,235,33,282,50,268,332,0.807228915662651
"12412","Santa Cruz County",2001-02-01,217,25,320,51,242,371,0.652291105121294
"12413","Santa Cruz County",2001-03-01,218,23,295,42,241,337,0.71513353115727
"12414","Santa Cruz County",2001-04-01,244,24,284,36,268,320,0.8375
"12415","Santa Cruz County",2001-05-01,253,23,281,36,276,317,0.870662460567823
"12416","Santa Cruz County",2001-06-01,249,24,283,35,273,318,0.858490566037736
"12417","Santa Cruz County",2001-07-01,230,26,252,33,256,285,0.898245614035088
"12418","Santa Cruz County",2001-08-01,235,20,234,30,255,264,0.965909090909091
"12419","Santa Cruz County",2001-09-01,241,27,213,25,268,238,1.12605042016807
"12420","Santa Cruz County",2001-10-01,255,26,225,27,281,252,1.11507936507937
"12421","Santa Cruz County",2001-11-01,273,28,231,23,301,254,1.18503937007874
"12422","Santa Cruz County",2001-12-01,241,28,249,16,269,265,1.01509433962264
"12423","Santa Cruz County",2002-01-01,230,29,241,22,259,263,0.984790874524715
"12424","Santa Cruz County",2002-02-01,245,29,277,28,274,305,0.898360655737705
"12425","Santa Cruz County",2002-03-01,220,28,263,39,248,302,0.821192052980132
"12426","Santa Cruz County",2002-04-01,241,30,254,39,271,293,0.924914675767918
"12427","Santa Cruz County",2002-05-01,243,30,259,28,273,287,0.951219512195122
"12428","Santa Cruz County",2002-06-01,249,31,252,29,280,281,0.99644128113879
"12429","Santa Cruz County",2002-07-01,258,37,245,33,295,278,1.06115107913669
"12430","Santa Cruz County",2002-08-01,265,13,265,57,278,322,0.863354037267081
"12431","Santa Cruz County",2002-09-01,254,38,264,42,292,306,0.954248366013072
"12432","Santa Cruz County",2002-10-01,260,42,249,42,302,291,1.03780068728522
"12433","Santa Cruz County",2002-11-01,267,35,269,46,302,315,0.958730158730159
"12434","Santa Cruz County",2002-12-01,252,40,267,46,292,313,0.932907348242812
"12435","Santa Cruz County",2003-01-01,225,37,257,47,262,304,0.861842105263158
"12436","Santa Cruz County",2003-02-01,249,39,268,45,288,313,0.920127795527157
"12437","Santa Cruz County",2003-03-01,256,36,274,42,292,316,0.924050632911392
"12438","Santa Cruz County",2003-04-01,285,34,257,33,319,290,1.1
"12439","Santa Cruz County",2003-05-01,300,34,248,36,334,284,1.17605633802817
"12440","Santa Cruz County",2003-06-01,302,29,264,41,331,305,1.08524590163934
"12441","Santa Cruz County",2003-07-01,287,32,265,41,319,306,1.04248366013072
"12442","Santa Cruz County",2003-08-01,276,31,270,42,307,312,0.983974358974359
"12443","Santa Cruz County",2003-09-01,285,33,263,39,318,302,1.05298013245033
"12444","Santa Cruz County",2003-10-01,273,32,274,40,305,314,0.971337579617834
"12445","Santa Cruz County",2003-11-01,273,32,256,37,305,293,1.04095563139932
"12446","Santa Cruz County",2003-12-01,263,38,239,37,301,276,1.09057971014493
"12447","Santa Cruz County",2004-01-01,269,37,243,31,306,274,1.11678832116788
"12448","Santa Cruz County",2004-02-01,270,32,260,39,302,299,1.01003344481605
"12449","Santa Cruz County",2004-03-01,252,39,269,46,291,315,0.923809523809524
"12450","Santa Cruz County",2004-04-01,254,34,273,52,288,325,0.886153846153846
"12451","Santa Cruz County",2004-05-01,254,30,285,52,284,337,0.84272997032641
"12452","Santa Cruz County",2004-06-01,253,38,293,44,291,337,0.863501483679525
"12453","Santa Cruz County",2004-07-01,254,36,284,45,290,329,0.881458966565349
"12454","Santa Cruz County",2004-08-01,245,36,280,46,281,326,0.861963190184049
"12455","Santa Cruz County",2004-09-01,255,36,273,50,291,323,0.900928792569659
"12456","Santa Cruz County",2004-10-01,239,38,282,40,277,322,0.860248447204969
"12457","Santa Cruz County",2004-11-01,222,34,263,41,256,304,0.842105263157895
"12458","Santa Cruz County",2004-12-01,239,34,257,45,273,302,0.903973509933775
"12459","Santa Cruz County",2005-01-01,239,33,254,42,272,296,0.918918918918919
"12460","Santa Cruz County",2005-02-01,246,33,263,41,279,304,0.917763157894737
"12461","Santa Cruz County",2005-03-01,237,31,276,38,268,314,0.853503184713376
"12462","Santa Cruz County",2005-04-01,248,33,283,35,281,318,0.883647798742138
"12463","Santa Cruz County",2005-05-01,258,35,280,38,293,318,0.921383647798742
"12464","Santa Cruz County",2005-06-01,258,31,275,42,289,317,0.911671924290221
"12465","Santa Cruz County",2005-07-01,258,31,282,44,289,326,0.886503067484663
"12466","Santa Cruz County",2005-08-01,252,30,284,46,282,330,0.854545454545454
"12467","Santa Cruz County",2005-09-01,252,31,285,47,283,332,0.852409638554217
"12468","Santa Cruz County",2005-10-01,251,24,289,51,275,340,0.808823529411765
"12469","Santa Cruz County",2005-11-01,228,25,293,38,253,331,0.764350453172205
"12470","Santa Cruz County",2005-12-01,227,29,291,31,256,322,0.795031055900621
"12471","Santa Cruz County",2006-01-01,236,31,266,35,267,301,0.887043189368771
"12472","Santa Cruz County",2006-02-01,236,25,284,45,261,329,0.793313069908815
"12473","Santa Cruz County",2006-03-01,224,21,275,42,245,317,0.772870662460568
"12474","Santa Cruz County",2006-04-01,198,29,278,37,227,315,0.720634920634921
"12475","Santa Cruz County",2006-05-01,208,28,243,33,236,276,0.855072463768116
"12476","Santa Cruz County",2006-06-01,200,28,245,38,228,283,0.80565371024735
"12477","Santa Cruz County",2006-07-01,207,32,247,38,239,285,0.83859649122807
"12478","Santa Cruz County",2006-08-01,206,32,257,44,238,301,0.790697674418605
"12479","Santa Cruz County",2006-09-01,211,32,240,35,243,275,0.883636363636364
"12480","Santa Cruz County",2006-10-01,209,30,242,34,239,276,0.865942028985507
"12481","Santa Cruz County",2006-11-01,200,33,240,44,233,284,0.820422535211268
"12482","Santa Cruz County",2006-12-01,206,31,203,44,237,247,0.959514170040486
"12483","Santa Cruz County",2007-01-01,219,37,206,45,256,251,1.0199203187251
"12484","Santa Cruz County",2007-02-01,226,34,223,45,260,268,0.970149253731343
"12485","Santa Cruz County",2007-03-01,219,31,241,46,250,287,0.871080139372822
"12486","Santa Cruz County",2007-04-01,210,30,248,41,240,289,0.830449826989619
"12487","Santa Cruz County",2007-05-01,190,30,246,43,220,289,0.761245674740484
"12488","Santa Cruz County",2007-06-01,199,29,242,42,228,284,0.802816901408451
"12489","Santa Cruz County",2007-07-01,201,27,243,42,228,285,0.8
"12490","Santa Cruz County",2007-08-01,198,28,223,44,226,267,0.846441947565543
"12491","Santa Cruz County",2007-09-01,206,27,237,42,233,279,0.835125448028674
"12492","Santa Cruz County",2007-10-01,196,25,253,38,221,291,0.759450171821306
"12493","Santa Cruz County",2007-11-01,191,31,230,40,222,270,0.822222222222222
"12494","Santa Cruz County",2007-12-01,181,27,234,48,208,282,0.737588652482269
"12495","Santa Cruz County",2008-01-01,171,28,229,49,199,278,0.715827338129496
"12496","Santa Cruz County",2008-02-01,180,27,236,53,207,289,0.716262975778547
"12497","Santa Cruz County",2008-03-01,173,21,222,78,194,300,0.646666666666667
"12498","Santa Cruz County",2008-04-01,170,25,251,22,195,273,0.714285714285714
"12499","Santa Cruz County",2008-05-01,175,23,245,36,198,281,0.704626334519573
"12500","Santa Cruz County",2008-06-01,150,21,258,39,171,297,0.575757575757576
"12501","Santa Cruz County",2008-07-01,174,19,237,34,193,271,0.712177121771218
"12502","Santa Cruz County",2008-08-01,169,23,222,20,192,242,0.793388429752066
"12503","Santa Cruz County",2008-09-01,185,25,207,34,210,241,0.871369294605809
"12504","Santa Cruz County",2008-10-01,176,23,219,36,199,255,0.780392156862745
"12505","Santa Cruz County",2008-11-01,174,19,225,37,193,262,0.736641221374046
"12506","Santa Cruz County",2008-12-01,170,23,208,30,193,238,0.810924369747899
"12507","Santa Cruz County",2009-01-01,174,42,201,13,216,214,1.00934579439252
"12508","Santa Cruz County",2009-02-01,186,21,216,34,207,250,0.828
"12509","Santa Cruz County",2009-03-01,197,22,226,37,219,263,0.832699619771863
"12510","Santa Cruz County",2009-04-01,187,25,233,38,212,271,0.782287822878229
"12511","Santa Cruz County",2009-05-01,177,29,225,35,206,260,0.792307692307692
"12512","Santa Cruz County",2009-06-01,184,20,221,31,204,252,0.80952380952381
"12513","Santa Cruz County",2009-07-01,182,16,231,36,198,267,0.741573033707865
"12514","Santa Cruz County",2009-08-01,200,20,228,29,220,257,0.856031128404669
"12515","Santa Cruz County",2009-09-01,200,25,207,24,225,231,0.974025974025974
"12516","Santa Cruz County",2009-10-01,200,22,201,33,222,234,0.948717948717949
"12517","Santa Cruz County",2009-11-01,197,25,190,31,222,221,1.00452488687783
"12518","Santa Cruz County",2009-12-01,199,28,193,27,227,220,1.03181818181818
"12519","Santa Cruz County",2010-01-01,206,26,199,30,232,229,1.01310043668122
"12520","Santa Cruz County",2010-02-01,211,29,178,29,240,207,1.15942028985507
"12521","Santa Cruz County",2010-03-01,209,25,172,34,234,206,1.13592233009709
"12522","Santa Cruz County",2010-04-01,204,29,157,33,233,190,1.22631578947368
"12523","Santa Cruz County",2010-05-01,208,25,157,36,233,193,1.20725388601036
"12524","Santa Cruz County",2010-06-01,197,24,171,38,221,209,1.05741626794258
"12525","Santa Cruz County",2010-07-01,207,26,189,41,233,230,1.01304347826087
"12526","Santa Cruz County",2010-08-01,223,24,184,34,247,218,1.13302752293578
"12527","Santa Cruz County",2010-09-01,220,29,185,35,249,220,1.13181818181818
"12528","Santa Cruz County",2010-10-01,225,26,166,30,251,196,1.28061224489796
"12529","Santa Cruz County",2010-11-01,254,23,135,29,277,164,1.6890243902439
"12530","Santa Cruz County",2010-12-01,228,24,140,18,252,158,1.59493670886076
"12531","Santa Cruz County",2011-01-01,186,17,200,26,203,226,0.898230088495575
"12532","Santa Cruz County",2011-02-01,186,17,195,30,203,225,0.902222222222222
"12533","Santa Cruz County",2011-03-01,192,21,170,29,213,199,1.07035175879397
"12534","Santa Cruz County",2011-04-01,205,18,170,25,223,195,1.14358974358974
"12535","Santa Cruz County",2011-05-01,190,21,191,22,211,213,0.990610328638498
"12536","Santa Cruz County",2011-06-01,221,14,198,18,235,216,1.08796296296296
"12537","Santa Cruz County",2011-07-01,217,19,196,35,236,231,1.02164502164502
"12538","Santa Cruz County",2011-08-01,243,16,178,19,259,197,1.31472081218274
"12539","Santa Cruz County",2011-09-01,245,27,170,15,272,185,1.47027027027027
"12540","Santa Cruz County",2011-10-01,233,25,154,16,258,170,1.51764705882353
"12541","Santa Cruz County",2011-11-01,227,18,138,20,245,158,1.55063291139241
"12542","Santa Cruz County",2011-12-01,215,16,133,17,231,150,1.54
"12543","Santa Cruz County",2012-01-01,219,14,130,20,233,150,1.55333333333333
"12544","Santa Cruz County",2012-02-01,220,16,140,22,236,162,1.45679012345679
"12545","Santa Cruz County",2012-03-01,219,24,136,22,243,158,1.5379746835443
"12546","Santa Cruz County",2012-04-01,207,18,146,19,225,165,1.36363636363636
"12547","Santa Cruz County",2012-05-01,208,20,155,24,228,179,1.27374301675978
"12548","Santa Cruz County",2012-06-01,189,55,152,25,244,177,1.37853107344633
"12549","Santa Cruz County",2012-07-01,238,20,135,17,258,152,1.69736842105263
"12550","Santa Cruz County",2012-08-01,248,23,147,26,271,173,1.56647398843931
"12551","Santa Cruz County",2012-09-01,241,18,138,35,259,173,1.4971098265896
"12552","Santa Cruz County",2012-10-01,242,22,139,35,264,174,1.51724137931034
"12553","Santa Cruz County",2012-11-01,249,19,124,33,268,157,1.70700636942675
"12554","Santa Cruz County",2012-12-01,234,23,121,26,257,147,1.74829931972789
"12555","Santa Cruz County",2013-01-01,239,24,115,22,263,137,1.91970802919708
"12556","Santa Cruz County",2013-02-01,243,28,112,21,271,133,2.03759398496241
"12557","Santa Cruz County",2013-03-01,247,32,130,16,279,146,1.91095890410959
"12558","Santa Cruz County",2013-04-01,238,27,123,18,265,141,1.87943262411348
"12559","Santa Cruz County",2013-05-01,229,28,124,21,257,145,1.77241379310345
"12560","Santa Cruz County",2013-06-01,217,24,141,20,241,161,1.49689440993789
"12561","Santa Cruz County",2013-07-01,219,28,132,18,247,150,1.64666666666667
"12562","Santa Cruz County",2013-08-01,251,32,121,20,283,141,2.00709219858156
"12563","Santa Cruz County",2013-09-01,284,37,109,18,321,127,2.52755905511811
"12564","Santa Cruz County",2013-10-01,306,32,111,20,338,131,2.58015267175573
"12565","Santa Cruz County",2013-11-01,308,31,103,23,339,126,2.69047619047619
"12566","Santa Cruz County",2013-12-01,287,39,103,22,326,125,2.608
"12567","Santa Cruz County",2014-01-01,275,39,100,24,314,124,2.53225806451613
"12568","Santa Cruz County",2014-02-01,282,34,106,26,316,132,2.39393939393939
"12569","Santa Cruz County",2014-03-01,257,33,113,24,290,137,2.11678832116788
"12570","Santa Cruz County",2014-04-01,249,38,125,23,287,148,1.93918918918919
"12571","Santa Cruz County",2014-05-01,231,31,116,24,262,140,1.87142857142857
"12572","Santa Cruz County",2014-06-01,248,30,114,21,278,135,2.05925925925926
"12573","Santa Cruz County",2014-07-01,260,33,114,14,293,128,2.2890625
"12574","Santa Cruz County",2014-08-01,253,33,97,13,286,110,2.6
"12575","Santa Cruz County",2014-09-01,267,32,99,15,299,114,2.62280701754386
"12576","Santa Cruz County",2014-10-01,257,31,128,15,288,143,2.01398601398601
"12577","Santa Cruz County",2014-11-01,254,28,123,18,282,141,2
"12578","Santa Cruz County",2014-12-01,236,29,115,17,265,132,2.00757575757576
"12579","Santa Cruz County",2015-01-01,247,27,112,12,274,124,2.20967741935484
"12580","Santa Cruz County",2015-02-01,240,28,108,12,268,120,2.23333333333333
"12581","Santa Cruz County",2015-03-01,239,27,113,10,266,123,2.16260162601626
"12582","Santa Cruz County",2015-04-01,241,26,133,10,267,143,1.86713286713287
"12583","Santa Cruz County",2015-05-01,250,25,145,9,275,154,1.78571428571429
"12584","Santa Cruz County",2015-06-01,248,23,127,14,271,141,1.92198581560284
"12585","Santa Cruz County",2015-07-01,246,21,120,12,267,132,2.02272727272727
"12586","Santa Cruz County",2015-08-01,238,28,58,78,266,136,1.95588235294118
"12587","Santa Cruz County",2015-09-01,239,25,118,12,264,130,2.03076923076923
"12588","Santa Cruz County",2015-10-01,228,78,65,14,306,79,3.87341772151899
"12589","Santa Cruz County",2015-11-01,222,25,110,14,247,124,1.99193548387097
"12590","Santa Cruz County",2015-12-01,238,27,105,15,265,120,2.20833333333333
"12591","Santa Cruz County",2016-01-01,238,21,104,12,259,116,2.23275862068966
"12592","Santa Cruz County",2016-02-01,230,16,120,11,246,131,1.87786259541985
"12593","Santa Cruz County",2016-03-01,222,17,139,15,239,154,1.55194805194805
"12594","Santa Cruz County",2016-04-01,234,20,131,19,254,150,1.69333333333333
"12595","Santa Cruz County",2016-05-01,226,20,135,16,246,151,1.62913907284768
"12596","Santa Cruz County",2016-06-01,227,29,136,11,256,147,1.74149659863946
"12597","Santa Cruz County",2016-07-01,240,26,141,23,266,164,1.6219512195122
"12598","Santa Cruz County",2016-08-01,244,22,132,21,266,153,1.73856209150327
"12599","Santa Cruz County",2016-09-01,253,23,131,20,276,151,1.82781456953642
"12600","Santa Cruz County",2016-10-01,271,19,111,17,290,128,2.265625
"12601","Santa Cruz County",2016-11-01,251,22,106,18,273,124,2.20161290322581
"12602","Santa Cruz County",2016-12-01,245,20,106,11,265,117,2.26495726495726
"12603","Santa Cruz County",2017-01-01,257,24,89,12,281,101,2.78217821782178
"12604","Santa Cruz County",2017-02-01,265,22,83,17,287,100,2.87
"12605","Santa Cruz County",2017-03-01,255,30,88,13,285,101,2.82178217821782
"12606","Santa Cruz County",2017-04-01,268,22,92,4,290,96,3.02083333333333
"12607","Santa Cruz County",2017-05-01,269,34,93,12,303,105,2.88571428571429
"12608","Santa Cruz County",2017-06-01,274,34,87,15,308,102,3.01960784313725
"12609","Santa Cruz County",2017-07-01,280,38,91,16,318,107,2.97196261682243
"12610","Santa Cruz County",2017-08-01,296,29,91,17,325,108,3.00925925925926
"12611","Santa Cruz County",2017-09-01,168,31,152,39,199,191,1.04188481675393
"12612","Santa Cruz County",2017-10-01,167,30,150,38,197,188,1.04787234042553
"12613","Santa Cruz County",2017-11-01,279,27,117,21,306,138,2.21739130434783
"12614","Santa Cruz County",2017-12-01,268,27,118,19,295,137,2.15328467153285
"12615","Santa Cruz County",2018-01-01,269,28,105,23,297,128,2.3203125
"12616","Santa Cruz County",2018-02-01,280,34,118,22,314,140,2.24285714285714
"12617","Santa Cruz County",2018-03-01,268,31,120,16,299,136,2.19852941176471
"12618","Santa Cruz County",2018-04-01,275,27,115,18,302,133,2.27067669172932
"12619","Santa Cruz County",2018-05-01,290,27,109,16,317,125,2.536
"12620","Santa Cruz County",2018-06-01,291,33,112,10,324,122,2.65573770491803
"12621","Santa Cruz County",2018-07-01,308,37,120,13,345,133,2.59398496240602
"12622","Santa Cruz County",2018-08-01,298,40,109,13,338,122,2.77049180327869
"12623","Santa Cruz County",2018-09-01,301,36,117,16,337,133,2.53383458646617
"12624","Santa Cruz County",2018-10-01,286,34,113,14,320,127,2.51968503937008
"12625","Santa Cruz County",2018-11-01,273,35,92,16,308,108,2.85185185185185
"12626","Santa Cruz County",2018-12-01,294,33,102,16,327,118,2.77118644067797
"12627","Santa Cruz County",2019-01-01,277,39,81,15,316,96,3.29166666666667
"12628","Santa Cruz County",2019-02-01,295,34,74,15,329,89,3.69662921348315
"12629","Santa Cruz County",2019-03-01,259,34,95,23,293,118,2.48305084745763
"12630","Santa Cruz County",2019-04-01,238,30,89,25,268,114,2.35087719298246
"12631","Santa Cruz County",2019-05-01,277,36,73,24,313,97,3.22680412371134
"12632","Santa Cruz County",2019-06-01,303,41,83,21,344,104,3.30769230769231
"12633","Santa Cruz County",2019-07-01,290,45,74,17,335,91,3.68131868131868
"12634","Santa Cruz County",2019-08-01,271,39,72,16,310,88,3.52272727272727
"12635","Santa Cruz County",2019-09-01,267,34,70,16,301,86,3.5
"12636","Santa Cruz County",2019-10-01,268,36,76,13,304,89,3.41573033707865
"12637","Santa Cruz County",2019-11-01,262,36,75,14,298,89,3.34831460674157
"12638","Santa Cruz County",2019-12-01,246,31,75,15,277,90,3.07777777777778
"12639","Santa Cruz County",2020-01-01,244,28,73,17,272,90,3.02222222222222
"12640","Santa Cruz County",2020-02-01,235,34,76,20,269,96,2.80208333333333
"12641","Santa Cruz County",2020-03-01,223,28,74,21,251,95,2.64210526315789
"12642","Shasta County",1995-10-01,199.25,25.06,140.47,25.41,224.31,165.88,1.35224258500121
"12643","Shasta County",1995-11-01,199.6,25.6,138.16,25.06,225.2,163.22,1.37973287587305
"12644","Shasta County",1995-12-01,185.77,27.51,132.41,14.57,213.28,146.98,1.45108177983399
"12645","Shasta County",1996-01-01,200.45,30.26,124.35,16.94,230.71,141.29,1.63288272347654
"12646","Shasta County",1996-02-01,207,32,123,20,239,143,1.67132867132867
"12647","Shasta County",1996-03-01,205,31,142,25,236,167,1.41317365269461
"12648","Shasta County",1996-04-01,194,34,148,27,228,175,1.30285714285714
"12649","Shasta County",1996-05-01,186,28,144,33,214,177,1.2090395480226
"12650","Shasta County",1996-06-01,194.8,29.8,129.5,24.6,224.6,154.1,1.4574951330305
"12651","Shasta County",1996-07-01,202.9,26.6,92.7,16.8,229.5,109.5,2.0958904109589
"12652","Shasta County",1996-08-01,203.1,28.5,91.7,17.1,231.6,108.8,2.12867647058824
"12653","Shasta County",1996-09-01,213.5,28.4,99.2,16.8,241.9,116,2.08534482758621
"12654","Shasta County",1996-10-01,227,34,88,16,261,104,2.50961538461538
"12655","Shasta County",1996-11-01,215,33,92,15,248,107,2.31775700934579
"12656","Shasta County",1996-12-01,222,31,89,14,253,103,2.45631067961165
"12657","Shasta County",1997-01-01,224,30,88.1,17,254,105.1,2.41674595623216
"12658","Shasta County",1997-02-01,210.4,25.9,100.9,17.7,236.3,118.6,1.99241146711636
"12659","Shasta County",1997-03-01,222.7,27,102.3,8.3,249.7,110.6,2.25768535262206
"12660","Shasta County",1997-04-01,218.6,28.5,101,5.9,247.1,106.9,2.31150608044902
"12661","Shasta County",1997-05-01,210.1,26.6,109.4,10.2,236.7,119.6,1.97909698996655
"12662","Shasta County",1997-06-01,195.2,25.8,103,19.8,221,122.8,1.79967426710098
"12663","Shasta County",1997-07-01,184,32,89.5,24.3,216,113.8,1.89806678383128
"12664","Shasta County",1997-08-01,186,34.4,94.9,21,220.4,115.9,1.90163934426229
"12665","Shasta County",1997-09-01,192,37.4,97.2,22.2,229.4,119.4,1.9212730318258
"12666","Shasta County",1997-10-01,198.1,38,98.9,19.3,236.1,118.2,1.99746192893401
"12667","Shasta County",1997-11-01,200.2,38.3,98.6,16.6,238.5,115.2,2.0703125
"12668","Shasta County",1997-12-01,192.7,34.8,101.1,19.4,227.5,120.5,1.88796680497925
"12669","Shasta County",1998-01-01,185.9,38,105.8,18.4,223.9,124.2,1.80273752012882
"12670","Shasta County",1998-02-01,195,35,101.8,21.7,230,123.5,1.86234817813765
"12671","Shasta County",1998-03-01,204.3,32.9,93.7,21.8,237.2,115.5,2.05367965367965
"12672","Shasta County",1998-04-01,195,34.8,97.2,21.7,229.8,118.9,1.932716568545
"12673","Shasta County",1998-05-01,174.9,40.8,111.7,18.5,215.7,130.2,1.65668202764977
"12674","Shasta County",1998-06-01,178.3,30.3,111.7,29.2,208.6,140.9,1.48048261178141
"12675","Shasta County",1998-07-01,167.8,32.1,113.9,27.2,199.9,141.1,1.41672572643515
"12676","Shasta County",1998-08-01,176.3,26.7,110.9,27.6,203,138.5,1.46570397111913
"12677","Shasta County",1998-09-01,176.9,26.7,101.8,24,203.6,125.8,1.61844197138315
"12678","Shasta County",1998-10-01,177.2,21.8,96.9,26.5,199,123.4,1.61264181523501
"12679","Shasta County",1998-11-01,173.7,18.8,106.2,22.6,192.5,128.8,1.4945652173913
"12680","Shasta County",1998-12-01,180.5,23.1,111.7,17.2,203.6,128.9,1.57951900698216
"12681","Shasta County",1999-01-01,188.2,29.1,100.7,19.1,217.3,119.8,1.81385642737896
"12682","Shasta County",1999-02-01,171.4,29.9,116.7,17.8,201.3,134.5,1.49665427509294
"12683","Shasta County",1999-03-01,167.9,29.5,124.7,18.8,197.4,143.5,1.37560975609756
"12684","Shasta County",1999-04-01,157.6,28.5,120.2,21.3,186.1,141.5,1.31519434628975
"12685","Shasta County",1999-05-01,175.2,32.9,104.7,23.7,208.1,128.4,1.62071651090343
"12686","Shasta County",1999-06-01,185.2,33.4,95.9,24.3,218.6,120.2,1.81863560732113
"12687","Shasta County",1999-07-01,174.6,31,96.6,25.1,205.6,121.7,1.68940016433854
"12688","Shasta County",1999-08-01,182.4,30.9,99.9,24.8,213.3,124.7,1.71050521251002
"12689","Shasta County",1999-09-01,177,39.8,103,23.1,216.8,126.1,1.71927042030135
"12690","Shasta County",1999-10-01,183.8,38.3,100.1,29.5,222.1,129.6,1.71373456790123
"12691","Shasta County",1999-11-01,173.5,28.5,115.5,25.8,202,141.3,1.42958244869073
"12692","Shasta County",1999-12-01,178.7,28.4,111.1,25.6,207.1,136.7,1.51499634235552
"12693","Shasta County",2000-01-01,193.4,26.8,112.6,24,220.2,136.6,1.61200585651537
"12694","Shasta County",2000-02-01,191.7,37.8,122.7,17.4,229.5,140.1,1.63811563169165
"12695","Shasta County",2000-03-01,202.3,30.6,119,18.5,232.9,137.5,1.69381818181818
"12696","Shasta County",2000-04-01,202.4,33.8,116.8,17.3,236.2,134.1,1.7613721103654
"12697","Shasta County",2000-05-01,210.6,34.7,63.7,102.9,245.3,166.6,1.47238895558223
"12698","Shasta County",2000-06-01,221.3,33.3,128.7,26.9,254.6,155.6,1.63624678663239
"12699","Shasta County",2000-07-01,217,35,138,26,252,164,1.53658536585366
"12700","Shasta County",2000-08-01,208,35,141,27,243,168,1.44642857142857
"12701","Shasta County",2000-09-01,200,34,148,26,234,174,1.3448275862069
"12702","Shasta County",2000-10-01,187,31,137,28,218,165,1.32121212121212
"12703","Shasta County",2000-11-01,191,34,126,27,225,153,1.47058823529412
"12704","Shasta County",2000-12-01,187,28,128,27,215,155,1.38709677419355
"12705","Shasta County",2001-01-01,205,34,127,28,239,155,1.54193548387097
"12706","Shasta County",2001-02-01,204,38,132,26,242,158,1.53164556962025
"12707","Shasta County",2001-03-01,202,43,131,25,245,156,1.57051282051282
"12708","Shasta County",2001-04-01,192,36,125,23,228,148,1.54054054054054
"12709","Shasta County",2001-05-01,182,36,139,27,218,166,1.31325301204819
"12710","Shasta County",2001-06-01,197,34,129,24,231,153,1.50980392156863
"12711","Shasta County",2001-07-01,195,38,145,25,233,170,1.37058823529412
"12712","Shasta County",2001-08-01,196,31,132,22,227,154,1.47402597402597
"12713","Shasta County",2001-09-01,191,31,145,19,222,164,1.35365853658537
"12714","Shasta County",2001-10-01,192,30,74,89,222,163,1.36196319018405
"12715","Shasta County",2001-11-01,199,35,136,20,234,156,1.5
"12716","Shasta County",2001-12-01,207,31,121,23,238,144,1.65277777777778
"12717","Shasta County",2002-01-01,235,40,113,22,275,135,2.03703703703704
"12718","Shasta County",2002-02-01,235,41,121,22,276,143,1.93006993006993
"12719","Shasta County",2002-03-01,221,32,134,27,253,161,1.57142857142857
"12720","Shasta County",2002-04-01,220,33,124,27,253,151,1.67549668874172
"12721","Shasta County",2002-05-01,219,35,129,25,254,154,1.64935064935065
"12722","Shasta County",2002-06-01,208,37,124,19,245,143,1.71328671328671
"12723","Shasta County",2002-07-01,205,33,128,28,238,156,1.52564102564103
"12724","Shasta County",2002-08-01,217,40,116,23,257,139,1.84892086330935
"12725","Shasta County",2002-09-01,228,38,101,27,266,128,2.078125
"12726","Shasta County",2002-10-01,231,40,105,26,271,131,2.06870229007634
"12727","Shasta County",2002-11-01,226,38,119,23,264,142,1.85915492957746
"12728","Shasta County",2002-12-01,202,39,111,20,241,131,1.83969465648855
"12729","Shasta County",2003-01-01,220,38,81,23,258,104,2.48076923076923
"12730","Shasta County",2003-02-01,221,28,85,25,249,110,2.26363636363636
"12731","Shasta County",2003-03-01,235,34,70,22,269,92,2.92391304347826
"12732","Shasta County",2003-04-01,218,30,81,20,248,101,2.45544554455446
"12733","Shasta County",2003-05-01,190,33,85,19,223,104,2.14423076923077
"12734","Shasta County",2003-06-01,211,39,85,23,250,108,2.31481481481481
"12735","Shasta County",2003-07-01,206,39,91,25,245,116,2.11206896551724
"12736","Shasta County",2003-08-01,197,39,90,24,236,114,2.07017543859649
"12737","Shasta County",2003-09-01,216,41,83,20,257,103,2.49514563106796
"12738","Shasta County",2003-10-01,217,36,90,22,253,112,2.25892857142857
"12739","Shasta County",2003-11-01,226,42,85,24,268,109,2.45871559633028
"12740","Shasta County",2003-12-01,223,39,85,25,262,110,2.38181818181818
"12741","Shasta County",2004-01-01,235,37,65,24,272,89,3.0561797752809
"12742","Shasta County",2004-02-01,232,41,71,24,273,95,2.87368421052632
"12743","Shasta County",2004-03-01,225,38,79,20,263,99,2.65656565656566
"12744","Shasta County",2004-04-01,233,34,71,23,267,94,2.84042553191489
"12745","Shasta County",2004-05-01,221,37,83,19,258,102,2.52941176470588
"12746","Shasta County",2004-06-01,202,40,92,19,242,111,2.18018018018018
"12747","Shasta County",2004-07-01,214,38,90,21,252,111,2.27027027027027
"12748","Shasta County",2004-08-01,213,40,86,20,253,106,2.38679245283019
"12749","Shasta County",2004-09-01,219,34,84,27,253,111,2.27927927927928
"12750","Shasta County",2004-10-01,219,49,80,19,268,99,2.70707070707071
"12751","Shasta County",2004-11-01,220,42,77,17,262,94,2.78723404255319
"12752","Shasta County",2004-12-01,202,46,104,18,248,122,2.0327868852459
"12753","Shasta County",2005-01-01,211,44,90,17,255,107,2.38317757009346
"12754","Shasta County",2005-02-01,216,38,84,24,254,108,2.35185185185185
"12755","Shasta County",2005-03-01,219,42,84,23,261,107,2.4392523364486
"12756","Shasta County",2005-04-01,217,44,90,20,261,110,2.37272727272727
"12757","Shasta County",2005-05-01,234,58,82,19,292,101,2.89108910891089
"12758","Shasta County",2005-06-01,250,41,66,18,291,84,3.46428571428571
"12759","Shasta County",2005-07-01,263,46,60,15,309,75,4.12
"12760","Shasta County",2005-08-01,261,47,63,13,308,76,4.05263157894737
"12761","Shasta County",2005-09-01,258,46,64,17,304,81,3.75308641975309
"12762","Shasta County",2005-10-01,254,47,66,15,301,81,3.71604938271605
"12763","Shasta County",2005-11-01,251,50,59,12,301,71,4.23943661971831
"12764","Shasta County",2005-12-01,250,52,59,10,302,69,4.3768115942029
"12765","Shasta County",2006-01-01,248,50,64,12,298,76,3.92105263157895
"12766","Shasta County",2006-02-01,237,44,74,16,281,90,3.12222222222222
"12767","Shasta County",2006-03-01,234,43,74,18,277,92,3.01086956521739
"12768","Shasta County",2006-04-01,231,40,80,20,271,100,2.71
"12769","Shasta County",2006-05-01,224,42,84,19,266,103,2.58252427184466
"12770","Shasta County",2006-06-01,236,40,74,21,276,95,2.90526315789474
"12771","Shasta County",2006-07-01,231,44,80,15,275,95,2.89473684210526
"12772","Shasta County",2006-08-01,230,35,82,25,265,107,2.47663551401869
"12773","Shasta County",2006-09-01,224,44,87,17,268,104,2.57692307692308
"12774","Shasta County",2006-10-01,227,44,83,17,271,100,2.71
"12775","Shasta County",2006-11-01,224,42,89,19,266,108,2.46296296296296
"12776","Shasta County",2006-12-01,228,42,82,18,270,100,2.7
"12777","Shasta County",2007-01-01,231,42,81,18,273,99,2.75757575757576
"12778","Shasta County",2007-02-01,225,41,79,17,266,96,2.77083333333333
"12779","Shasta County",2007-03-01,226,40,72,17,266,89,2.98876404494382
"12780","Shasta County",2007-04-01,233,42,66,13,275,79,3.48101265822785
"12781","Shasta County",2007-05-01,238,38,64,17,276,81,3.40740740740741
"12782","Shasta County",2007-06-01,229,38,73,17,267,90,2.96666666666667
"12783","Shasta County",2007-07-01,204,36,92,20,240,112,2.14285714285714
"12784","Shasta County",2007-08-01,202,44,95,14,246,109,2.25688073394495
"12785","Shasta County",2007-09-01,207,43,88,16,250,104,2.40384615384615
"12786","Shasta County",2007-10-01,201,41,92,18,242,110,2.2
"12787","Shasta County",2007-11-01,206,42,88,15,248,103,2.40776699029126
"12788","Shasta County",2007-12-01,213,38,86,15,251,101,2.48514851485149
"12789","Shasta County",2008-01-01,223,34,74,20,257,94,2.73404255319149
"12790","Shasta County",2008-02-01,216,37,75,20,253,95,2.66315789473684
"12791","Shasta County",2008-03-01,223,24,72,13,247,85,2.90588235294118
"12792","Shasta County",2008-04-01,214,34,77,7,248,84,2.95238095238095
"12793","Shasta County",2008-05-01,225,36,69,12,261,81,3.22222222222222
"12794","Shasta County",2008-06-01,214,37,73,11,251,84,2.98809523809524
"12795","Shasta County",2008-07-01,215,39,76,12,254,88,2.88636363636364
"12796","Shasta County",2008-08-01,204,36,74,14,240,88,2.72727272727273
"12797","Shasta County",2008-09-01,220,38,73,9,258,82,3.14634146341463
"12798","Shasta County",2008-10-01,212,39,75,10,251,85,2.95294117647059
"12799","Shasta County",2008-11-01,270,23,25,17,293,42,6.97619047619048
"12800","Shasta County",2008-12-01,201,35,76,11,236,87,2.71264367816092
"12801","Shasta County",2009-01-01,204,44,67,14,248,81,3.06172839506173
"12802","Shasta County",2009-02-01,247,37,64,10,284,74,3.83783783783784
"12803","Shasta County",2009-03-01,204,43,73,8,247,81,3.04938271604938
"12804","Shasta County",2009-04-01,198,42,78,13,240,91,2.63736263736264
"12805","Shasta County",2009-05-01,210,33,65,20,243,85,2.85882352941176
"12806","Shasta County",2009-06-01,236,36,62,8,272,70,3.88571428571429
"12807","Shasta County",2009-07-01,155,18,34,7,173,41,4.21951219512195
"12808","Shasta County",2009-08-01,153,21,38,6,174,44,3.95454545454545
"12809","Shasta County",2009-09-01,143,18,44,8,161,52,3.09615384615385
"12810","Shasta County",2009-10-01,145,19,44,9,164,53,3.09433962264151
"12811","Shasta County",2009-11-01,147,20,41,7,167,48,3.47916666666667
"12812","Shasta County",2009-12-01,151,5,35,23,156,58,2.68965517241379
"12813","Shasta County",2010-01-01,151,21,36,8,172,44,3.90909090909091
"12814","Shasta County",2010-02-01,145,20,42,8,165,50,3.3
"12815","Shasta County",2010-03-01,149,21,42,5,170,47,3.61702127659574
"12816","Shasta County",2010-04-01,147,19,42,7,166,49,3.38775510204082
"12817","Shasta County",2010-05-01,153,24,43,5,177,48,3.6875
"12818","Shasta County",2010-06-01,167,27,35,2,194,37,5.24324324324324
"12819","Shasta County",2010-07-01,171,20,36,8,191,44,4.34090909090909
"12820","Shasta County",2010-08-01,170,25,35,5,195,40,4.875
"12821","Shasta County",2010-09-01,170,25,35,3,195,38,5.13157894736842
"12822","Shasta County",2010-10-01,161,23,37,5,184,42,4.38095238095238
"12823","Shasta County",2010-11-01,165,22,38,6,187,44,4.25
"12824","Shasta County",2010-12-01,165,24,37,4,189,41,4.60975609756098
"12825","Shasta County",2011-01-01,171,24,30,5,195,35,5.57142857142857
"12826","Shasta County",2011-02-01,173,23,31,5,196,36,5.44444444444444
"12827","Shasta County",2011-03-01,170,25,34,3,195,37,5.27027027027027
"12828","Shasta County",2011-04-01,166,25,34,4,191,38,5.02631578947368
"12829","Shasta County",2011-05-01,162,25,36,4,187,40,4.675
"12830","Shasta County",2011-06-01,156,26,44,2,182,46,3.95652173913043
"12831","Shasta County",2011-07-01,167,26,34,3,193,37,5.21621621621622
"12832","Shasta County",2011-08-01,151,25,38,5,176,43,4.09302325581395
"12833","Shasta County",2011-09-01,166,26,38,4,192,42,4.57142857142857
"12834","Shasta County",2011-10-01,166,25,38,5,191,43,4.44186046511628
"12835","Shasta County",2011-11-01,159,20,41,9,179,50,3.58
"12836","Shasta County",2011-12-01,150,19,54,11,169,65,2.6
"12837","Shasta County",2012-01-01,154,20,49,10,174,59,2.94915254237288
"12838","Shasta County",2012-02-01,156,20,46,11,176,57,3.08771929824561
"12839","Shasta County",2012-03-01,152,24,42,10,176,52,3.38461538461538
"12840","Shasta County",2012-04-01,154,15,45,11,169,56,3.01785714285714
"12841","Shasta County",2012-05-01,155,18,39,11,173,50,3.46
"12842","Shasta County",2012-06-01,147,21,42,13,168,55,3.05454545454545
"12843","Shasta County",2012-07-01,163,10,39,11,173,50,3.46
"12844","Shasta County",2012-08-01,187,27,55,13,214,68,3.14705882352941
"12845","Shasta County",2012-09-01,216,31,51,16,247,67,3.6865671641791
"12846","Shasta County",2012-10-01,226,40,44,15,266,59,4.50847457627119
"12847","Shasta County",2012-11-01,219,31,67,12,250,79,3.16455696202532
"12848","Shasta County",2012-12-01,207,29,75,17,236,92,2.56521739130435
"12849","Shasta County",2013-01-01,187,27,91,19,214,110,1.94545454545455
"12850","Shasta County",2013-02-01,181,32,94,16,213,110,1.93636363636364
"12851","Shasta County",2013-03-01,178,32,98,16,210,114,1.84210526315789
"12852","Shasta County",2013-04-01,189,30,91,17,219,108,2.02777777777778
"12853","Shasta County",2013-05-01,182,30,86,20,212,106,2
"12854","Shasta County",2013-06-01,193,28,90,14,221,104,2.125
"12855","Shasta County",2013-07-01,204,35,75,15,239,90,2.65555555555556
"12856","Shasta County",2013-08-01,214,31,70,13,245,83,2.95180722891566
"12857","Shasta County",2013-09-01,200,42,70,11,242,81,2.98765432098765
"12858","Shasta County",2013-10-01,205,38,76,10,243,86,2.82558139534884
"12859","Shasta County",2013-11-01,200,40,78,10,240,88,2.72727272727273
"12860","Shasta County",2013-12-01,200,40,78,10,240,88,2.72727272727273
"12861","Shasta County",2014-01-01,200,37,76,12,237,88,2.69318181818182
"12862","Shasta County",2014-02-01,207,40,72,10,247,82,3.01219512195122
"12863","Shasta County",2014-03-01,209,47,71,7,256,78,3.28205128205128
"12864","Shasta County",2014-04-01,207,43,71,8,250,79,3.16455696202532
"12865","Shasta County",2014-05-01,212,33,73,11,245,84,2.91666666666667
"12866","Shasta County",2014-06-01,206,37,76,11,243,87,2.79310344827586
"12867","Shasta County",2014-07-01,220,40,65,15,260,80,3.25
"12868","Shasta County",2014-08-01,217,42,65,13,259,78,3.32051282051282
"12869","Shasta County",2014-09-01,215,37,70,15,252,85,2.96470588235294
"12870","Shasta County",2014-10-01,210,39,72,13,249,85,2.92941176470588
"12871","Shasta County",2014-11-01,199,39,81,13,238,94,2.53191489361702
"12872","Shasta County",2014-12-01,210,35,73,12,245,85,2.88235294117647
"12873","Shasta County",2015-01-01,216,36,73,13,252,86,2.93023255813953
"12874","Shasta County",2015-02-01,212,41,74,13,253,87,2.90804597701149
"12875","Shasta County",2015-03-01,226,36,52,15,262,67,3.91044776119403
"12876","Shasta County",2015-04-01,216,40,60,12,256,72,3.55555555555556
"12877","Shasta County",2015-05-01,215,41,60,11,256,71,3.6056338028169
"12878","Shasta County",2015-06-01,220,40,59,11,260,70,3.71428571428571
"12879","Shasta County",2015-07-01,216,40,59,11,256,70,3.65714285714286
"12880","Shasta County",2015-08-01,220,40,59,11,260,70,3.71428571428571
"12881","Shasta County",2015-09-01,190,39,70,15,229,85,2.69411764705882
"12882","Shasta County",2015-10-01,209,37,67,14,246,81,3.03703703703704
"12883","Shasta County",2015-11-01,213,39,61,10,252,71,3.54929577464789
"12884","Shasta County",2015-12-01,216,40,56,11,256,67,3.82089552238806
"12885","Shasta County",2016-01-01,221,34,68,12,255,80,3.1875
"12886","Shasta County",2016-02-01,235,34,56,16,269,72,3.73611111111111
"12887","Shasta County",2016-03-01,232,44,52,11,276,63,4.38095238095238
"12888","Shasta County",2016-04-01,231,42,58,10,273,68,4.01470588235294
"12889","Shasta County",2016-05-01,232,41,56,6,273,62,4.40322580645161
"12890","Shasta County",2016-06-01,229,43,58,7,272,65,4.18461538461538
"12891","Shasta County",2016-07-01,235,41,50,7,276,57,4.84210526315789
"12892","Shasta County",2016-08-01,237,44,51,10,281,61,4.60655737704918
"12893","Shasta County",2016-09-01,225,42,53,13,267,66,4.04545454545455
"12894","Shasta County",2016-10-01,221,45,59,11,266,70,3.8
"12895","Shasta County",2016-11-01,224,42,64,9,266,73,3.64383561643836
"12896","Shasta County",2016-12-01,218,40,74,11,258,85,3.03529411764706
"12897","Shasta County",2017-01-01,210,41,75,9,251,84,2.98809523809524
"12898","Shasta County",2017-02-01,216,40,71,11,256,82,3.1219512195122
"12899","Shasta County",2017-03-01,217,36,71,13,253,84,3.01190476190476
"12900","Shasta County",2017-04-01,229,38,64,9,267,73,3.65753424657534
"12901","Shasta County",2017-05-01,214,38,72,17,252,89,2.8314606741573
"12902","Shasta County",2017-06-01,213,41,77,15,254,92,2.76086956521739
"12903","Shasta County",2017-07-01,217,39,73,16,256,89,2.87640449438202
"12904","Shasta County",2017-08-01,223,36,71,16,259,87,2.97701149425287
"12905","Shasta County",2017-09-01,219,36,74,17,255,91,2.8021978021978
"12906","Shasta County",2017-10-01,217,39,72,16,256,88,2.90909090909091
"12907","Shasta County",2017-11-01,220,36,79,15,256,94,2.72340425531915
"12908","Shasta County",2017-12-01,226,39,74,8,265,82,3.23170731707317
"12909","Shasta County",2018-01-01,219,41,79,13,260,92,2.82608695652174
"12910","Shasta County",2018-02-01,206,39,82,19,245,101,2.42574257425743
"12911","Shasta County",2018-03-01,217,38,70,17,255,87,2.93103448275862
"12912","Shasta County",2018-04-01,222,41,73,17,263,90,2.92222222222222
"12913","Shasta County",2018-05-01,217,40,80,14,257,94,2.73404255319149
"12914","Shasta County",2018-06-01,216,41,79,12,257,91,2.82417582417582
"12915","Shasta County",2018-07-01,221,49,86,11,270,97,2.78350515463918
"12916","Shasta County",2018-08-01,227,45,74,12,272,86,3.16279069767442
"12917","Shasta County",2018-09-01,229,42,68,16,271,84,3.22619047619048
"12918","Shasta County",2018-10-01,226,44,71,16,270,87,3.10344827586207
"12919","Shasta County",2018-11-01,215,45,76,15,260,91,2.85714285714286
"12920","Shasta County",2018-12-01,205,44,90,15,249,105,2.37142857142857
"12921","Shasta County",2019-01-01,228,44,86,18,272,104,2.61538461538462
"12922","Shasta County",2019-02-01,254,54,91,18,308,109,2.8256880733945
"12923","Shasta County",2019-03-01,245,49,122,21,294,143,2.05594405594406
"12924","Shasta County",2019-04-01,240,46,130,28,286,158,1.81012658227848
"12925","Shasta County",2019-05-01,236,41,129,30,277,159,1.74213836477987
"12926","Shasta County",2019-06-01,232,42,125,28,274,153,1.79084967320261
"12927","Shasta County",2019-07-01,238,44,117,25,282,142,1.98591549295775
"12928","Shasta County",2019-08-01,255,45,107,27,300,134,2.23880597014925
"12929","Shasta County",2019-09-01,261,47,102,24,308,126,2.44444444444444
"12930","Shasta County",2019-10-01,266,49,98,21,315,119,2.64705882352941
"12931","Shasta County",2019-11-01,262,52,100,20,314,120,2.61666666666667
"12932","Shasta County",2019-12-01,254,47,106,24,301,130,2.31538461538462
"12933","Shasta County",2020-01-01,258,45,109,22,303,131,2.31297709923664
"12934","Shasta County",2020-02-01,264,47,104,19,311,123,2.52845528455285
"12935","Shasta County",2020-03-01,245,46,104,18,291,122,2.38524590163934
"12936","Sierra County",1998-01-01,9,0,9,0,9,9,1
"12937","Sierra County",1998-02-01,2.3,0,0,0,2.3,0,Inf
"12938","Sierra County",1998-03-01,3,0,3,0,3,3,1
"12939","Sierra County",1998-04-01,2.4,0,2.7,0,2.4,2.7,0.888888888888889
"12940","Sierra County",1998-05-01,1.4,0,1.3,0,1.4,1.3,1.07692307692308
"12941","Sierra County",1998-06-01,1.5,0.1,0.7,0.03,1.6,0.73,2.19178082191781
"12942","Sierra County",1998-07-01,2.4,0.1,1.8,0,2.5,1.8,1.38888888888889
"12943","Sierra County",1998-08-01,1.4,0,0,0,1.4,0,Inf
"12944","Sierra County",1998-09-01,1.2,0,0.9,0,1.2,0.9,1.33333333333333
"12945","Sierra County",1998-10-01,1.6,0.1,1.8,0,1.7,1.8,0.944444444444445
"12946","Sierra County",1998-11-01,0.5,0.5,1.6,0,1,1.6,0.625
"12947","Sierra County",1998-12-01,0.3,0.3,0.5,0,0.6,0.5,1.2
"12948","Sierra County",1999-01-01,1.66,0,0.74,0,1.66,0.74,2.24324324324324
"12949","Sierra County",1999-02-01,0.46,0.07,0.75,0,0.53,0.75,0.706666666666667
"12950","Sierra County",1999-03-01,1.35,0,1.58,0,1.35,1.58,0.854430379746835
"12951","Sierra County",1999-04-01,2.7,0,1,0,2.7,1,2.7
"12952","Sierra County",1999-05-01,2.48,0,1.12,0,2.48,1.12,2.21428571428571
"12953","Sierra County",1999-06-01,4.4,0,0.33,0,4.4,0.33,13.3333333333333
"12954","Sierra County",1999-07-01,2.4,0,0.01,0,2.4,0.01,240
"12955","Sierra County",1999-08-01,2.45,0.23,1,0,2.68,1,2.68
"12956","Sierra County",1999-09-01,2.4,0,1.2,0,2.4,1.2,2
"12957","Sierra County",1999-10-01,2.48,0.06,2.61,0,2.54,2.61,0.973180076628353
"12958","Sierra County",1999-11-01,1,1,3.26,0,2,3.26,0.613496932515337
"12959","Sierra County",1999-12-01,1.42,0,0.06,0,1.42,0.06,23.6666666666667
"12960","Sierra County",2000-01-01,1.16,0.1,1.38,0.03,1.26,1.41,0.893617021276596
"12961","Sierra County",2000-02-01,1.44,0.03,2.06,0.27,1.47,2.33,0.630901287553648
"12962","Sierra County",2000-03-01,1.96,0.03,1.61,0.06,1.99,1.67,1.19161676646707
"12963","Sierra County",2000-04-01,2.25,0.19,1.64,0,2.44,1.64,1.48780487804878
"12964","Sierra County",2000-05-01,4,0.03,0.8,0,4.03,0.8,5.0375
"12965","Sierra County",2000-06-01,1.86,0.06,0.66,0.2,1.92,0.86,2.23255813953488
"12966","Sierra County",2000-07-01,2.77,0.16,0.32,0,2.93,0.32,9.15625
"12967","Sierra County",2000-08-01,3.06,0.06,0.38,0.06,3.12,0.44,7.09090909090909
"12968","Sierra County",2000-09-01,2.9,0.1,1.3,0,3,1.3,2.30769230769231
"12969","Sierra County",2000-10-01,2.61,0.03,1.9,0,2.64,1.9,1.38947368421053
"12970","Sierra County",2000-11-01,2.2,0.03,2.86,0,2.23,2.86,0.77972027972028
"12971","Sierra County",2000-12-01,1.67,0,2.32,0,1.67,2.32,0.719827586206897
"12972","Sierra County",2001-01-01,3,0,1,0,3,1,3
"12973","Sierra County",2001-02-01,2,0,1,0,2,1,2
"12974","Sierra County",2001-03-01,2,0,1,0,2,1,2
"12975","Sierra County",2001-04-01,4,0,2,0,4,2,2
"12976","Sierra County",2001-05-01,5,0,2,0,5,2,2.5
"12977","Sierra County",2001-06-01,4,0,2,0,4,2,2
"12978","Sierra County",2001-07-01,5,0,2,0,5,2,2.5
"12979","Sierra County",2001-08-01,3,0,1,0,3,1,3
"12980","Sierra County",2001-09-01,3,0,1,0,3,1,3
"12981","Sierra County",2001-10-01,2,0,1,0,2,1,2
"12982","Sierra County",2001-11-01,3,0,1,0,3,1,3
"12983","Sierra County",2001-12-01,1,0,1,0,1,1,1
"12984","Sierra County",2002-01-01,1,0,1,0,1,1,1
"12985","Sierra County",2002-02-01,3,0,5,0,3,5,0.6
"12986","Sierra County",2002-03-01,1,0,3,0,1,3,0.333333333333333
"12987","Sierra County",2002-04-01,3,0,2,0,3,2,1.5
"12988","Sierra County",2002-05-01,3,0,2,0,3,2,1.5
"12989","Sierra County",2002-06-01,4,0,1,0,4,1,4
"12990","Sierra County",2002-07-01,2,0,2,0,2,2,1
"12991","Sierra County",2002-08-01,2,1,1,0,3,1,3
"12992","Sierra County",2002-09-01,2,1,1,0,3,1,3
"12993","Sierra County",2002-10-01,3,0,1,0,3,1,3
"12994","Sierra County",2002-11-01,2,0,1,0,2,1,2
"12995","Sierra County",2002-12-01,3,0,1,0,3,1,3
"12996","Sierra County",2003-01-01,3,1,1,1,4,2,2
"12997","Sierra County",2003-02-01,4,0,1,0,4,1,4
"12998","Sierra County",2003-03-01,5,0,2,0,5,2,2.5
"12999","Sierra County",2003-04-01,3,1,1,0,4,1,4
"13000","Sierra County",2003-05-01,4,1,1,0,5,1,5
"13001","Sierra County",2003-06-01,5,0,2,0,5,2,2.5
"13002","Sierra County",2003-07-01,4,0,3,0,4,3,1.33333333333333
"13003","Sierra County",2003-08-01,5,0,2,0,5,2,2.5
"13004","Sierra County",2003-09-01,6,0,3,0,6,3,2
"13005","Sierra County",2003-10-01,3,0,2,0,3,2,1.5
"13006","Sierra County",2003-11-01,5,1,1,0,6,1,6
"13007","Sierra County",2003-12-01,5,1,1,1,6,2,3
"13008","Sierra County",2004-01-01,5,1,4,0,6,4,1.5
"13009","Sierra County",2004-02-01,5,1,2,0,6,2,3
"13010","Sierra County",2004-03-01,3,1,4,0,4,4,1
"13011","Sierra County",2004-04-01,3,1,2,0,4,2,2
"13012","Sierra County",2004-05-01,4,1,4,0,5,4,1.25
"13013","Sierra County",2004-06-01,4,1,2,0,5,2,2.5
"13014","Sierra County",2004-07-01,3,1,2,0,4,2,2
"13015","Sierra County",2004-08-01,4,1,4,0,5,4,1.25
"13016","Sierra County",2004-09-01,4,1,2,0,5,2,2.5
"13017","Sierra County",2004-10-01,4,1,2,0,5,2,2.5
"13018","Sierra County",2004-11-01,4,1,2,0,5,2,2.5
"13019","Sierra County",2004-12-01,4,1,2,0,5,2,2.5
"13020","Sierra County",2005-01-01,4,1,2,0,5,2,2.5
"13021","Sierra County",2005-02-01,4,1,2,0,5,2,2.5
"13022","Sierra County",2005-03-01,4,1,2,0,5,2,2.5
"13023","Sierra County",2005-04-01,4,1,2,0,5,2,2.5
"13024","Sierra County",2005-05-01,4,1,2,0,5,2,2.5
"13025","Sierra County",2005-06-01,4,1,2,0,5,2,2.5
"13026","Sierra County",2005-07-01,4,1,2,0,5,2,2.5
"13027","Sierra County",2005-08-01,4,1,2,0,5,2,2.5
"13028","Sierra County",2005-09-01,4,1,2,0,5,2,2.5
"13029","Sierra County",2005-10-01,4,1,2,0,5,2,2.5
"13030","Sierra County",2005-11-01,4,1,2,0,5,2,2.5
"13031","Sierra County",2005-12-01,4,1,2,0,5,2,2.5
"13032","Sierra County",2006-01-01,8,0,1,0,8,1,8
"13033","Sierra County",2006-02-01,10,0,2,0,10,2,5
"13034","Sierra County",2006-03-01,9,0,2,0,9,2,4.5
"13035","Sierra County",2006-04-01,8,0,1,0,8,1,8
"13036","Sierra County",2006-05-01,7,1,2,0,8,2,4
"13037","Sierra County",2006-06-01,6,1,3,0,7,3,2.33333333333333
"13038","Sierra County",2006-07-01,7,1,0,0,8,0,Inf
"13039","Sierra County",2006-08-01,8,2,2,1,10,3,3.33333333333333
"13040","Sierra County",2006-09-01,6,1,2,0,7,2,3.5
"13041","Sierra County",2006-10-01,4,2,2,1,6,3,2
"13042","Sierra County",2006-11-01,3,1,1,1,4,2,2
"13043","Sierra County",2006-12-01,5,1,3,0,6,3,2
"13044","Sierra County",2007-01-01,3,4,1,0,7,1,7
"13045","Sierra County",2007-02-01,3,1,2,1,4,3,1.33333333333333
"13046","Sierra County",2007-03-01,3,1,2,1,4,3,1.33333333333333
"13047","Sierra County",2007-04-01,4,1,2,0,5,2,2.5
"13048","Sierra County",2007-05-01,7,2,0,0,9,0,Inf
"13049","Sierra County",2007-06-01,4,2,1,1,6,2,3
"13050","Sierra County",2007-07-01,6,3,0,0,9,0,Inf
"13051","Sierra County",2007-08-01,5,2,0,1,7,1,7
"13052","Sierra County",2007-09-01,4,1,2,0,5,2,2.5
"13053","Sierra County",2007-10-01,6,1,2,1,7,3,2.33333333333333
"13054","Sierra County",2007-11-01,4,1,1,0,5,1,5
"13055","Sierra County",2007-12-01,4,1,3,0,5,3,1.66666666666667
"13056","Sierra County",2008-01-01,5,1,2,0,6,2,3
"13057","Sierra County",2008-02-01,3,1,2,0,4,2,2
"13058","Sierra County",2008-03-01,4,1,2,1,5,3,1.66666666666667
"13059","Sierra County",2008-04-01,3,1,2,0,4,2,2
"13060","Sierra County",2008-05-01,2,1,2,0,3,2,1.5
"13061","Sierra County",2008-06-01,1,1,1,0,2,1,2
"13062","Sierra County",2008-07-01,2,1,1,0,3,1,3
"13063","Sierra County",2008-08-01,3,1,0,0,4,0,Inf
"13064","Sierra County",2008-09-01,3,1,1,0,4,1,4
"13065","Sierra County",2008-10-01,5,1,1,0,6,1,6
"13066","Sierra County",2008-11-01,4,1,2,0,5,2,2.5
"13067","Sierra County",2008-12-01,3,2,1,1,5,2,2.5
"13068","Sierra County",2009-01-01,4,1,1,1,5,2,2.5
"13069","Sierra County",2009-02-01,4,1,1,1,5,2,2.5
"13070","Sierra County",2009-03-01,4,1,2,0,5,2,2.5
"13071","Sierra County",2009-04-01,4,1,2,0,5,2,2.5
"13072","Sierra County",2009-05-01,5,1,1,0,6,1,6
"13073","Sierra County",2009-06-01,3,1,1,0,4,1,4
"13074","Sierra County",2009-07-01,4,1,1,1,5,2,2.5
"13075","Sierra County",2009-08-01,4,1,3,0,5,3,1.66666666666667
"13076","Sierra County",2009-09-01,6,3,0,0,9,0,Inf
"13077","Sierra County",2009-10-01,4,1,2,1,5,3,1.66666666666667
"13078","Sierra County",2009-11-01,5,1,2,0,6,2,3
"13079","Sierra County",2009-12-01,3,1,2,0,4,2,2
"13080","Sierra County",2010-01-01,4,1,1,1,5,2,2.5
"13081","Sierra County",2010-02-01,4,1,1,1,5,2,2.5
"13082","Sierra County",2010-03-01,4,1,2,0,5,2,2.5
"13083","Sierra County",2010-04-01,5,1,1,0,6,1,6
"13084","Sierra County",2010-05-01,4,2,2,1,6,3,2
"13085","Sierra County",2010-06-01,7,1,0,0,8,0,Inf
"13086","Sierra County",2010-07-01,4,1,3,0,5,3,1.66666666666667
"13087","Sierra County",2010-08-01,6,3,0,0,9,0,Inf
"13088","Sierra County",2010-09-01,5,2,0,1,7,1,7
"13089","Sierra County",2010-10-01,4,1,0,0,5,0,Inf
"13090","Sierra County",2010-11-01,2,1,1,0,3,1,3
"13091","Sierra County",2010-12-01,4,1,3,0,5,3,1.66666666666667
"13092","Sierra County",2011-01-01,8,0,1,0,8,1,8
"13093","Sierra County",2011-02-01,3,1,0,0,4,0,Inf
"13094","Sierra County",2011-03-01,4,1,2,0,5,2,2.5
"13095","Sierra County",2011-04-01,6,1,2,0,7,2,3.5
"13096","Sierra County",2011-05-01,6,1,3,0,7,3,2.33333333333333
"13097","Sierra County",2011-06-01,1,1,1,0,2,1,2
"13098","Sierra County",2011-07-01,2,0,0,0,2,0,Inf
"13099","Sierra County",2011-08-01,2,1,0,0,3,0,Inf
"13100","Sierra County",2011-09-01,3,1,1,0,4,1,4
"13101","Sierra County",2011-10-01,3,1,1,0,4,1,4
"13102","Sierra County",2011-11-01,4,1,1,0,5,1,5
"13103","Sierra County",2011-12-01,3,1,2,0,4,2,2
"13104","Sierra County",2012-01-01,1,0,2,1,1,3,0.333333333333333
"13105","Sierra County",2012-02-01,0,0,2,0,0,2,0
"13106","Sierra County",2012-03-01,0,0,2,0,0,2,0
"13107","Sierra County",2012-04-01,0,0,2,0,0,2,0
"13108","Sierra County",2012-05-01,2,0,0,1,2,1,2
"13109","Sierra County",2012-06-01,2,1,0,0,3,0,Inf
"13110","Sierra County",2012-07-01,3,1,0,1,4,1,4
"13111","Sierra County",2012-08-01,2,1,0,1,3,1,3
"13112","Sierra County",2012-09-01,2,1,0,1,3,1,3
"13113","Sierra County",2012-10-01,3,0,1,1,3,2,1.5
"13114","Sierra County",2012-11-01,1,1,1,1,2,2,1
"13115","Sierra County",2012-12-01,0,0,1,1,0,2,0
"13116","Sierra County",2013-01-01,1,0,1,1,1,2,0.5
"13117","Sierra County",2013-02-01,1,1,1,0,2,1,2
"13118","Sierra County",2013-03-01,1,0,1,1,1,2,0.5
"13119","Sierra County",2013-04-01,2,0,1,0,2,1,2
"13120","Sierra County",2013-05-01,3,0,1,0,3,1,3
"13121","Sierra County",2013-06-01,4,0,1,0,4,1,4
"13122","Sierra County",2013-07-01,1,0,3,1,1,4,0.25
"13123","Sierra County",2013-08-01,2,1,1,1,3,2,1.5
"13124","Sierra County",2013-09-01,3,1,1,1,4,2,2
"13125","Sierra County",2013-10-01,3,0,0,1,3,1,3
"13126","Sierra County",2013-11-01,3,1,0,1,4,1,4
"13127","Sierra County",2013-12-01,3,2,1,1,5,2,2.5
"13128","Sierra County",2014-01-01,5,1,1,3,6,4,1.5
"13129","Sierra County",2014-02-01,6,0,2,1,6,3,2
"13130","Sierra County",2014-03-01,5,0,2,1,5,3,1.66666666666667
"13131","Sierra County",2014-04-01,3,0,2,1,3,3,1
"13132","Sierra County",2014-05-01,3,1,1,0,4,1,4
"13133","Sierra County",2014-06-01,3,0,1,0,3,1,3
"13134","Sierra County",2014-07-01,2,0,1,1,2,2,1
"13135","Sierra County",2014-08-01,3,1,1,0,4,1,4
"13136","Sierra County",2014-09-01,3,2,1,0,5,1,5
"13137","Sierra County",2014-10-01,3,1,1,0,4,1,4
"13138","Sierra County",2014-11-01,2,1,1,0,3,1,3
"13139","Sierra County",2014-12-01,1,0,1,0,1,1,1
"13140","Sierra County",2015-01-01,0,0,1,0,0,1,0
"13141","Sierra County",2015-02-01,1,0,1,0,1,1,1
"13142","Sierra County",2015-03-01,0,0,1,0,0,1,0
"13143","Siskiyou County",1995-10-01,45,2,36,11,47,47,1
"13144","Siskiyou County",1995-11-01,34,8,43,3,42,46,0.91304347826087
"13145","Siskiyou County",1995-12-01,38,1,34,7,39,41,0.951219512195122
"13146","Siskiyou County",1996-01-01,34,2,44,8,36,52,0.692307692307692
"13147","Siskiyou County",1996-02-01,30,4,40,8,34,48,0.708333333333333
"13148","Siskiyou County",1996-03-01,38,5,40,9,43,49,0.877551020408163
"13149","Siskiyou County",1996-04-01,40,5,38,8,45,46,0.978260869565217
"13150","Siskiyou County",1996-05-01,36,9,35,5,45,40,1.125
"13151","Siskiyou County",1996-06-01,41,9,31,4,50,35,1.42857142857143
"13152","Siskiyou County",1996-07-01,43,8,30,8,51,38,1.34210526315789
"13153","Siskiyou County",1996-08-01,41,3,34,8,44,42,1.04761904761905
"13154","Siskiyou County",1996-09-01,45,4,28,6,49,34,1.44117647058824
"13155","Siskiyou County",1996-10-01,44,5,29,7,49,36,1.36111111111111
"13156","Siskiyou County",1996-11-01,41,6,33,4,47,37,1.27027027027027
"13157","Siskiyou County",1996-12-01,44,4,28,6,48,34,1.41176470588235
"13158","Siskiyou County",1997-01-01,29,7,43,5,36,48,0.75
"13159","Siskiyou County",1997-02-01,44,8,32,7,52,39,1.33333333333333
"13160","Siskiyou County",1997-03-01,35,12,31,9,47,40,1.175
"13161","Siskiyou County",1997-04-01,36,11,37,5,47,42,1.11904761904762
"13162","Siskiyou County",1997-05-01,41,7,36,7,48,43,1.11627906976744
"13163","Siskiyou County",1997-06-01,38,8,37,7,46,44,1.04545454545455
"13164","Siskiyou County",1997-07-01,36,5,40,6,41,46,0.891304347826087
"13165","Siskiyou County",1997-08-01,44,6,27,7,50,34,1.47058823529412
"13166","Siskiyou County",1997-09-01,43,7,25,9,50,34,1.47058823529412
"13167","Siskiyou County",1997-10-01,45,7,27,9,52,36,1.44444444444444
"13168","Siskiyou County",1997-11-01,44,7,27,9,51,36,1.41666666666667
"13169","Siskiyou County",1997-12-01,43,6,26,9,49,35,1.4
"13170","Siskiyou County",1998-01-01,41,8,25,10,49,35,1.4
"13171","Siskiyou County",1998-02-01,45,10,28,5,55,33,1.66666666666667
"13172","Siskiyou County",1998-03-01,44,8,30,5,52,35,1.48571428571429
"13173","Siskiyou County",1998-04-01,45,8,31,5,53,36,1.47222222222222
"13174","Siskiyou County",1998-05-01,44,9,30,6,53,36,1.47222222222222
"13175","Siskiyou County",1998-06-01,44,7,29,5,51,34,1.5
"13176","Siskiyou County",1998-07-01,41,7,30,3,48,33,1.45454545454545
"13177","Siskiyou County",1998-08-01,44,9,27,3,53,30,1.76666666666667
"13178","Siskiyou County",1998-09-01,41,9,20,10,50,30,1.66666666666667
"13179","Siskiyou County",1998-10-01,40,9,22,4,49,26,1.88461538461538
"13180","Siskiyou County",1998-11-01,36,7,28,3,43,31,1.38709677419355
"13181","Siskiyou County",1998-12-01,39,9,31,3,48,34,1.41176470588235
"13182","Siskiyou County",1999-01-01,40,10,33,4,50,37,1.35135135135135
"13183","Siskiyou County",1999-02-01,39,10,32,3,49,35,1.4
"13184","Siskiyou County",1999-03-01,40,11,36,3,51,39,1.30769230769231
"13185","Siskiyou County",1999-04-01,42,4,36,6,46,42,1.0952380952381
"13186","Siskiyou County",1999-05-01,44,9,30,4,53,34,1.55882352941176
"13187","Siskiyou County",1999-06-01,60,8,20,2,68,22,3.09090909090909
"13188","Siskiyou County",1999-07-01,49,8,26,3,57,29,1.96551724137931
"13189","Siskiyou County",1999-08-01,51,9,27,3,60,30,2
"13190","Siskiyou County",1999-09-01,49,10,28,4,59,32,1.84375
"13191","Siskiyou County",1999-10-01,56,9,21,4,65,25,2.6
"13192","Siskiyou County",1999-11-01,53,8,22,3,61,25,2.44
"13193","Siskiyou County",1999-12-01,54,11,26,5,65,31,2.09677419354839
"13194","Siskiyou County",2000-01-01,50,15,22,4,65,26,2.5
"13195","Siskiyou County",2000-02-01,51,10,27,2,61,29,2.10344827586207
"13196","Siskiyou County",2000-03-01,49,10,24,3,59,27,2.18518518518519
"13197","Siskiyou County",2000-04-01,50,10,27,2,60,29,2.06896551724138
"13198","Siskiyou County",2000-05-01,49,11,26,3,60,29,2.06896551724138
"13199","Siskiyou County",2000-06-01,46,8,26,2,54,28,1.92857142857143
"13200","Siskiyou County",2000-07-01,46,6,23,1,52,24,2.16666666666667
"13201","Siskiyou County",2000-08-01,50,5,28,3,55,31,1.7741935483871
"13202","Siskiyou County",2000-09-01,51,5,32,4,56,36,1.55555555555556
"13203","Siskiyou County",2000-10-01,53,6,31,4,59,35,1.68571428571429
"13204","Siskiyou County",2000-11-01,49,7,33,2,56,35,1.6
"13205","Siskiyou County",2000-12-01,51,4,34,2,55,36,1.52777777777778
"13206","Siskiyou County",2001-01-01,50,5,29,3,55,32,1.71875
"13207","Siskiyou County",2001-02-01,52,6,31,4,58,35,1.65714285714286
"13208","Siskiyou County",2001-03-01,50,6,33,5,56,38,1.47368421052632
"13209","Siskiyou County",2001-04-01,51,4,32,7,55,39,1.41025641025641
"13210","Siskiyou County",2001-05-01,49,3,29,8,52,37,1.40540540540541
"13211","Siskiyou County",2001-06-01,44,4,27,8,48,35,1.37142857142857
"13212","Siskiyou County",2001-07-01,47,7,27,9,54,36,1.5
"13213","Siskiyou County",2001-08-01,57,9,29,2,66,31,2.12903225806452
"13214","Siskiyou County",2001-09-01,54,6,29,4,60,33,1.81818181818182
"13215","Siskiyou County",2001-10-01,51,3,28,6,54,34,1.58823529411765
"13216","Siskiyou County",2001-11-01,71,2,17,5,73,22,3.31818181818182
"13217","Siskiyou County",2001-12-01,81,4,24,3,85,27,3.14814814814815
"13218","Siskiyou County",2002-01-01,61,14,20,3,75,23,3.26086956521739
"13219","Siskiyou County",2002-02-01,58,10,31,5,68,36,1.88888888888889
"13220","Siskiyou County",2002-03-01,66,9,19,3,75,22,3.40909090909091
"13221","Siskiyou County",2002-04-01,58,13,15,7,71,22,3.22727272727273
"13222","Siskiyou County",2002-05-01,40,3,18,1,43,19,2.26315789473684
"13223","Siskiyou County",2002-06-01,56,3,19,6,59,25,2.36
"13224","Siskiyou County",2002-07-01,44,4,15,2,48,17,2.82352941176471
"13225","Siskiyou County",2002-08-01,61,6,25,4,67,29,2.31034482758621
"13226","Siskiyou County",2002-09-01,76,6,14,4,82,18,4.55555555555556
"13227","Siskiyou County",2002-10-01,62,2,28,11,64,39,1.64102564102564
"13228","Siskiyou County",2002-11-01,67,2,21,4,69,25,2.76
"13229","Siskiyou County",2002-12-01,67,2,21,4,69,25,2.76
"13230","Siskiyou County",2003-01-01,65,7,18,3,72,21,3.42857142857143
"13231","Siskiyou County",2003-02-01,61,9,26,2,70,28,2.5
"13232","Siskiyou County",2003-03-01,60,8,28,4,68,32,2.125
"13233","Siskiyou County",2003-04-01,62,7,26,3,69,29,2.37931034482759
"13234","Siskiyou County",2003-05-01,65,6,28,3,71,31,2.29032258064516
"13235","Siskiyou County",2003-06-01,78,7,18,0,85,18,4.72222222222222
"13236","Siskiyou County",2003-07-01,68,8,28,1,76,29,2.62068965517241
"13237","Siskiyou County",2003-08-01,65,7,27,2,72,29,2.48275862068966
"13238","Siskiyou County",2003-09-01,57,3,28,9,60,37,1.62162162162162
"13239","Siskiyou County",2003-10-01,64,5,27,3,69,30,2.3
"13240","Siskiyou County",2003-11-01,66,4,25,2,70,27,2.59259259259259
"13241","Siskiyou County",2003-12-01,71,6,19,5,77,24,3.20833333333333
"13242","Siskiyou County",2004-01-01,75,1,21,6,76,27,2.81481481481481
"13243","Siskiyou County",2004-02-01,77,8,19,4,85,23,3.69565217391304
"13244","Siskiyou County",2004-03-01,88,9,21,4,97,25,3.88
"13245","Siskiyou County",2004-04-01,85,5,21,4,90,25,3.6
"13246","Siskiyou County",2004-05-01,81,6,19,2,87,21,4.14285714285714
"13247","Siskiyou County",2004-06-01,77,11,10,2,88,12,7.33333333333333
"13248","Siskiyou County",2004-07-01,79,8,11,3,87,14,6.21428571428571
"13249","Siskiyou County",2004-08-01,77,16,7,2,93,9,10.3333333333333
"13250","Siskiyou County",2004-09-01,85,11,12,2,96,14,6.85714285714286
"13251","Siskiyou County",2004-10-01,74,12,7,1,86,8,10.75
"13252","Siskiyou County",2004-11-01,75,11,10,3,86,13,6.61538461538461
"13253","Siskiyou County",2004-12-01,76,11,7,1,87,8,10.875
"13254","Siskiyou County",2005-01-01,58,5,17,3,63,20,3.15
"13255","Siskiyou County",2005-02-01,64,5,23,3,69,26,2.65384615384615
"13256","Siskiyou County",2005-03-01,70,3,15,5,73,20,3.65
"13257","Siskiyou County",2005-04-01,69,5,17,4,74,21,3.52380952380952
"13258","Siskiyou County",2005-05-01,71,2,15,9,73,24,3.04166666666667
"13259","Siskiyou County",2005-06-01,68,7,14,5,75,19,3.94736842105263
"13260","Siskiyou County",2005-07-01,63,8,11,9,71,20,3.55
"13261","Siskiyou County",2005-08-01,69,6,15,3,75,18,4.16666666666667
"13262","Siskiyou County",2005-09-01,69,6,15,3,75,18,4.16666666666667
"13263","Siskiyou County",2005-10-01,70,6,13,3,76,16,4.75
"13264","Siskiyou County",2005-11-01,74,6,11,2,80,13,6.15384615384615
"13265","Siskiyou County",2005-12-01,73,4,13,1,77,14,5.5
"13266","Siskiyou County",2006-01-01,77,7,17,2,84,19,4.42105263157895
"13267","Siskiyou County",2006-02-01,77,7,17,2,84,19,4.42105263157895
"13268","Siskiyou County",2006-03-01,76,5,14,1,81,15,5.4
"13269","Siskiyou County",2006-04-01,78,7,15,2,85,17,5
"13270","Siskiyou County",2006-05-01,74,2,16,1,76,17,4.47058823529412
"13271","Siskiyou County",2006-06-01,77,6,15,0,83,15,5.53333333333333
"13272","Siskiyou County",2006-07-01,83,8,15,3,91,18,5.05555555555556
"13273","Siskiyou County",2006-08-01,87,7,6,2,94,8,11.75
"13274","Siskiyou County",2006-09-01,85,6,8,3,91,11,8.27272727272727
"13275","Siskiyou County",2006-10-01,83,7,10,1,90,11,8.18181818181818
"13276","Siskiyou County",2006-11-01,80,2,11,0,82,11,7.45454545454545
"13277","Siskiyou County",2006-12-01,77,8,9,3,85,12,7.08333333333333
"13278","Siskiyou County",2007-01-01,71,5,6,2,76,8,9.5
"13279","Siskiyou County",2007-02-01,69,6,11,2,75,13,5.76923076923077
"13280","Siskiyou County",2007-03-01,59,2,13,2,61,15,4.06666666666667
"13281","Siskiyou County",2007-04-01,63,8,12,2,71,14,5.07142857142857
"13282","Siskiyou County",2007-05-01,66,4,17,5,70,22,3.18181818181818
"13283","Siskiyou County",2007-06-01,69,3,19,2,72,21,3.42857142857143
"13284","Siskiyou County",2007-07-01,71,4,20,0,75,20,3.75
"13285","Siskiyou County",2007-08-01,68,4,18,1,72,19,3.78947368421053
"13286","Siskiyou County",2007-09-01,61,7,17,4,68,21,3.23809523809524
"13287","Siskiyou County",2007-10-01,63,9,19,1,72,20,3.6
"13288","Siskiyou County",2007-11-01,76,3,11,1,79,12,6.58333333333333
"13289","Siskiyou County",2007-12-01,55,4,11,6,59,17,3.47058823529412
"13290","Siskiyou County",2008-01-01,56,3,9,7,59,16,3.6875
"13291","Siskiyou County",2008-02-01,68,8,6,2,76,8,9.5
"13292","Siskiyou County",2008-03-01,72,7,10,4,79,14,5.64285714285714
"13293","Siskiyou County",2008-04-01,68,4,11,4,72,15,4.8
"13294","Siskiyou County",2008-05-01,62,3,15,5,65,20,3.25
"13295","Siskiyou County",2008-06-01,62,8,12,2,70,14,5
"13296","Siskiyou County",2008-07-01,69,4,9,3,73,12,6.08333333333333
"13297","Siskiyou County",2008-08-01,68,5,12,4,73,16,4.5625
"13298","Siskiyou County",2008-09-01,73,5,10,6,78,16,4.875
"13299","Siskiyou County",2008-10-01,69,4,11,7,73,18,4.05555555555556
"13300","Siskiyou County",2008-11-01,61,4,9,8,65,17,3.82352941176471
"13301","Siskiyou County",2008-12-01,59,7,11,9,66,20,3.3
"13302","Siskiyou County",2009-01-01,61,8,15,7,69,22,3.13636363636364
"13303","Siskiyou County",2009-02-01,62,7,17,7,69,24,2.875
"13304","Siskiyou County",2009-03-01,63,6,19,5,69,24,2.875
"13305","Siskiyou County",2009-04-01,61,4,21,3,65,24,2.70833333333333
"13306","Siskiyou County",2009-05-01,58,5,19,5,63,24,2.625
"13307","Siskiyou County",2009-06-01,55,5,21,4,60,25,2.4
"13308","Siskiyou County",2009-07-01,54,6,22,5,60,27,2.22222222222222
"13309","Siskiyou County",2009-08-01,57,13,20,3,70,23,3.04347826086957
"13310","Siskiyou County",2009-09-01,60,11,22,3,71,25,2.84
"13311","Siskiyou County",2009-10-01,62,14,19,2,76,21,3.61904761904762
"13312","Siskiyou County",2009-11-01,62,14,19,2,76,21,3.61904761904762
"13313","Siskiyou County",2009-12-01,47,6,30,2,53,32,1.65625
"13314","Siskiyou County",2010-01-01,63,7,17,3,70,20,3.5
"13315","Siskiyou County",2010-02-01,67,8,15,2,75,17,4.41176470588235
"13316","Siskiyou County",2010-03-01,64,9,17,3,73,20,3.65
"13317","Siskiyou County",2010-04-01,61,6,17,3,67,20,3.35
"13318","Siskiyou County",2010-05-01,66,2,14,2,68,16,4.25
"13319","Siskiyou County",2010-06-01,59,7,16,2,66,18,3.66666666666667
"13320","Siskiyou County",2010-07-01,55,7,17,2,62,19,3.26315789473684
"13321","Siskiyou County",2010-08-01,48,3,25,3,51,28,1.82142857142857
"13322","Siskiyou County",2010-09-01,47,5,23,5,52,28,1.85714285714286
"13323","Siskiyou County",2010-10-01,55,8,17,7,63,24,2.625
"13324","Siskiyou County",2010-11-01,48,9,25,5,57,30,1.9
"13325","Siskiyou County",2010-12-01,49,5,24,1,54,25,2.16
"13326","Siskiyou County",2011-01-01,69,9,6,1,78,7,11.1428571428571
"13327","Siskiyou County",2011-02-01,73,6,15,5,79,20,3.95
"13328","Siskiyou County",2011-03-01,75,5,16,3,80,19,4.21052631578947
"13329","Siskiyou County",2011-04-01,74,7,18,3,81,21,3.85714285714286
"13330","Siskiyou County",2011-05-01,69,9,21,0,78,21,3.71428571428571
"13331","Siskiyou County",2011-06-01,71,6,22,1,77,23,3.34782608695652
"13332","Siskiyou County",2011-07-01,80,4,14,0,84,14,6
"13333","Siskiyou County",2011-08-01,73,5,13,0,78,13,6
"13334","Siskiyou County",2011-09-01,71,6,12,1,77,13,5.92307692307692
"13335","Siskiyou County",2011-10-01,59,6,21,0,65,21,3.0952380952381
"13336","Siskiyou County",2011-11-01,76,4,10,1,80,11,7.27272727272727
"13337","Siskiyou County",2011-12-01,77,3,11,5,80,16,5
"13338","Siskiyou County",2012-01-01,61,6,19,2,67,21,3.19047619047619
"13339","Siskiyou County",2012-02-01,64,5,20,2,69,22,3.13636363636364
"13340","Siskiyou County",2012-03-01,64,8,13,4,72,17,4.23529411764706
"13341","Siskiyou County",2012-04-01,66,9,15,3,75,18,4.16666666666667
"13342","Siskiyou County",2012-05-01,64,10,21,3,74,24,3.08333333333333
"13343","Siskiyou County",2012-06-01,63,11,19,2,74,21,3.52380952380952
"13344","Siskiyou County",2012-07-01,59,10,21,4,69,25,2.76
"13345","Siskiyou County",2012-08-01,56,9,20,6,65,26,2.5
"13346","Siskiyou County",2012-09-01,63,8,19,4,71,23,3.08695652173913
"13347","Siskiyou County",2012-10-01,64,10,21,1,74,22,3.36363636363636
"13348","Siskiyou County",2012-11-01,56,8,19,2,64,21,3.04761904761905
"13349","Siskiyou County",2012-12-01,49,9,19,2,58,21,2.76190476190476
"13350","Siskiyou County",2013-01-01,62,12,18,1,74,19,3.89473684210526
"13351","Siskiyou County",2013-02-01,65,11,21,1,76,22,3.45454545454545
"13352","Siskiyou County",2013-03-01,68,10,21,3,78,24,3.25
"13353","Siskiyou County",2013-04-01,64,5,25,5,69,30,2.3
"13354","Siskiyou County",2013-05-01,66,9,22,2,75,24,3.125
"13355","Siskiyou County",2013-06-01,65,8,21,2,73,23,3.17391304347826
"13356","Siskiyou County",2013-07-01,67,9,22,2,76,24,3.16666666666667
"13357","Siskiyou County",2013-08-01,70,10,19,2,80,21,3.80952380952381
"13358","Siskiyou County",2013-09-01,66,9,21,2,75,23,3.26086956521739
"13359","Siskiyou County",2013-10-01,69,7,22,2,76,24,3.16666666666667
"13360","Siskiyou County",2013-11-01,71,5,23,1,76,24,3.16666666666667
"13361","Siskiyou County",2013-12-01,62,8,19,2,70,21,3.33333333333333
"13362","Siskiyou County",2014-01-01,65,9,20,0,74,20,3.7
"13363","Siskiyou County",2014-02-01,63,7,21,3,70,24,2.91666666666667
"13364","Siskiyou County",2014-03-01,64,9,22,2,73,24,3.04166666666667
"13365","Siskiyou County",2014-04-01,70,8,20,2,78,22,3.54545454545455
"13366","Siskiyou County",2014-05-01,68,8,18,1,76,19,4
"13367","Siskiyou County",2014-06-01,64,10,19,0,74,19,3.89473684210526
"13368","Siskiyou County",2014-07-01,72,8,17,0,80,17,4.70588235294118
"13369","Siskiyou County",2014-08-01,69,10,19,0,79,19,4.15789473684211
"13370","Siskiyou County",2014-09-01,68,4,17,3,72,20,3.6
"13371","Siskiyou County",2014-10-01,73,11,11,2,84,13,6.46153846153846
"13372","Siskiyou County",2014-11-01,71,10,16,2,81,18,4.5
"13373","Siskiyou County",2014-12-01,81,11,10,0,92,10,9.2
"13374","Siskiyou County",2015-01-01,88,9,2,0,97,2,48.5
"13375","Siskiyou County",2015-02-01,89,6,4,0,95,4,23.75
"13376","Siskiyou County",2015-03-01,85,6,2,0,91,2,45.5
"13377","Siskiyou County",2015-04-01,84,8,3,0,92,3,30.6666666666667
"13378","Siskiyou County",2015-05-01,87,7,8,0,94,8,11.75
"13379","Siskiyou County",2015-06-01,90,8,8,0,98,8,12.25
"13380","Siskiyou County",2015-07-01,85,8,8,0,93,8,11.625
"13381","Siskiyou County",2015-08-01,88,8,5,0,96,5,19.2
"13382","Siskiyou County",2015-09-01,86,10,3,0,96,3,32
"13383","Siskiyou County",2015-10-01,85,10,8,0,95,8,11.875
"13384","Siskiyou County",2015-11-01,71,8,19,0,79,19,4.15789473684211
"13385","Siskiyou County",2015-12-01,90,10,4,0,100,4,25
"13386","Siskiyou County",2016-01-01,88,9,5,0,97,5,19.4
"13387","Siskiyou County",2016-02-01,88,10,5,0,98,5,19.6
"13388","Siskiyou County",2016-03-01,77,7,11,0,84,11,7.63636363636364
"13389","Siskiyou County",2016-04-01,78,8,11,0,86,11,7.81818181818182
"13390","Siskiyou County",2016-05-01,77,10,9,0,87,9,9.66666666666667
"13391","Siskiyou County",2016-06-01,80,8,10,0,88,10,8.8
"13392","Siskiyou County",2016-07-01,82,8,9,0,90,9,10
"13393","Siskiyou County",2016-08-01,77,10,11,0,87,11,7.90909090909091
"13394","Siskiyou County",2016-09-01,81,9,8,1,90,9,10
"13395","Siskiyou County",2016-10-01,73,12,8,1,85,9,9.44444444444444
"13396","Siskiyou County",2016-11-01,65,13,12,2,78,14,5.57142857142857
"13397","Siskiyou County",2016-12-01,65,12,11,0,77,11,7
"13398","Siskiyou County",2017-01-01,70,10,8,1,80,9,8.88888888888889
"13399","Siskiyou County",2017-02-01,69,13,11,0,82,11,7.45454545454545
"13400","Siskiyou County",2017-03-01,72,13,14,0,85,14,6.07142857142857
"13401","Siskiyou County",2017-04-01,71,13,15,1,84,16,5.25
"13402","Siskiyou County",2017-05-01,74,13,13,0,87,13,6.69230769230769
"13403","Siskiyou County",2017-06-01,80,13,7,0,93,7,13.2857142857143
"13404","Siskiyou County",2017-07-01,79,12,10,0,91,10,9.1
"13405","Siskiyou County",2017-08-01,76,13,10,0,89,10,8.9
"13406","Siskiyou County",2017-09-01,70,14,11,0,84,11,7.63636363636364
"13407","Siskiyou County",2017-10-01,77,13,8,1,90,9,10
"13408","Siskiyou County",2017-11-01,78,12,8,1,90,9,10
"13409","Siskiyou County",2017-12-01,73,12,10,1,85,11,7.72727272727273
"13410","Siskiyou County",2018-01-01,74,11,11,3,85,14,6.07142857142857
"13411","Siskiyou County",2018-02-01,75,14,11,0,89,11,8.09090909090909
"13412","Siskiyou County",2018-03-01,68,11,8,3,79,11,7.18181818181818
"13413","Siskiyou County",2018-04-01,73,8,10,6,81,16,5.0625
"13414","Siskiyou County",2018-05-01,77,9,8,5,86,13,6.61538461538461
"13415","Siskiyou County",2018-06-01,77,9,10,5,86,15,5.73333333333333
"13416","Siskiyou County",2018-07-01,69,10,15,5,79,20,3.95
"13417","Siskiyou County",2018-08-01,77,10,13,4,87,17,5.11764705882353
"13418","Siskiyou County",2018-09-01,NA,NA,NA,NA,NA,NA,NA
"13419","Siskiyou County",2018-10-01,76,9,8,5,85,13,6.53846153846154
"13420","Siskiyou County",2018-11-01,75,9,8,5,84,13,6.46153846153846
"13421","Siskiyou County",2018-12-01,73,8,11,6,81,17,4.76470588235294
"13422","Siskiyou County",2019-01-01,71,8,11,6,79,17,4.64705882352941
"13423","Siskiyou County",2019-02-01,75,11,8,3,86,11,7.81818181818182
"13424","Siskiyou County",2019-03-01,70,11,10,3,81,13,6.23076923076923
"13425","Siskiyou County",2019-04-01,69,11,11,3,80,14,5.71428571428571
"13426","Siskiyou County",2019-05-01,74,11,7,3,85,10,8.5
"13427","Siskiyou County",2019-06-01,70,5,10,4,75,14,5.35714285714286
"13428","Siskiyou County",2019-07-01,63,9,12,3,72,15,4.8
"13429","Siskiyou County",2019-08-01,72,9,9,5,81,14,5.78571428571429
"13430","Siskiyou County",2019-09-01,NA,NA,NA,NA,NA,NA,NA
"13431","Siskiyou County",2019-10-01,68,10,13,3,78,16,4.875
"13432","Siskiyou County",2019-11-01,67,9,9,4,76,13,5.84615384615385
"13433","Siskiyou County",2019-12-01,63,6,13,4,69,17,4.05882352941176
"13434","Siskiyou County",2020-01-01,62,8,15,3,70,18,3.88888888888889
"13435","Siskiyou County",2020-02-01,68,11,11,3,79,14,5.64285714285714
"13436","Siskiyou County",2020-03-01,70,6,3,2,76,5,15.2
"13437","Solano County",1995-10-01,394,53,265,63,447,328,1.36280487804878
"13438","Solano County",1995-11-01,438,54,272,55,492,327,1.5045871559633
"13439","Solano County",1995-12-01,421,45,264,47,466,311,1.4983922829582
"13440","Solano County",1996-01-01,442,51,251,40,493,291,1.69415807560137
"13441","Solano County",1996-02-01,440,48,252,40,488,292,1.67123287671233
"13442","Solano County",1996-03-01,432,59,241,40,491,281,1.74733096085409
"13443","Solano County",1996-04-01,425,58,241,46,483,287,1.68292682926829
"13444","Solano County",1996-05-01,410,56,240,46,466,286,1.62937062937063
"13445","Solano County",1996-06-01,399,56,241,51,455,292,1.55821917808219
"13446","Solano County",1996-07-01,408,57,248,49,465,297,1.56565656565657
"13447","Solano County",1996-08-01,405,54,233,43,459,276,1.66304347826087
"13448","Solano County",1996-09-01,466,65,235,47,531,282,1.88297872340426
"13449","Solano County",1996-10-01,461,70,244,43,531,287,1.85017421602787
"13450","Solano County",1996-11-01,458,71,243,46,529,289,1.83044982698962
"13451","Solano County",1996-12-01,437,59,244,42,496,286,1.73426573426573
"13452","Solano County",1997-01-01,418,65,240,39,483,279,1.73118279569892
"13453","Solano County",1997-02-01,454,63,224,34,517,258,2.00387596899225
"13454","Solano County",1997-03-01,451,67,238,43,518,281,1.84341637010676
"13455","Solano County",1997-04-01,507,59,240,47,566,287,1.97212543554007
"13456","Solano County",1997-05-01,496,58,228,49,554,277,2
"13457","Solano County",1997-06-01,502,62,230,46,564,276,2.04347826086957
"13458","Solano County",1997-07-01,455,74,266,47,529,313,1.69009584664537
"13459","Solano County",1997-08-01,463,72,274,51,535,325,1.64615384615385
"13460","Solano County",1997-09-01,489,79,271,48,568,319,1.78056426332288
"13461","Solano County",1997-10-01,493,70,293,43,563,336,1.67559523809524
"13462","Solano County",1997-11-01,483,75,284,46,558,330,1.69090909090909
"13463","Solano County",1997-12-01,455,65,297,54,520,351,1.48148148148148
"13464","Solano County",1998-01-01,442,57,325,62,499,387,1.28940568475452
"13465","Solano County",1998-02-01,466,59,310,60,525,370,1.41891891891892
"13466","Solano County",1998-03-01,443,54,282,52,497,334,1.48802395209581
"13467","Solano County",1998-04-01,409,64,293,48,473,341,1.38709677419355
"13468","Solano County",1998-05-01,431,65,285,49,496,334,1.48502994011976
"13469","Solano County",1998-06-01,423,74,296,53,497,349,1.42406876790831
"13470","Solano County",1998-07-01,450,69,278,60,519,338,1.53550295857988
"13471","Solano County",1998-08-01,427,73,268,54,500,322,1.5527950310559
"13472","Solano County",1998-09-01,433,83,285,53,516,338,1.52662721893491
"13473","Solano County",1998-10-01,431,61,295,43,492,338,1.45562130177515
"13474","Solano County",1998-11-01,395,58,284,28,453,312,1.45192307692308
"13475","Solano County",1998-12-01,395,58,284,28,453,312,1.45192307692308
"13476","Solano County",1999-01-01,416,59,260,32,475,292,1.62671232876712
"13477","Solano County",1999-02-01,433,77,257,27,510,284,1.79577464788732
"13478","Solano County",1999-03-01,410,80,258,32,490,290,1.68965517241379
"13479","Solano County",1999-04-01,431,77,256,39,508,295,1.72203389830508
"13480","Solano County",1999-05-01,461,68,237,45,529,282,1.8758865248227
"13481","Solano County",1999-06-01,463,66,226,34,529,260,2.03461538461538
"13482","Solano County",1999-07-01,433,66,229,29,499,258,1.93410852713178
"13483","Solano County",1999-08-01,456,77,245,35,533,280,1.90357142857143
"13484","Solano County",1999-09-01,504,82,258,37,586,295,1.9864406779661
"13485","Solano County",1999-10-01,523,79,272,32,602,304,1.98026315789474
"13486","Solano County",1999-11-01,517,84,275,29,601,304,1.97697368421053
"13487","Solano County",1999-12-01,477,85,227,37,562,264,2.12878787878788
"13488","Solano County",2000-01-01,491,80,206,30,571,236,2.41949152542373
"13489","Solano County",2000-02-01,478,97,225,35,575,260,2.21153846153846
"13490","Solano County",2000-03-01,499,92,225,32,591,257,2.29961089494163
"13491","Solano County",2000-04-01,474,74,224,29,548,253,2.16600790513834
"13492","Solano County",2000-05-01,487,74,236,30,561,266,2.10902255639098
"13493","Solano County",2000-06-01,494,81,231,31,575,262,2.19465648854962
"13494","Solano County",2000-07-01,527,91,217,37,618,254,2.43307086614173
"13495","Solano County",2000-08-01,535,87,229,29,622,258,2.41085271317829
"13496","Solano County",2000-09-01,527,91,217,37,618,254,2.43307086614173
"13497","Solano County",2000-10-01,525,92,219,32,617,251,2.45816733067729
"13498","Solano County",2000-11-01,546,88,208,33,634,241,2.63070539419087
"13499","Solano County",2000-12-01,509,90,227,36,599,263,2.27756653992395
"13500","Solano County",2001-01-01,513,101,237,33,614,270,2.27407407407407
"13501","Solano County",2001-02-01,535,95,219,35,630,254,2.48031496062992
"13502","Solano County",2001-03-01,547,100,227,36,647,263,2.46007604562738
"13503","Solano County",2001-04-01,549,104,235,34,653,269,2.4275092936803
"13504","Solano County",2001-05-01,548,103,263,36,651,299,2.17725752508361
"13505","Solano County",2001-06-01,546,104,269,44,650,313,2.07667731629393
"13506","Solano County",2001-07-01,561,110,279,46,671,325,2.06461538461538
"13507","Solano County",2001-08-01,615,107,254,34,722,288,2.50694444444444
"13508","Solano County",2001-09-01,608,101,245,35,709,280,2.53214285714286
"13509","Solano County",2001-10-01,603,111,230,42,714,272,2.625
"13510","Solano County",2001-11-01,630,107,239,39,737,278,2.65107913669065
"13511","Solano County",2001-12-01,598,115,258,32,713,290,2.45862068965517
"13512","Solano County",2002-01-01,629,116,254,31,745,285,2.6140350877193
"13513","Solano County",2002-02-01,635,124,253,37,759,290,2.61724137931034
"13514","Solano County",2002-03-01,643,110,266,43,753,309,2.43689320388349
"13515","Solano County",2002-04-01,637,117,278,44,754,322,2.3416149068323
"13516","Solano County",2002-05-01,625,118,262,46,743,308,2.41233766233766
"13517","Solano County",2002-06-01,631,107,260,55,738,315,2.34285714285714
"13518","Solano County",2002-07-01,638,104,258,48,742,306,2.42483660130719
"13519","Solano County",2002-08-01,664,100,246,48,764,294,2.59863945578231
"13520","Solano County",2002-09-01,690,103,228,47,793,275,2.88363636363636
"13521","Solano County",2002-10-01,673,122,262,51,795,313,2.53993610223642
"13522","Solano County",2002-11-01,664,117,272,48,781,320,2.440625
"13523","Solano County",2002-12-01,669,109,249,41,778,290,2.68275862068965
"13524","Solano County",2003-01-01,700,116,257,43,816,300,2.72
"13525","Solano County",2003-02-01,698,120,256,41,818,297,2.75420875420875
"13526","Solano County",2003-03-01,642,107,276,55,749,331,2.26283987915408
"13527","Solano County",2003-04-01,618,108,290,57,726,347,2.09221902017291
"13528","Solano County",2003-05-01,635,118,297,51,753,348,2.16379310344828
"13529","Solano County",2003-06-01,634,120,289,34,754,323,2.3343653250774
"13530","Solano County",2003-07-01,649,110,288,43,759,331,2.29305135951662
"13531","Solano County",2003-08-01,656,113,281,41,769,322,2.38819875776398
"13532","Solano County",2003-09-01,669,120,264,40,789,304,2.59539473684211
"13533","Solano County",2003-10-01,641,115,256,42,756,298,2.53691275167785
"13534","Solano County",2003-11-01,630,108,251,51,738,302,2.44370860927152
"13535","Solano County",2003-12-01,618,113,245,44,731,289,2.52941176470588
"13536","Solano County",2004-01-01,627,123,249,40,750,289,2.59515570934256
"13537","Solano County",2004-02-01,652,117,251,43,769,294,2.6156462585034
"13538","Solano County",2004-03-01,671,126,249,41,797,290,2.74827586206897
"13539","Solano County",2004-04-01,675,118,235,46,793,281,2.8220640569395
"13540","Solano County",2004-05-01,641,114,266,43,755,309,2.44336569579288
"13541","Solano County",2004-06-01,631,105,262,52,736,314,2.34394904458599
"13542","Solano County",2004-07-01,676,107,226,60,783,286,2.73776223776224
"13543","Solano County",2004-08-01,672,118,210,53,790,263,3.00380228136882
"13544","Solano County",2004-09-01,669,124,225,43,793,268,2.9589552238806
"13545","Solano County",2004-10-01,717,122,217,42,839,259,3.23938223938224
"13546","Solano County",2004-11-01,718,112,219,39,830,258,3.21705426356589
"13547","Solano County",2004-12-01,668,96,241,37,764,278,2.74820143884892
"13548","Solano County",2005-01-01,707,92,222,42,799,264,3.02651515151515
"13549","Solano County",2005-02-01,700,101,214,59,801,273,2.93406593406593
"13550","Solano County",2005-03-01,677,105,227,54,782,281,2.78291814946619
"13551","Solano County",2005-04-01,673,98,243,58,771,301,2.56146179401993
"13552","Solano County",2005-05-01,663,101,247,47,764,294,2.59863945578231
"13553","Solano County",2005-06-01,647,97,242,46,744,288,2.58333333333333
"13554","Solano County",2005-07-01,658,94,239,39,752,278,2.70503597122302
"13555","Solano County",2005-08-01,693,108,237,37,801,274,2.92335766423358
"13556","Solano County",2005-09-01,740,120,181,41,860,222,3.87387387387387
"13557","Solano County",2005-10-01,740,112,187,42,852,229,3.72052401746725
"13558","Solano County",2005-11-01,723,103,206,44,826,250,3.304
"13559","Solano County",2005-12-01,680,102,221,41,782,262,2.98473282442748
"13560","Solano County",2006-01-01,683,109,204,41,792,245,3.23265306122449
"13561","Solano County",2006-02-01,674,117,218,39,791,257,3.07782101167315
"13562","Solano County",2006-03-01,689,123,221,29,812,250,3.248
"13563","Solano County",2006-04-01,699,132,217,29,831,246,3.3780487804878
"13564","Solano County",2006-05-01,683,134,221,40,817,261,3.13026819923372
"13565","Solano County",2006-06-01,736,130,199,49,866,248,3.49193548387097
"13566","Solano County",2006-07-01,692,114,235,52,806,287,2.80836236933798
"13567","Solano County",2006-08-01,689,97,235,56,786,291,2.70103092783505
"13568","Solano County",2006-09-01,714,115,231,44,829,275,3.01454545454545
"13569","Solano County",2006-10-01,687,120,222,45,807,267,3.02247191011236
"13570","Solano County",2006-11-01,705,129,207,51,834,258,3.23255813953488
"13571","Solano County",2006-12-01,695,113,197,41,808,238,3.39495798319328
"13572","Solano County",2007-01-01,714,118,192,41,832,233,3.57081545064378
"13573","Solano County",2007-02-01,718,125,205,46,843,251,3.35856573705179
"13574","Solano County",2007-03-01,729,142,179,47,871,226,3.85398230088496
"13575","Solano County",2007-04-01,771,122,193,45,893,238,3.75210084033613
"13576","Solano County",2007-05-01,762,127,170,57,889,227,3.91629955947137
"13577","Solano County",2007-06-01,730,121,191,44,851,235,3.62127659574468
"13578","Solano County",2007-07-01,718,112,211,48,830,259,3.2046332046332
"13579","Solano County",2007-08-01,694,106,218,57,800,275,2.90909090909091
"13580","Solano County",2007-09-01,737,117,197,49,854,246,3.47154471544715
"13581","Solano County",2007-10-01,711,115,207,45,826,252,3.27777777777778
"13582","Solano County",2007-11-01,669,120,209,36,789,245,3.22040816326531
"13583","Solano County",2007-12-01,644,108,210,43,752,253,2.97233201581028
"13584","Solano County",2008-01-01,671,113,204,42,784,246,3.1869918699187
"13585","Solano County",2008-02-01,703,116,198,44,819,242,3.38429752066116
"13586","Solano County",2008-03-01,692,110,202,41,802,243,3.30041152263374
"13587","Solano County",2008-04-01,670,110,225,44,780,269,2.8996282527881
"13588","Solano County",2008-05-01,652,102,226,53,754,279,2.70250896057348
"13589","Solano County",2008-06-01,644,106,209,40,750,249,3.01204819277108
"13590","Solano County",2008-07-01,656,88,191,61,744,252,2.95238095238095
"13591","Solano County",2008-08-01,648,113,187,42,761,229,3.32314410480349
"13592","Solano County",2008-09-01,660,115,177,42,775,219,3.53881278538813
"13593","Solano County",2008-10-01,674,108,190,45,782,235,3.32765957446809
"13594","Solano County",2008-11-01,642,114,192,48,756,240,3.15
"13595","Solano County",2008-12-01,652,99,186,41,751,227,3.30837004405286
"13596","Solano County",2009-01-01,663,95,184,41,758,225,3.36888888888889
"13597","Solano County",2009-02-01,671,88,191,47,759,238,3.1890756302521
"13598","Solano County",2009-03-01,654,96,184,46,750,230,3.26086956521739
"13599","Solano County",2009-04-01,619,95,187,49,714,236,3.02542372881356
"13600","Solano County",2009-05-01,619,103,181,45,722,226,3.19469026548673
"13601","Solano County",2009-06-01,609,94,179,46,703,225,3.12444444444444
"13602","Solano County",2009-07-01,639,94,175,46,733,221,3.31674208144796
"13603","Solano County",2009-08-01,637,90,167,42,727,209,3.47846889952153
"13604","Solano County",2009-09-01,653,80,182,45,733,227,3.22907488986784
"13605","Solano County",2009-10-01,641,89,191,42,730,233,3.13304721030043
"13606","Solano County",2009-11-01,606,82,192,36,688,228,3.01754385964912
"13607","Solano County",2009-12-01,569,71,177,36,640,213,3.00469483568075
"13608","Solano County",2010-01-01,591,63,166,33,654,199,3.28643216080402
"13609","Solano County",2010-02-01,580,69,141,27,649,168,3.86309523809524
"13610","Solano County",2010-03-01,603,76,137,24,679,161,4.21739130434783
"13611","Solano County",2010-04-01,615,85,138,24,700,162,4.32098765432099
"13612","Solano County",2010-05-01,608,87,124,25,695,149,4.66442953020134
"13613","Solano County",2010-06-01,620,86,116,29,706,145,4.86896551724138
"13614","Solano County",2010-07-01,633,78,118,30,711,148,4.80405405405405
"13615","Solano County",2010-08-01,639,76,131,29,715,160,4.46875
"13616","Solano County",2010-09-01,629,83,134,29,712,163,4.3680981595092
"13617","Solano County",2010-10-01,626,90,141,26,716,167,4.2874251497006
"13618","Solano County",2010-11-01,589,82,138,24,671,162,4.14197530864198
"13619","Solano County",2010-12-01,542,76,131,21,618,152,4.06578947368421
"13620","Solano County",2011-01-01,544,87,128,23,631,151,4.17880794701987
"13621","Solano County",2011-02-01,548,79,126,25,627,151,4.1523178807947
"13622","Solano County",2011-03-01,533,77,144,22,610,166,3.67469879518072
"13623","Solano County",2011-04-01,529,67,137,21,596,158,3.77215189873418
"13624","Solano County",2011-05-01,517,115,108,24,632,132,4.78787878787879
"13625","Solano County",2011-06-01,510,80,146,26,590,172,3.43023255813953
"13626","Solano County",2011-07-01,512,68,135,32,580,167,3.47305389221557
"13627","Solano County",2011-08-01,530,86,131,24,616,155,3.9741935483871
"13628","Solano County",2011-09-01,546,82,111,22,628,133,4.7218045112782
"13629","Solano County",2011-10-01,555,78,109,23,633,132,4.79545454545455
"13630","Solano County",2011-11-01,525,78,165,26,603,191,3.15706806282722
"13631","Solano County",2011-12-01,497,65,182,30,562,212,2.65094339622642
"13632","Solano County",2012-01-01,513,69,208,29,582,237,2.45569620253165
"13633","Solano County",2012-02-01,527,80,194,30,607,224,2.70982142857143
"13634","Solano County",2012-03-01,534,69,209,32,603,241,2.50207468879668
"13635","Solano County",2012-04-01,554,73,208,25,627,233,2.69098712446352
"13636","Solano County",2012-05-01,582,87,207,31,669,238,2.8109243697479
"13637","Solano County",2012-06-01,579,84,203,33,663,236,2.8093220338983
"13638","Solano County",2012-07-01,574,86,204,37,660,241,2.73858921161826
"13639","Solano County",2012-08-01,591,89,215,43,680,258,2.63565891472868
"13640","Solano County",2012-09-01,614,91,206,42,705,248,2.84274193548387
"13641","Solano County",2012-10-01,586,76,208,43,662,251,2.63745019920319
"13642","Solano County",2012-11-01,550,64,225,52,614,277,2.21660649819495
"13643","Solano County",2012-12-01,559,71,224,48,630,272,2.31617647058824
"13644","Solano County",2013-01-01,506,94,220,61,600,281,2.13523131672598
"13645","Solano County",2013-02-01,517,72,251,44,589,295,1.99661016949153
"13646","Solano County",2013-03-01,551,73,250,42,624,292,2.13698630136986
"13647","Solano County",2013-04-01,570,75,250,37,645,287,2.24738675958188
"13648","Solano County",2013-05-01,604,83,250,38,687,288,2.38541666666667
"13649","Solano County",2013-06-01,583,77,247,41,660,288,2.29166666666667
"13650","Solano County",2013-07-01,559,69,249,42,628,291,2.15807560137457
"13651","Solano County",2013-08-01,546,73,251,42,619,293,2.11262798634812
"13652","Solano County",2013-09-01,545,79,246,39,624,285,2.18947368421053
"13653","Solano County",2013-10-01,558,83,265,36,641,301,2.12956810631229
"13654","Solano County",2013-11-01,552,79,256,36,631,292,2.16095890410959
"13655","Solano County",2013-12-01,525,84,263,30,609,293,2.07849829351536
"13656","Solano County",2014-01-01,521,81,257,25,602,282,2.13475177304965
"13657","Solano County",2014-02-01,550,79,257,27,629,284,2.21478873239437
"13658","Solano County",2014-03-01,573,84,268,34,657,302,2.17549668874172
"13659","Solano County",2014-04-01,550,83,270,30,633,300,2.11
"13660","Solano County",2014-05-01,583,81,260,28,664,288,2.30555555555556
"13661","Solano County",2014-06-01,587,92,247,35,679,282,2.40780141843972
"13662","Solano County",2014-07-01,581,87,252,43,668,295,2.26440677966102
"13663","Solano County",2014-08-01,578,92,245,37,670,282,2.3758865248227
"13664","Solano County",2014-09-01,597,96,235,40,693,275,2.52
"13665","Solano County",2014-10-01,609,99,218,37,708,255,2.77647058823529
"13666","Solano County",2014-11-01,564,85,220,36,649,256,2.53515625
"13667","Solano County",2014-12-01,536,73,196,29,609,225,2.70666666666667
"13668","Solano County",2015-01-01,559,79,176,28,638,204,3.12745098039216
"13669","Solano County",2015-02-01,573,78,201,29,651,230,2.8304347826087
"13670","Solano County",2015-03-01,560,83,214,31,643,245,2.62448979591837
"13671","Solano County",2015-04-01,550,92,193,29,642,222,2.89189189189189
"13672","Solano County",2015-05-01,560,82,198,32,642,230,2.79130434782609
"13673","Solano County",2015-06-01,580,87,158,30,667,188,3.54787234042553
"13674","Solano County",2015-07-01,560,82,172,31,642,203,3.16256157635468
"13675","Solano County",2015-08-01,578,80,172,30,658,202,3.25742574257426
"13676","Solano County",2015-09-01,593,89,163,24,682,187,3.64705882352941
"13677","Solano County",2015-10-01,617,89,155,25,706,180,3.92222222222222
"13678","Solano County",2015-11-01,668,95,176,26,763,202,3.77722772277228
"13679","Solano County",2015-12-01,652,92,165,27,744,192,3.875
"13680","Solano County",2016-01-01,656,94,165,26,750,191,3.92670157068063
"13681","Solano County",2016-02-01,676,82,178,30,758,208,3.64423076923077
"13682","Solano County",2016-03-01,669,84,198,27,753,225,3.34666666666667
"13683","Solano County",2016-04-01,592,81,200,31,673,231,2.91341991341991
"13684","Solano County",2016-05-01,599,94,211,29,693,240,2.8875
"13685","Solano County",2016-06-01,646,91,211,41,737,252,2.92460317460317
"13686","Solano County",2016-07-01,656,86,211,39,742,250,2.968
"13687","Solano County",2016-08-01,581,93,207,30,674,237,2.84388185654008
"13688","Solano County",2016-09-01,693,101,203,28,794,231,3.43722943722944
"13689","Solano County",2016-10-01,668,102,220,27,770,247,3.11740890688259
"13690","Solano County",2016-11-01,704,104,213,30,808,243,3.32510288065844
"13691","Solano County",2016-12-01,679,99,210,24,778,234,3.32478632478632
"13692","Solano County",2017-01-01,685,99,210,24,784,234,3.35042735042735
"13693","Solano County",2017-02-01,730,94,215,29,824,244,3.37704918032787
"13694","Solano County",2017-03-01,710,86,207,31,796,238,3.34453781512605
"13695","Solano County",2017-04-01,671,96,209,35,767,244,3.14344262295082
"13696","Solano County",2017-05-01,665,93,209,40,758,249,3.04417670682731
"13697","Solano County",2017-06-01,645,89,197,44,734,241,3.04564315352697
"13698","Solano County",2017-07-01,631,80,178,39,711,217,3.27649769585253
"13699","Solano County",2017-08-01,625,89,178,39,714,217,3.29032258064516
"13700","Solano County",2017-09-01,644,88,190,46,732,236,3.10169491525424
"13701","Solano County",2017-10-01,627,95,204,47,722,251,2.87649402390438
"13702","Solano County",2017-11-01,574,88,214,41,662,255,2.59607843137255
"13703","Solano County",2017-12-01,563,83,205,36,646,241,2.6804979253112
"13704","Solano County",2018-01-01,546,74,201,39,620,240,2.58333333333333
"13705","Solano County",2018-02-01,528,72,193,40,600,233,2.57510729613734
"13706","Solano County",2018-03-01,476,62,184,28,538,212,2.5377358490566
"13707","Solano County",2018-04-01,475,60,173,24,535,197,2.71573604060914
"13708","Solano County",2018-05-01,480,63,170,22,543,192,2.828125
"13709","Solano County",2018-06-01,505,65,165,20,570,185,3.08108108108108
"13710","Solano County",2018-07-01,526,70,157,21,596,178,3.34831460674157
"13711","Solano County",2018-08-01,522,74,156,24,596,180,3.31111111111111
"13712","Solano County",2018-09-01,531,75,137,23,606,160,3.7875
"13713","Solano County",2018-10-01,523,68,141,27,591,168,3.51785714285714
"13714","Solano County",2018-11-01,499,75,151,31,574,182,3.15384615384615
"13715","Solano County",2018-12-01,507,69,139,23,576,162,3.55555555555556
"13716","Solano County",2019-01-01,499,61,143,20,560,163,3.43558282208589
"13717","Solano County",2019-02-01,524,65,125,20,589,145,4.06206896551724
"13718","Solano County",2019-03-01,523,71,131,26,594,157,3.78343949044586
"13719","Solano County",2019-04-01,522,70,134,23,592,157,3.77070063694268
"13720","Solano County",2019-05-01,524,55,140,22,579,162,3.57407407407407
"13721","Solano County",2019-06-01,525,62,145,20,587,165,3.55757575757576
"13722","Solano County",2019-07-01,525,59,134,18,584,152,3.84210526315789
"13723","Solano County",2019-08-01,529,62,127,17,591,144,4.10416666666667
"13724","Solano County",2019-09-01,523,60,128,15,583,143,4.07692307692308
"13725","Solano County",2019-10-01,516,58,127,18,574,145,3.95862068965517
"13726","Solano County",2019-11-01,511,59,133,19,570,152,3.75
"13727","Solano County",2019-12-01,502,63,127,16,565,143,3.95104895104895
"13728","Solano County",2020-01-01,485,60,111,20,545,131,4.16030534351145
"13729","Solano County",2020-02-01,495,67,121,14,562,135,4.16296296296296
"13730","Solano County",2020-03-01,478,48,115,17,526,132,3.98484848484848
"13731","Sonoma County",1995-10-01,414,57,382,41,471,423,1.11347517730496
"13732","Sonoma County",1995-11-01,398,61,385,33,459,418,1.09808612440191
"13733","Sonoma County",1995-12-01,398,68,380,24,466,404,1.15346534653465
"13734","Sonoma County",1996-01-01,414.6,67,371.3,29.7,481.6,401,1.20099750623441
"13735","Sonoma County",1996-02-01,426.1,59.6,368,32.4,485.7,400.4,1.21303696303696
"13736","Sonoma County",1996-03-01,425.8,53.4,363,39.6,479.2,402.6,1.19026328862394
"13737","Sonoma County",1996-04-01,431.5,53.7,384.7,35.9,485.2,420.6,1.15359010936757
"13738","Sonoma County",1996-05-01,426.3,52.7,376.1,38.8,479,414.9,1.15449505905037
"13739","Sonoma County",1996-06-01,421.6,47.9,376.6,39.8,469.5,416.4,1.12752161383285
"13740","Sonoma County",1996-07-01,420.8,44.4,376.9,42.6,465.2,419.5,1.10893921334923
"13741","Sonoma County",1996-08-01,435.2,51.5,368.3,39.1,486.7,407.4,1.19464899361807
"13742","Sonoma County",1996-09-01,450,58.7,352.7,30.1,508.7,382.8,1.32889237199582
"13743","Sonoma County",1996-10-01,456.2,68.8,348.4,23.7,525,372.1,1.4109110454179
"13744","Sonoma County",1996-11-01,454,76.4,351,23.2,530.4,374.2,1.41742383752004
"13745","Sonoma County",1996-12-01,447.3,65.6,360.2,24.7,512.9,384.9,1.33255391010652
"13746","Sonoma County",1997-01-01,458.7,58.6,367.6,29,517.3,396.6,1.30433686333838
"13747","Sonoma County",1997-02-01,464,65.9,359.9,24.2,529.9,384.1,1.37958864878938
"13748","Sonoma County",1997-03-01,449,78,370,19,527,389,1.3547557840617
"13749","Sonoma County",1997-04-01,443.3,78,377.1,36.3,521.3,413.4,1.26100628930818
"13750","Sonoma County",1997-05-01,460.3,69.6,387.4,57,529.9,444.4,1.19239423942394
"13751","Sonoma County",1997-06-01,463,67.7,408,48.2,530.7,456.2,1.16330556773345
"13752","Sonoma County",1997-07-01,458.4,69.8,416.6,38.8,528.2,455.4,1.15985946420729
"13753","Sonoma County",1997-08-01,459,67,430,47,526,477,1.10272536687631
"13754","Sonoma County",1997-09-01,441,84,428,43,525,471,1.11464968152866
"13755","Sonoma County",1997-10-01,441,91,413,48,532,461,1.15401301518438
"13756","Sonoma County",1997-11-01,423,82,405,55,505,460,1.09782608695652
"13757","Sonoma County",1997-12-01,441,79,384,53,520,437,1.18993135011442
"13758","Sonoma County",1998-01-01,447,78,388,62,525,450,1.16666666666667
"13759","Sonoma County",1998-02-01,461,79,386,76,540,462,1.16883116883117
"13760","Sonoma County",1998-03-01,449,88,398,69,537,467,1.14989293361884
"13761","Sonoma County",1998-04-01,470,81,407,74,551,481,1.14553014553015
"13762","Sonoma County",1998-05-01,481,76,405,77,557,482,1.15560165975104
"13763","Sonoma County",1998-06-01,495,76,403,80,571,483,1.18219461697723
"13764","Sonoma County",1998-07-01,492,74,425,75,566,500,1.132
"13765","Sonoma County",1998-08-01,479,82,425,68,561,493,1.13793103448276
"13766","Sonoma County",1998-09-01,446,81,449,76,527,525,1.00380952380952
"13767","Sonoma County",1998-10-01,478,75,437,76,553,513,1.07797270955166
"13768","Sonoma County",1998-11-01,492,65,451,77,557,528,1.05492424242424
"13769","Sonoma County",1998-12-01,477,68,453,68,545,521,1.04606525911708
"13770","Sonoma County",1999-01-01,481,64,459,62,545,521,1.04606525911708
"13771","Sonoma County",1999-02-01,506,73,468,69,579,537,1.07821229050279
"13772","Sonoma County",1999-03-01,504,71,497,69,575,566,1.01590106007067
"13773","Sonoma County",1999-04-01,492,71,509,67,563,576,0.977430555555556
"13774","Sonoma County",1999-05-01,470,60,505,75,530,580,0.913793103448276
"13775","Sonoma County",1999-06-01,437,53,489,68,490,557,0.879712746858169
"13776","Sonoma County",1999-07-01,412,58,495,72,470,567,0.828924162257496
"13777","Sonoma County",1999-08-01,420,65,469,75,485,544,0.891544117647059
"13778","Sonoma County",1999-09-01,432,66,468,72,498,540,0.922222222222222
"13779","Sonoma County",1999-10-01,470,67,465,65,537,530,1.01320754716981
"13780","Sonoma County",1999-11-01,469,68,470,66,537,536,1.00186567164179
"13781","Sonoma County",1999-12-01,463,65,481,69,528,550,0.96
"13782","Sonoma County",2000-01-01,485,65,488,69,550,557,0.987432675044883
"13783","Sonoma County",2000-02-01,496,70,466,65,566,531,1.06591337099812
"13784","Sonoma County",2000-03-01,494,65,444,62,559,506,1.10474308300395
"13785","Sonoma County",2000-04-01,488,64,425,66,552,491,1.12423625254582
"13786","Sonoma County",2000-05-01,489,64,438,66,553,504,1.09722222222222
"13787","Sonoma County",2000-06-01,499,79,420,64,578,484,1.19421487603306
"13788","Sonoma County",2000-07-01,479,78,422,62,557,484,1.15082644628099
"13789","Sonoma County",2000-08-01,468,76,444,71,544,515,1.05631067961165
"13790","Sonoma County",2000-09-01,498,69,468,86,567,554,1.02346570397112
"13791","Sonoma County",2000-10-01,485,72,491,84,557,575,0.968695652173913
"13792","Sonoma County",2000-11-01,467,72,517,77,539,594,0.907407407407407
"13793","Sonoma County",2000-12-01,446,63,498,73,509,571,0.891418563922942
"13794","Sonoma County",2001-01-01,450,54,490,79,504,569,0.885764499121265
"13795","Sonoma County",2001-02-01,463,54,493,82,517,575,0.899130434782609
"13796","Sonoma County",2001-03-01,454,67,505,76,521,581,0.896729776247849
"13797","Sonoma County",2001-04-01,465,73,478,71,538,549,0.979963570127505
"13798","Sonoma County",2001-05-01,462,68,484,68,530,552,0.960144927536232
"13799","Sonoma County",2001-06-01,458,64,481,72,522,553,0.943942133815552
"13800","Sonoma County",2001-07-01,473,61,427,64,534,491,1.08757637474542
"13801","Sonoma County",2001-08-01,461,66,429,62,527,491,1.07331975560081
"13802","Sonoma County",2001-09-01,470,69,433,67,539,500,1.078
"13803","Sonoma County",2001-10-01,526,73,436,68,599,504,1.18849206349206
"13804","Sonoma County",2001-11-01,523,64,453,61,587,514,1.1420233463035
"13805","Sonoma County",2001-12-01,506,68,423,64,574,487,1.17864476386037
"13806","Sonoma County",2002-01-01,516,83,404,66,599,470,1.27446808510638
"13807","Sonoma County",2002-02-01,491,75,396,71,566,467,1.21199143468951
"13808","Sonoma County",2002-03-01,502,75,377,69,577,446,1.29372197309417
"13809","Sonoma County",2002-04-01,501,69,379,67,570,446,1.2780269058296
"13810","Sonoma County",2002-05-01,484,71,376,62,555,438,1.26712328767123
"13811","Sonoma County",2002-06-01,497,71,375,61,568,436,1.30275229357798
"13812","Sonoma County",2002-07-01,483,69,374,58,552,432,1.27777777777778
"13813","Sonoma County",2002-08-01,481,74,375,61,555,436,1.27293577981651
"13814","Sonoma County",2002-09-01,502,73,365,60,575,425,1.35294117647059
"13815","Sonoma County",2002-10-01,522,72,392,63,594,455,1.30549450549451
"13816","Sonoma County",2002-11-01,518,79,400,52,597,452,1.32079646017699
"13817","Sonoma County",2002-12-01,475,68,399,56,543,455,1.19340659340659
"13818","Sonoma County",2003-01-01,486,70,413,61,556,474,1.17299578059072
"13819","Sonoma County",2003-02-01,501,65,423,56,566,479,1.18162839248434
"13820","Sonoma County",2003-03-01,482,53,423,53,535,476,1.12394957983193
"13821","Sonoma County",2003-04-01,481,69,418,64,550,482,1.14107883817427
"13822","Sonoma County",2003-05-01,527,75,385,64,602,449,1.34075723830735
"13823","Sonoma County",2003-06-01,561,78,380,65,639,445,1.43595505617978
"13824","Sonoma County",2003-07-01,531,76,384,55,607,439,1.38268792710706
"13825","Sonoma County",2003-08-01,516,65,376,59,581,435,1.33563218390805
"13826","Sonoma County",2003-09-01,514,73,385,58,587,443,1.32505643340858
"13827","Sonoma County",2003-10-01,505,68,417,73,573,490,1.16938775510204
"13828","Sonoma County",2003-11-01,524,75,404,71,599,475,1.26105263157895
"13829","Sonoma County",2003-12-01,513,67,409,74,580,483,1.2008281573499
"13830","Sonoma County",2004-01-01,567,84,415,68,651,483,1.34782608695652
"13831","Sonoma County",2004-02-01,570,95,421,62,665,483,1.3768115942029
"13832","Sonoma County",2004-03-01,551,86,407,69,637,476,1.33823529411765
"13833","Sonoma County",2004-04-01,544,87,413,68,631,481,1.31185031185031
"13834","Sonoma County",2004-05-01,557,86,435,70,643,505,1.27326732673267
"13835","Sonoma County",2004-06-01,550,90,449,64,640,513,1.24756335282651
"13836","Sonoma County",2004-07-01,527,85,436,62,612,498,1.2289156626506
"13837","Sonoma County",2004-08-01,519,87,451,70,606,521,1.16314779270633
"13838","Sonoma County",2004-09-01,530,79,451,79,609,530,1.14905660377358
"13839","Sonoma County",2004-10-01,528,74,464,86,602,550,1.09454545454545
"13840","Sonoma County",2004-11-01,514,76,455,88,590,543,1.0865561694291
"13841","Sonoma County",2004-12-01,508,77,435,78,585,513,1.14035087719298
"13842","Sonoma County",2005-01-01,533,66,410,73,599,483,1.24016563146998
"13843","Sonoma County",2005-02-01,553,78,408,62,631,470,1.34255319148936
"13844","Sonoma County",2005-03-01,550,79,426,70,629,496,1.26814516129032
"13845","Sonoma County",2005-04-01,545,87,426,67,632,493,1.28194726166329
"13846","Sonoma County",2005-05-01,568,88,418,70,656,488,1.34426229508197
"13847","Sonoma County",2005-06-01,574,92,423,74,666,497,1.34004024144869
"13848","Sonoma County",2005-07-01,592,84,398,73,676,471,1.43524416135881
"13849","Sonoma County",2005-08-01,599,81,402,67,680,469,1.4498933901919
"13850","Sonoma County",2005-09-01,601,85,396,69,686,465,1.4752688172043
"13851","Sonoma County",2005-10-01,597,83,399,77,680,476,1.42857142857143
"13852","Sonoma County",2005-11-01,621,82,391,75,703,466,1.50858369098712
"13853","Sonoma County",2005-12-01,593,79,392,72,672,464,1.44827586206897
"13854","Sonoma County",2006-01-01,599,75,397,70,674,467,1.44325481798715
"13855","Sonoma County",2006-02-01,606,75,392,70,681,462,1.47402597402597
"13856","Sonoma County",2006-03-01,598,80,386,72,678,458,1.48034934497817
"13857","Sonoma County",2006-04-01,600,72,407,72,672,479,1.40292275574113
"13858","Sonoma County",2006-05-01,587,69,412,75,656,487,1.34702258726899
"13859","Sonoma County",2006-06-01,572,80,388,69,652,457,1.42669584245077
"13860","Sonoma County",2006-07-01,557,87,381,67,644,448,1.4375
"13861","Sonoma County",2006-08-01,538,92,411,66,630,477,1.32075471698113
"13862","Sonoma County",2006-09-01,534,88,381,67,622,448,1.38839285714286
"13863","Sonoma County",2006-10-01,554,97,361,57,651,418,1.55741626794258
"13864","Sonoma County",2006-11-01,559,94,373,64,653,437,1.49427917620137
"13865","Sonoma County",2006-12-01,545,80,345,67,625,412,1.51699029126214
"13866","Sonoma County",2007-01-01,569,83,349,65,652,414,1.57487922705314
"13867","Sonoma County",2007-02-01,572,79,368,64,651,432,1.50694444444444
"13868","Sonoma County",2007-03-01,550,78,383,67,628,450,1.39555555555556
"13869","Sonoma County",2007-04-01,544,89,383,77,633,460,1.37608695652174
"13870","Sonoma County",2007-05-01,522,74,430,80,596,510,1.16862745098039
"13871","Sonoma County",2007-06-01,471,76,433,79,547,512,1.068359375
"13872","Sonoma County",2007-07-01,460,70,402,74,530,476,1.11344537815126
"13873","Sonoma County",2007-08-01,472,64,403,66,536,469,1.14285714285714
"13874","Sonoma County",2007-09-01,488,70,395,75,558,470,1.18723404255319
"13875","Sonoma County",2007-10-01,507,72,398,73,579,471,1.22929936305732
"13876","Sonoma County",2007-11-01,513,74,408,76,587,484,1.21280991735537
"13877","Sonoma County",2007-12-01,493,74,385,73,567,458,1.23799126637555
"13878","Sonoma County",2008-01-01,491,70,388,64,561,452,1.24115044247788
"13879","Sonoma County",2008-02-01,497,69,399,60,566,459,1.23311546840959
"13880","Sonoma County",2008-03-01,504,73,405,69,577,474,1.21729957805907
"13881","Sonoma County",2008-04-01,505,75,413,78,580,491,1.18126272912424
"13882","Sonoma County",2008-05-01,495,75,397,75,570,472,1.20762711864407
"13883","Sonoma County",2008-06-01,486,69,377,83,555,460,1.20652173913043
"13884","Sonoma County",2008-07-01,481,54,377,91,535,468,1.14316239316239
"13885","Sonoma County",2008-08-01,487,64,368,89,551,457,1.20568927789934
"13886","Sonoma County",2008-09-01,525,67,369,83,592,452,1.30973451327434
"13887","Sonoma County",2008-10-01,527,58,357,83,585,440,1.32954545454545
"13888","Sonoma County",2008-11-01,536,61,353,69,597,422,1.41469194312796
"13889","Sonoma County",2008-12-01,506,61,370,64,567,434,1.30645161290323
"13890","Sonoma County",2009-01-01,497,58,378,66,555,444,1.25
"13891","Sonoma County",2009-02-01,492,74,393,61,566,454,1.24669603524229
"13892","Sonoma County",2009-03-01,510,71,426,79,581,505,1.15049504950495
"13893","Sonoma County",2009-04-01,483,67,416,78,550,494,1.11336032388664
"13894","Sonoma County",2009-05-01,479,71,409,76,550,485,1.1340206185567
"13895","Sonoma County",2009-06-01,481,70,392,70,551,462,1.19264069264069
"13896","Sonoma County",2009-07-01,485,73,385,68,558,453,1.2317880794702
"13897","Sonoma County",2009-08-01,505,76,391,66,581,457,1.27133479212254
"13898","Sonoma County",2009-09-01,505,74,384,72,579,456,1.26973684210526
"13899","Sonoma County",2009-10-01,503,74,389,73,577,462,1.24891774891775
"13900","Sonoma County",2009-11-01,478,68,370,75,546,445,1.22696629213483
"13901","Sonoma County",2009-12-01,464,65,358,68,529,426,1.24178403755869
"13902","Sonoma County",2010-01-01,467,63,363,74,530,437,1.21281464530892
"13903","Sonoma County",2010-02-01,485,61,355,74,546,429,1.27272727272727
"13904","Sonoma County",2010-03-01,485,68,366,68,553,434,1.2741935483871
"13905","Sonoma County",2010-04-01,467,66,338,70,533,408,1.30637254901961
"13906","Sonoma County",2010-05-01,480,63,352,63,543,415,1.30843373493976
"13907","Sonoma County",2010-06-01,451,64,325,62,515,387,1.33074935400517
"13908","Sonoma County",2010-07-01,438,61,322,53,499,375,1.33066666666667
"13909","Sonoma County",2010-08-01,444,54,340,59,498,399,1.24812030075188
"13910","Sonoma County",2010-09-01,446,61,353,51,507,404,1.2549504950495
"13911","Sonoma County",2010-10-01,450,54,354,51,504,405,1.24444444444444
"13912","Sonoma County",2010-11-01,453,49,350,43,502,393,1.27735368956743
"13913","Sonoma County",2010-12-01,450,53,351,55,503,406,1.23891625615764
"13914","Sonoma County",2011-01-01,479,55,352,57,534,409,1.30562347188264
"13915","Sonoma County",2011-02-01,506,68,352,55,574,407,1.41031941031941
"13916","Sonoma County",2011-03-01,477,64,354,65,541,419,1.29116945107399
"13917","Sonoma County",2011-04-01,462,60,369,72,522,441,1.18367346938776
"13918","Sonoma County",2011-05-01,450,49,363,75,499,438,1.13926940639269
"13919","Sonoma County",2011-06-01,442,59,375,68,501,443,1.13092550790068
"13920","Sonoma County",2011-07-01,414,60,389,70,474,459,1.03267973856209
"13921","Sonoma County",2011-08-01,447,55,373,73,502,446,1.12556053811659
"13922","Sonoma County",2011-09-01,465,58,386,65,523,451,1.15964523281596
"13923","Sonoma County",2011-10-01,435,59,424,60,494,484,1.02066115702479
"13924","Sonoma County",2011-11-01,420,49,444,58,469,502,0.934262948207171
"13925","Sonoma County",2011-12-01,412,47,445,56,459,501,0.916167664670659
"13926","Sonoma County",2012-01-01,437,59,440,55,496,495,1.0020202020202
"13927","Sonoma County",2012-02-01,442,61,484,65,503,549,0.916211293260474
"13928","Sonoma County",2012-03-01,439,57,485,72,496,557,0.89048473967684
"13929","Sonoma County",2012-04-01,438,60,484,71,498,555,0.897297297297297
"13930","Sonoma County",2012-05-01,421,65,480,79,486,559,0.869409660107335
"13931","Sonoma County",2012-06-01,398,61,504,86,459,590,0.777966101694915
"13932","Sonoma County",2012-07-01,403,58,504,86,461,590,0.78135593220339
"13933","Sonoma County",2012-08-01,410,62,505,78,472,583,0.809605488850772
"13934","Sonoma County",2012-09-01,404,52,505,86,456,591,0.771573604060914
"13935","Sonoma County",2012-10-01,400,59,507,76,459,583,0.787307032590051
"13936","Sonoma County",2012-11-01,416,60,501,80,476,581,0.819277108433735
"13937","Sonoma County",2012-12-01,395,58,480,75,453,555,0.816216216216216
"13938","Sonoma County",2013-01-01,395,62,467,85,457,552,0.827898550724638
"13939","Sonoma County",2013-02-01,406,64,502,92,470,594,0.791245791245791
"13940","Sonoma County",2013-03-01,418,79,516,88,497,604,0.822847682119205
"13941","Sonoma County",2013-04-01,407,84,529,92,491,621,0.790660225442834
"13942","Sonoma County",2013-05-01,405,87,509,98,492,607,0.810543657331137
"13943","Sonoma County",2013-06-01,410,73,503,103,483,606,0.797029702970297
"13944","Sonoma County",2013-07-01,411,70,463,103,481,566,0.84982332155477
"13945","Sonoma County",2013-08-01,439,72,457,97,511,554,0.922382671480144
"13946","Sonoma County",2013-09-01,469,84,453,92,553,545,1.01467889908257
"13947","Sonoma County",2013-10-01,497,68,472,99,565,571,0.989492119089317
"13948","Sonoma County",2013-11-01,469,67,481,101,536,582,0.920962199312715
"13949","Sonoma County",2013-12-01,461,72,459,96,533,555,0.96036036036036
"13950","Sonoma County",2014-01-01,433,68,462,93,501,555,0.902702702702703
"13951","Sonoma County",2014-02-01,435,69,470,93,504,563,0.895204262877442
"13952","Sonoma County",2014-03-01,435,76,492,91,511,583,0.876500857632933
"13953","Sonoma County",2014-04-01,442,76,401,96,518,497,1.04225352112676
"13954","Sonoma County",2014-05-01,416,78,391,89,494,480,1.02916666666667
"13955","Sonoma County",2014-06-01,394,85,420,93,479,513,0.933723196881092
"13956","Sonoma County",2014-07-01,406,79,417,87,485,504,0.962301587301587
"13957","Sonoma County",2014-08-01,416,77,420,97,493,517,0.95357833655706
"13958","Sonoma County",2014-09-01,447,86,398,107,533,505,1.05544554455446
"13959","Sonoma County",2014-10-01,465,89,424,98,554,522,1.06130268199234
"13960","Sonoma County",2014-11-01,452,91,454,102,543,556,0.976618705035971
"13961","Sonoma County",2014-12-01,403,88,444,80,491,524,0.937022900763359
"13962","Sonoma County",2015-01-01,399,79,419,75,478,494,0.967611336032389
"13963","Sonoma County",2015-02-01,406,77,403,79,483,482,1.00207468879668
"13964","Sonoma County",2015-03-01,433,88,407,86,521,493,1.05679513184584
"13965","Sonoma County",2015-04-01,438,81,398,83,519,481,1.07900207900208
"13966","Sonoma County",2015-05-01,442,72,426,75,514,501,1.02594810379242
"13967","Sonoma County",2015-06-01,458,77,406,82,535,488,1.09631147540984
"13968","Sonoma County",2015-07-01,467,79,432,90,546,522,1.04597701149425
"13969","Sonoma County",2015-08-01,546,87,380,94,633,474,1.33544303797468
"13970","Sonoma County",2015-09-01,499,88,446,83,587,529,1.10964083175803
"13971","Sonoma County",2015-10-01,469,81,399,87,550,486,1.13168724279835
"13972","Sonoma County",2015-11-01,528,81,369,82,609,451,1.35033259423503
"13973","Sonoma County",2015-12-01,442,69,389,68,511,457,1.11816192560175
"13974","Sonoma County",2016-01-01,483,71,453,80,554,533,1.03939962476548
"13975","Sonoma County",2016-02-01,538,80,459,77,618,536,1.15298507462687
"13976","Sonoma County",2016-03-01,453,88,443,74,541,517,1.04642166344294
"13977","Sonoma County",2016-04-01,462,91,470,91,553,561,0.985739750445633
"13978","Sonoma County",2016-05-01,480,89,415,89,569,504,1.12896825396825
"13979","Sonoma County",2016-06-01,457,87,417,88,544,505,1.07722772277228
"13980","Sonoma County",2016-07-01,485,116,402,63,601,465,1.29247311827957
"13981","Sonoma County",2016-08-01,500,102,421,68,602,489,1.23108384458078
"13982","Sonoma County",2016-09-01,509,104,435,92,613,527,1.16318785578748
"13983","Sonoma County",2016-10-01,475,95,425,85,570,510,1.11764705882353
"13984","Sonoma County",2016-11-01,472,82,416,75,554,491,1.12830957230143
"13985","Sonoma County",2016-12-01,448,74,405,65,522,470,1.11063829787234
"13986","Sonoma County",2017-01-01,520,112,383,69,632,452,1.39823008849558
"13987","Sonoma County",2017-02-01,462,103,366,68,565,434,1.30184331797235
"13988","Sonoma County",2017-03-01,458,98,418,71,556,489,1.13701431492843
"13989","Sonoma County",2017-04-01,450,103,392,64,553,456,1.21271929824561
"13990","Sonoma County",2017-05-01,418,79,374,57,497,431,1.15313225058005
"13991","Sonoma County",2017-06-01,393,75,281,44,468,325,1.44
"13992","Sonoma County",2017-07-01,504,113,423,73,617,496,1.24395161290323
"13993","Sonoma County",2017-08-01,512,105,413,70,617,483,1.27743271221532
"13994","Sonoma County",2017-09-01,519,96,433,67,615,500,1.23
"13995","Sonoma County",2017-10-01,566,95,415,63,661,478,1.38284518828452
"13996","Sonoma County",2017-11-01,522,94,407,62,616,469,1.3134328358209
"13997","Sonoma County",2017-12-01,502,98,451,63,600,514,1.16731517509728
"13998","Sonoma County",2018-01-01,519,98,378,65,617,443,1.39277652370203
"13999","Sonoma County",2018-02-01,541,98,398,65,639,463,1.38012958963283
"14000","Sonoma County",2018-03-01,533,88,418,64,621,482,1.28838174273859
"14001","Sonoma County",2018-04-01,535,96,388,67,631,455,1.38681318681319
"14002","Sonoma County",2018-05-01,516,96,391,76,612,467,1.31049250535332
"14003","Sonoma County",2018-06-01,518,98,411,79,616,490,1.25714285714286
"14004","Sonoma County",2018-07-01,506,102,419,70,608,489,1.24335378323108
"14005","Sonoma County",2018-08-01,478,104,382,68,582,450,1.29333333333333
"14006","Sonoma County",2018-09-01,478,100,371,70,578,441,1.31065759637188
"14007","Sonoma County",2018-10-01,464,80,373,71,544,444,1.22522522522523
"14008","Sonoma County",2018-11-01,494,78,342,67,572,409,1.39853300733496
"14009","Sonoma County",2018-12-01,504,92,347,62,596,409,1.45721271393643
"14010","Sonoma County",2019-01-01,518,109,355,64,627,419,1.4964200477327
"14011","Sonoma County",2019-02-01,511,109,380,63,620,443,1.39954853273138
"14012","Sonoma County",2019-03-01,518,96,359,68,614,427,1.43793911007026
"14013","Sonoma County",2019-04-01,522,90,363,73,612,436,1.40366972477064
"14014","Sonoma County",2019-05-01,506,79,355,79,585,434,1.34792626728111
"14015","Sonoma County",2019-06-01,515,87,338,74,602,412,1.46116504854369
"14016","Sonoma County",2019-07-01,529,89,332,68,618,400,1.545
"14017","Sonoma County",2019-08-01,548,93,344,64,641,408,1.57107843137255
"14018","Sonoma County",2019-09-01,557,99,353,69,656,422,1.55450236966825
"14019","Sonoma County",2019-10-01,523,86,327,70,609,397,1.53400503778338
"14020","Sonoma County",2019-11-01,554,87,308,61,641,369,1.73712737127371
"14021","Sonoma County",2019-12-01,540,84,303,58,624,361,1.72853185595568
"14022","Sonoma County",2020-01-01,514,83,293,54,597,347,1.72046109510086
"14023","Sonoma County",2020-02-01,512,82,306,54,594,360,1.65
"14024","Sonoma County",2020-03-01,477,78,297,59,555,356,1.55898876404494
"14025","Stanislaus County",1995-10-01,454,75,356,95,529,451,1.17294900221729
"14026","Stanislaus County",1995-11-01,443,45,410,60,488,470,1.03829787234043
"14027","Stanislaus County",1995-12-01,446,47,375,54,493,429,1.14918414918415
"14028","Stanislaus County",1996-01-01,460,63,335,62,523,397,1.31738035264484
"14029","Stanislaus County",1996-02-01,387,58,413,69,445,482,0.923236514522822
"14030","Stanislaus County",1996-03-01,429,38,383,76,467,459,1.01742919389978
"14031","Stanislaus County",1996-04-01,389,40,414,55,429,469,0.914712153518124
"14032","Stanislaus County",1996-05-01,659,47,162,77,706,239,2.95397489539749
"14033","Stanislaus County",1996-06-01,465,49,380,72,514,452,1.13716814159292
"14034","Stanislaus County",1996-07-01,483,53,319,78,536,397,1.35012594458438
"14035","Stanislaus County",1996-08-01,659,47,162,77,706,239,2.95397489539749
"14036","Stanislaus County",1996-09-01,438,51,398,78,489,476,1.02731092436975
"14037","Stanislaus County",1996-10-01,423,51,436,75,474,511,0.927592954990215
"14038","Stanislaus County",1996-11-01,421,46,426,72,467,498,0.937751004016064
"14039","Stanislaus County",1996-12-01,410,51,408,73,461,481,0.958419958419958
"14040","Stanislaus County",1997-01-01,437,57,415,81,494,496,0.995967741935484
"14041","Stanislaus County",1997-02-01,424,60,451,81,484,532,0.909774436090226
"14042","Stanislaus County",1997-03-01,427,64,465,86,491,551,0.891107078039927
"14043","Stanislaus County",1997-04-01,440,58,446,82,498,528,0.943181818181818
"14044","Stanislaus County",1997-05-01,454,63,437,84,517,521,0.99232245681382
"14045","Stanislaus County",1997-06-01,494,58,422,79,552,501,1.10179640718563
"14046","Stanislaus County",1997-07-01,530,58,417,69,588,486,1.20987654320988
"14047","Stanislaus County",1997-08-01,524,64,402,76,588,478,1.23012552301255
"14048","Stanislaus County",1997-09-01,502,61,384,86,563,470,1.19787234042553
"14049","Stanislaus County",1997-10-01,513,55,404,90,568,494,1.1497975708502
"14050","Stanislaus County",1997-11-01,522,58,410,94,580,504,1.15079365079365
"14051","Stanislaus County",1997-12-01,501,52,411,90,553,501,1.10379241516966
"14052","Stanislaus County",1998-01-01,491,60,435,93,551,528,1.04356060606061
"14053","Stanislaus County",1998-02-01,499,59,437,98,558,535,1.04299065420561
"14054","Stanislaus County",1998-03-01,501,65,467,91,566,558,1.01433691756272
"14055","Stanislaus County",1998-04-01,480,54,490,94,534,584,0.914383561643836
"14056","Stanislaus County",1998-05-01,473,48,489,104,521,593,0.87858347386172
"14057","Stanislaus County",1998-06-01,483,52,505,98,535,603,0.887230514096186
"14058","Stanislaus County",1998-07-01,477,54,487,87,531,574,0.925087108013937
"14059","Stanislaus County",1998-08-01,474,50,432,86,524,518,1.01158301158301
"14060","Stanislaus County",1998-09-01,468,59,447,82,527,529,0.996219281663516
"14061","Stanislaus County",1998-10-01,447,60,471,88,507,559,0.906976744186046
"14062","Stanislaus County",1998-11-01,471,58,462,81,529,543,0.974217311233886
"14063","Stanislaus County",1998-12-01,449,62,423,85,511,508,1.00590551181102
"14064","Stanislaus County",1999-01-01,453,56,417,87,509,504,1.00992063492063
"14065","Stanislaus County",1999-02-01,432,57,453,87,489,540,0.905555555555556
"14066","Stanislaus County",1999-03-01,409,56,465,91,465,556,0.836330935251799
"14067","Stanislaus County",1999-04-01,422,57,458,78,479,536,0.89365671641791
"14068","Stanislaus County",1999-05-01,428,56,442,83,484,525,0.921904761904762
"14069","Stanislaus County",1999-06-01,451,56,422,89,507,511,0.992172211350294
"14070","Stanislaus County",1999-07-01,455,51,420,81,506,501,1.00998003992016
"14071","Stanislaus County",1999-08-01,456,62,415,77,518,492,1.05284552845528
"14072","Stanislaus County",1999-09-01,461,66,419,77,527,496,1.0625
"14073","Stanislaus County",1999-10-01,453,61,415,80,514,495,1.03838383838384
"14074","Stanislaus County",1999-11-01,472,58,403,75,530,478,1.10878661087866
"14075","Stanislaus County",1999-12-01,456,50,386,72,506,458,1.10480349344978
"14076","Stanislaus County",2000-01-01,500,51,378,82,551,460,1.19782608695652
"14077","Stanislaus County",2000-02-01,514,68,456,88,582,544,1.06985294117647
"14078","Stanislaus County",2000-03-01,487,69,445,85,556,530,1.04905660377358
"14079","Stanislaus County",2000-04-01,582,79,361,78,661,439,1.50569476082005
"14080","Stanislaus County",2000-05-01,569,79,365,70,648,435,1.48965517241379
"14081","Stanislaus County",2000-06-01,525,75,347,76,600,423,1.41843971631206
"14082","Stanislaus County",2000-07-01,546,72,359,82,618,441,1.40136054421769
"14083","Stanislaus County",2000-08-01,540,67,356,82,607,438,1.38584474885845
"14084","Stanislaus County",2000-09-01,555,66,342,90,621,432,1.4375
"14085","Stanislaus County",2000-10-01,526,68,357,94,594,451,1.31707317073171
"14086","Stanislaus County",2000-11-01,517,62,362,89,579,451,1.28381374722838
"14087","Stanislaus County",2000-12-01,487,57,321,72,544,393,1.38422391857506
"14088","Stanislaus County",2001-01-01,521,67,332,79,588,411,1.43065693430657
"14089","Stanislaus County",2001-02-01,499,71,338,85,570,423,1.34751773049645
"14090","Stanislaus County",2001-03-01,539,72,329,90,611,419,1.4582338902148
"14091","Stanislaus County",2001-04-01,524,78,329,89,602,418,1.44019138755981
"14092","Stanislaus County",2001-05-01,554,75,340,74,629,414,1.51932367149758
"14093","Stanislaus County",2001-06-01,559,74,360,75,633,435,1.4551724137931
"14094","Stanislaus County",2001-07-01,525,68,372,88,593,460,1.28913043478261
"14095","Stanislaus County",2001-08-01,521,71,380,92,592,472,1.25423728813559
"14096","Stanislaus County",2001-09-01,533,84,376,79,617,455,1.35604395604396
"14097","Stanislaus County",2001-10-01,570,93,353,70,663,423,1.56737588652482
"14098","Stanislaus County",2001-11-01,573,92,344,66,665,410,1.6219512195122
"14099","Stanislaus County",2001-12-01,542,85,317,60,627,377,1.6631299734748
"14100","Stanislaus County",2002-01-01,598,98,311,58,696,369,1.88617886178862
"14101","Stanislaus County",2002-02-01,636,90,315,67,726,382,1.90052356020942
"14102","Stanislaus County",2002-03-01,619,91,347,63,710,410,1.73170731707317
"14103","Stanislaus County",2002-04-01,627,93,356,65,720,421,1.71021377672209
"14104","Stanislaus County",2002-05-01,623,82,362,73,705,435,1.62068965517241
"14105","Stanislaus County",2002-06-01,625,86,355,66,711,421,1.68883610451306
"14106","Stanislaus County",2002-07-01,635,104,346,59,739,405,1.82469135802469
"14107","Stanislaus County",2002-08-01,625,99,341,69,724,410,1.76585365853659
"14108","Stanislaus County",2002-09-01,618,111,341,71,729,412,1.76941747572816
"14109","Stanislaus County",2002-10-01,626,105,328,67,731,395,1.85063291139241
"14110","Stanislaus County",2002-11-01,624,105,346,70,729,416,1.75240384615385
"14111","Stanislaus County",2002-12-01,597,87,358,63,684,421,1.62470308788599
"14112","Stanislaus County",2003-01-01,616,87,333,59,703,392,1.79336734693878
"14113","Stanislaus County",2003-02-01,636,91,346,57,727,403,1.80397022332506
"14114","Stanislaus County",2003-03-01,618,100,379,56,718,435,1.65057471264368
"14115","Stanislaus County",2003-04-01,617,88,340,66,705,406,1.73645320197044
"14116","Stanislaus County",2003-05-01,633,88,354,64,721,418,1.72488038277512
"14117","Stanislaus County",2003-06-01,650,100,330,61,750,391,1.91815856777494
"14118","Stanislaus County",2003-07-01,668,101,330,65,769,395,1.94683544303797
"14119","Stanislaus County",2003-08-01,634,86,371,75,720,446,1.61434977578475
"14120","Stanislaus County",2003-09-01,667,105,366,92,772,458,1.68558951965065
"14121","Stanislaus County",2003-10-01,669,94,367,92,763,459,1.66230936819172
"14122","Stanislaus County",2003-11-01,692,93,354,79,785,433,1.81293302540416
"14123","Stanislaus County",2003-12-01,662,77,353,72,739,425,1.73882352941176
"14124","Stanislaus County",2004-01-01,684,89,343,56,773,399,1.93734335839599
"14125","Stanislaus County",2004-02-01,705,108,324,59,813,383,2.12271540469974
"14126","Stanislaus County",2004-03-01,721,124,288,54,845,342,2.47076023391813
"14127","Stanislaus County",2004-04-01,703,145,316,41,848,357,2.37535014005602
"14128","Stanislaus County",2004-05-01,669,113,342,65,782,407,1.92137592137592
"14129","Stanislaus County",2004-06-01,666,100,358,73,766,431,1.77726218097448
"14130","Stanislaus County",2004-07-01,664,105,343,71,769,414,1.85748792270531
"14131","Stanislaus County",2004-08-01,656,107,334,60,763,394,1.93654822335025
"14132","Stanislaus County",2004-09-01,659,97,327,69,756,396,1.90909090909091
"14133","Stanislaus County",2004-10-01,669,94,362,65,763,427,1.78688524590164
"14134","Stanislaus County",2004-11-01,665,92,373,71,757,444,1.70495495495495
"14135","Stanislaus County",2004-12-01,689,112,354,47,801,401,1.99750623441397
"14136","Stanislaus County",2005-01-01,672,122,363,58,794,421,1.88598574821853
"14137","Stanislaus County",2005-02-01,655,99,388,80,754,468,1.61111111111111
"14138","Stanislaus County",2005-03-01,634,112,400,88,746,488,1.52868852459016
"14139","Stanislaus County",2005-04-01,671,103,396,98,774,494,1.5668016194332
"14140","Stanislaus County",2005-05-01,688,112,387,95,800,482,1.6597510373444
"14141","Stanislaus County",2005-06-01,723,120,389,88,843,477,1.76729559748428
"14142","Stanislaus County",2005-07-01,682,93,421,99,775,520,1.49038461538462
"14143","Stanislaus County",2005-08-01,666,99,456,100,765,556,1.37589928057554
"14144","Stanislaus County",2005-09-01,661,107,478,103,768,581,1.32185886402754
"14145","Stanislaus County",2005-10-01,667,101,453,104,768,557,1.37881508078995
"14146","Stanislaus County",2005-11-01,669,101,445,104,770,549,1.40255009107468
"14147","Stanislaus County",2005-12-01,648,97,415,94,745,509,1.46365422396857
"14148","Stanislaus County",2006-01-01,688,105,432,93,793,525,1.51047619047619
"14149","Stanislaus County",2006-02-01,682,107,461,87,789,548,1.43978102189781
"14150","Stanislaus County",2006-03-01,686,101,464,111,787,575,1.36869565217391
"14151","Stanislaus County",2006-04-01,709,106,444,106,815,550,1.48181818181818
"14152","Stanislaus County",2006-05-01,692,102,438,110,794,548,1.44890510948905
"14153","Stanislaus County",2006-06-01,692,95,431,110,787,541,1.4547134935305
"14154","Stanislaus County",2006-07-01,703,96,415,115,799,530,1.50754716981132
"14155","Stanislaus County",2006-08-01,712,95,400,109,807,509,1.58546168958743
"14156","Stanislaus County",2006-09-01,728,111,409,98,839,507,1.65483234714004
"14157","Stanislaus County",2006-10-01,713,108,422,101,821,523,1.5697896749522
"14158","Stanislaus County",2006-11-01,704,100,437,101,804,538,1.49442379182156
"14159","Stanislaus County",2006-12-01,698,94,447,91,792,538,1.47211895910781
"14160","Stanislaus County",2007-01-01,727,104,433,95,831,528,1.57386363636364
"14161","Stanislaus County",2007-02-01,743,110,414,100,853,514,1.65953307392996
"14162","Stanislaus County",2007-03-01,755,118,391,105,873,496,1.76008064516129
"14163","Stanislaus County",2007-04-01,774,112,415,104,886,519,1.70712909441233
"14164","Stanislaus County",2007-05-01,747,116,406,99,863,505,1.70891089108911
"14165","Stanislaus County",2007-06-01,752,110,420,105,862,525,1.64190476190476
"14166","Stanislaus County",2007-07-01,767,109,416,108,876,524,1.67175572519084
"14167","Stanislaus County",2007-08-01,749,109,457,104,858,561,1.52941176470588
"14168","Stanislaus County",2007-09-01,732,107,482,108,839,590,1.42203389830508
"14169","Stanislaus County",2007-10-01,721,110,484,111,831,595,1.39663865546218
"14170","Stanislaus County",2007-11-01,710,109,455,101,819,556,1.47302158273381
"14171","Stanislaus County",2007-12-01,694,100,414,90,794,504,1.57539682539683
"14172","Stanislaus County",2008-01-01,714,99,412,95,813,507,1.60355029585799
"14173","Stanislaus County",2008-02-01,726,104,426,101,830,527,1.57495256166983
"14174","Stanislaus County",2008-03-01,725,95,438,103,820,541,1.51571164510166
"14175","Stanislaus County",2008-04-01,731,97,430,110,828,540,1.53333333333333
"14176","Stanislaus County",2008-05-01,725,95,438,103,820,541,1.51571164510166
"14177","Stanislaus County",2008-06-01,740,98,433,97,838,530,1.5811320754717
"14178","Stanislaus County",2008-07-01,756,97,423,104,853,527,1.61859582542695
"14179","Stanislaus County",2008-08-01,741,107,411,109,848,520,1.63076923076923
"14180","Stanislaus County",2008-09-01,712,99,413,105,811,518,1.56563706563707
"14181","Stanislaus County",2008-10-01,699,95,387,104,794,491,1.61710794297352
"14182","Stanislaus County",2008-11-01,720,93,381,107,813,488,1.66598360655738
"14183","Stanislaus County",2008-12-01,711,94,372,98,805,470,1.71276595744681
"14184","Stanislaus County",2009-01-01,735,92,367,105,827,472,1.7521186440678
"14185","Stanislaus County",2009-02-01,762,96,359,101,858,460,1.86521739130435
"14186","Stanislaus County",2009-03-01,775,114,347,93,889,440,2.02045454545455
"14187","Stanislaus County",2009-04-01,759,109,365,100,868,465,1.86666666666667
"14188","Stanislaus County",2009-05-01,752,102,365,97,854,462,1.84848484848485
"14189","Stanislaus County",2009-06-01,774,108,344,91,882,435,2.02758620689655
"14190","Stanislaus County",2009-07-01,759,101,352,97,860,449,1.91536748329621
"14191","Stanislaus County",2009-08-01,785,107,358,106,892,464,1.92241379310345
"14192","Stanislaus County",2009-09-01,802,102,344,109,904,453,1.99558498896247
"14193","Stanislaus County",2009-10-01,791,100,333,112,891,445,2.00224719101124
"14194","Stanislaus County",2009-11-01,783,92,333,107,875,440,1.98863636363636
"14195","Stanislaus County",2009-12-01,751,100,337,90,851,427,1.99297423887588
"14196","Stanislaus County",2010-01-01,749,106,314,88,855,402,2.12686567164179
"14197","Stanislaus County",2010-02-01,756,95,269,70,851,339,2.51032448377581
"14198","Stanislaus County",2010-03-01,754,99,222,60,853,282,3.02482269503546
"14199","Stanislaus County",2010-04-01,775,91,237,57,866,294,2.94557823129252
"14200","Stanislaus County",2010-05-01,789,92,244,56,881,300,2.93666666666667
"14201","Stanislaus County",2010-06-01,713,86,228,63,799,291,2.74570446735395
"14202","Stanislaus County",2010-07-01,726,90,219,59,816,278,2.93525179856115
"14203","Stanislaus County",2010-08-01,750,99,191,62,849,253,3.35573122529644
"14204","Stanislaus County",2010-09-01,750,93,195,61,843,256,3.29296875
"14205","Stanislaus County",2010-10-01,715,98,233,62,813,295,2.75593220338983
"14206","Stanislaus County",2010-11-01,680,100,242,58,780,300,2.6
"14207","Stanislaus County",2010-12-01,692,85,235,53,777,288,2.69791666666667
"14208","Stanislaus County",2011-01-01,716,86,188,60,802,248,3.23387096774194
"14209","Stanislaus County",2011-02-01,720,72,124,48,792,172,4.6046511627907
"14210","Stanislaus County",2011-03-01,682,82,156,48,764,204,3.74509803921569
"14211","Stanislaus County",2011-04-01,708,89,159,47,797,206,3.86893203883495
"14212","Stanislaus County",2011-05-01,708,84,156,56,792,212,3.73584905660377
"14213","Stanislaus County",2011-06-01,719,80,150,54,799,204,3.91666666666667
"14214","Stanislaus County",2011-07-01,715,84,159,52,799,211,3.78672985781991
"14215","Stanislaus County",2011-08-01,750,84,131,54,834,185,4.50810810810811
"14216","Stanislaus County",2011-09-01,776,85,99,55,861,154,5.59090909090909
"14217","Stanislaus County",2011-10-01,812,78,98,50,890,148,6.01351351351351
"14218","Stanislaus County",2011-11-01,767,80,164,42,847,206,4.11165048543689
"14219","Stanislaus County",2011-12-01,774,73,215,48,847,263,3.22053231939163
"14220","Stanislaus County",2012-01-01,793,83,218,49,876,267,3.28089887640449
"14221","Stanislaus County",2012-02-01,822,85,198,56,907,254,3.57086614173228
"14222","Stanislaus County",2012-03-01,805,82,208,54,887,262,3.38549618320611
"14223","Stanislaus County",2012-04-01,786,82,225,42,868,267,3.25093632958801
"14224","Stanislaus County",2012-05-01,768,82,238,47,850,285,2.98245614035088
"14225","Stanislaus County",2012-06-01,795,81,214,59,876,273,3.20879120879121
"14226","Stanislaus County",2012-07-01,837,93,174,53,930,227,4.09691629955947
"14227","Stanislaus County",2012-08-01,867,79,146,59,946,205,4.61463414634146
"14228","Stanislaus County",2012-09-01,872,84,136,60,956,196,4.87755102040816
"14229","Stanislaus County",2012-10-01,868,91,139,56,959,195,4.91794871794872
"14230","Stanislaus County",2012-11-01,824,93,176,47,917,223,4.11210762331839
"14231","Stanislaus County",2012-12-01,797,91,205,48,888,253,3.5098814229249
"14232","Stanislaus County",2013-01-01,818,84,189,30,902,219,4.11872146118721
"14233","Stanislaus County",2013-02-01,803,88,224,24,891,248,3.59274193548387
"14234","Stanislaus County",2013-03-01,780,103,260,17,883,277,3.18772563176895
"14235","Stanislaus County",2013-04-01,784,110,191,17,894,208,4.29807692307692
"14236","Stanislaus County",2013-05-01,789,113,182,23,902,205,4.4
"14237","Stanislaus County",2013-06-01,812,113,153,21,925,174,5.31609195402299
"14238","Stanislaus County",2013-07-01,776,100,164,23,876,187,4.68449197860963
"14239","Stanislaus County",2013-08-01,797,99,103,17,896,120,7.46666666666667
"14240","Stanislaus County",2013-09-01,815,110,84,12,925,96,9.63541666666667
"14241","Stanislaus County",2013-10-01,811,116,184,35,927,219,4.23287671232877
"14242","Stanislaus County",2013-11-01,822,111,254,42,933,296,3.15202702702703
"14243","Stanislaus County",2013-12-01,809,111,270,41,920,311,2.95819935691318
"14244","Stanislaus County",2014-01-01,822,109,253,36,931,289,3.22145328719723
"14245","Stanislaus County",2014-02-01,834,113,139,17,947,156,6.07051282051282
"14246","Stanislaus County",2014-03-01,808,108,156,29,916,185,4.95135135135135
"14247","Stanislaus County",2014-04-01,839,116,177,35,955,212,4.50471698113208
"14248","Stanislaus County",2014-05-01,824,112,192,29,936,221,4.23529411764706
"14249","Stanislaus County",2014-06-01,813,105,204,36,918,240,3.825
"14250","Stanislaus County",2014-07-01,809,110,205,36,919,241,3.81327800829876
"14251","Stanislaus County",2014-08-01,829,106,219,33,935,252,3.71031746031746
"14252","Stanislaus County",2014-09-01,839,109,238,32,948,270,3.51111111111111
"14253","Stanislaus County",2014-10-01,833,108,250,39,941,289,3.2560553633218
"14254","Stanislaus County",2014-11-01,776,88,259,45,864,304,2.84210526315789
"14255","Stanislaus County",2014-12-01,710,79,250,48,789,298,2.64765100671141
"14256","Stanislaus County",2015-01-01,699,76,228,39,775,267,2.90262172284644
"14257","Stanislaus County",2015-02-01,710,76,216,35,786,251,3.13147410358566
"14258","Stanislaus County",2015-03-01,718,80,236,34,798,270,2.95555555555556
"14259","Stanislaus County",2015-04-01,727,83,262,39,810,301,2.69102990033223
"14260","Stanislaus County",2015-05-01,721,80,248,48,801,296,2.70608108108108
"14261","Stanislaus County",2015-06-01,713,79,254,41,792,295,2.68474576271186
"14262","Stanislaus County",2015-07-01,695,87,256,47,782,303,2.58085808580858
"14263","Stanislaus County",2015-08-01,717,74,263,50,791,313,2.52715654952077
"14264","Stanislaus County",2015-09-01,740,76,268,53,816,321,2.54205607476635
"14265","Stanislaus County",2015-10-01,762,73,263,50,835,313,2.66773162939297
"14266","Stanislaus County",2015-11-01,715,70,297,54,785,351,2.23646723646724
"14267","Stanislaus County",2015-12-01,722,74,285,44,796,329,2.41945288753799
"14268","Stanislaus County",2016-01-01,752,83,272,50,835,322,2.59316770186335
"14269","Stanislaus County",2016-02-01,765,88,294,52,853,346,2.46531791907514
"14270","Stanislaus County",2016-03-01,819,92,267,53,911,320,2.846875
"14271","Stanislaus County",2016-04-01,832,96,251,41,928,292,3.17808219178082
"14272","Stanislaus County",2016-05-01,804,90,288,50,894,338,2.64497041420118
"14273","Stanislaus County",2016-06-01,790,90,301,62,880,363,2.42424242424242
"14274","Stanislaus County",2016-07-01,777,87,309,57,864,366,2.36065573770492
"14275","Stanislaus County",2016-08-01,800,92,286,49,892,335,2.66268656716418
"14276","Stanislaus County",2016-09-01,820,102,261,49,922,310,2.9741935483871
"14277","Stanislaus County",2016-10-01,789,97,293,54,886,347,2.55331412103746
"14278","Stanislaus County",2016-11-01,783,97,306,51,880,357,2.46498599439776
"14279","Stanislaus County",2016-12-01,759,84,317,52,843,369,2.28455284552846
"14280","Stanislaus County",2017-01-01,771,82,312,52,853,364,2.34340659340659
"14281","Stanislaus County",2017-02-01,806,85,290,47,891,337,2.64391691394659
"14282","Stanislaus County",2017-03-01,784,91,308,51,875,359,2.43732590529248
"14283","Stanislaus County",2017-04-01,761,93,322,51,854,373,2.28954423592493
"14284","Stanislaus County",2017-05-01,763,89,363,68,852,431,1.97679814385151
"14285","Stanislaus County",2017-06-01,744,88,381,65,832,446,1.86547085201794
"14286","Stanislaus County",2017-07-01,725,83,361,68,808,429,1.88344988344988
"14287","Stanislaus County",2017-08-01,713,87,334,66,800,400,2
"14288","Stanislaus County",2017-09-01,698,91,314,61,789,375,2.104
"14289","Stanislaus County",2017-10-01,681,88,310,59,769,369,2.0840108401084
"14290","Stanislaus County",2017-11-01,676,82,309,54,758,363,2.08815426997245
"14291","Stanislaus County",2017-12-01,695,93,311,49,788,360,2.18888888888889
"14292","Stanislaus County",2018-01-01,738,93,284,40,831,324,2.56481481481481
"14293","Stanislaus County",2018-02-01,713,90,258,39,803,297,2.7037037037037
"14294","Stanislaus County",2018-03-01,741,100,291,42,841,333,2.52552552552553
"14295","Stanislaus County",2018-04-01,740,98,282,51,838,333,2.51651651651652
"14296","Stanislaus County",2018-05-01,739,104,294,50,843,344,2.45058139534884
"14297","Stanislaus County",2018-06-01,734,98,296,54,832,350,2.37714285714286
"14298","Stanislaus County",2018-07-01,753,99,280,56,852,336,2.53571428571429
"14299","Stanislaus County",2018-08-01,747,100,295,50,847,345,2.45507246376812
"14300","Stanislaus County",2018-09-01,779,106,296,49,885,345,2.56521739130435
"14301","Stanislaus County",2018-10-01,770,111,275,43,881,318,2.77044025157233
"14302","Stanislaus County",2018-11-01,776,103,253,42,879,295,2.97966101694915
"14303","Stanislaus County",2018-12-01,782,116,241,34,898,275,3.26545454545455
"14304","Stanislaus County",2019-01-01,796,123,246,42,919,288,3.19097222222222
"14305","Stanislaus County",2019-02-01,766,111,287,42,877,329,2.66565349544073
"14306","Stanislaus County",2019-03-01,724,104,304,43,828,347,2.38616714697406
"14307","Stanislaus County",2019-04-01,714,100,287,47,814,334,2.43712574850299
"14308","Stanislaus County",2019-05-01,719,114,284,43,833,327,2.5474006116208
"14309","Stanislaus County",2019-06-01,651,92,370,61,743,431,1.72389791183295
"14310","Stanislaus County",2019-07-01,753,107,286,44,860,330,2.60606060606061
"14311","Stanislaus County",2019-08-01,769,108,301,36,877,337,2.60237388724036
"14312","Stanislaus County",2019-09-01,811,112,272,39,923,311,2.96784565916399
"14313","Stanislaus County",2019-10-01,797,108,270,44,905,314,2.88216560509554
"14314","Stanislaus County",2019-11-01,820,115,256,41,935,297,3.14814814814815
"14315","Stanislaus County",2019-12-01,824,122,246,35,946,281,3.36654804270463
"14316","Stanislaus County",2020-01-01,845,125,253,33,970,286,3.39160839160839
"14317","Stanislaus County",2020-02-01,862,123,303,34,985,337,2.92284866468843
"14318","Stanislaus County",2020-03-01,850,121,288,36,971,324,2.99691358024691
"14319","Sutter County",1995-10-01,74,20,116,31,94,147,0.639455782312925
"14320","Sutter County",1995-11-01,49,10,139,29,59,168,0.351190476190476
"14321","Sutter County",1995-12-01,41.3,6.3,126.7,30.8,47.6,157.5,0.302222222222222
"14322","Sutter County",1996-01-01,51,10,118,24,61,142,0.429577464788732
"14323","Sutter County",1996-02-01,31,18,144,23,49,167,0.293413173652695
"14324","Sutter County",1996-03-01,39,17,128,19,56,147,0.380952380952381
"14325","Sutter County",1996-04-01,108,20,84,21,128,105,1.21904761904762
"14326","Sutter County",1996-05-01,94,16,113,22,110,135,0.814814814814815
"14327","Sutter County",1996-06-01,111,19,86,29,130,115,1.1304347826087
"14328","Sutter County",1996-07-01,81,18,107,30,99,137,0.722627737226277
"14329","Sutter County",1996-08-01,71,15,92,25,86,117,0.735042735042735
"14330","Sutter County",1996-09-01,73,14,91,24,87,115,0.756521739130435
"14331","Sutter County",1996-10-01,71,17,95,27,88,122,0.721311475409836
"14332","Sutter County",1996-11-01,75,18,100,29,93,129,0.720930232558139
"14333","Sutter County",1996-12-01,102,12,84,16,114,100,1.14
"14334","Sutter County",1997-01-01,93,13,40,10,106,50,2.12
"14335","Sutter County",1997-02-01,109,20,65,16,129,81,1.59259259259259
"14336","Sutter County",1997-03-01,117,17,70,21,134,91,1.47252747252747
"14337","Sutter County",1997-04-01,168,20,87,19,188,106,1.77358490566038
"14338","Sutter County",1997-05-01,131,21,88,27,152,115,1.32173913043478
"14339","Sutter County",1997-06-01,125,22,103,22,147,125,1.176
"14340","Sutter County",1997-07-01,130,18,75,31,148,106,1.39622641509434
"14341","Sutter County",1997-08-01,116,36,62,23,152,85,1.78823529411765
"14342","Sutter County",1997-09-01,100,14,73,25,114,98,1.16326530612245
"14343","Sutter County",1997-10-01,102,21,73,34,123,107,1.14953271028037
"14344","Sutter County",1997-11-01,124,20,61,24,144,85,1.69411764705882
"14345","Sutter County",1997-12-01,127,22,48,21,149,69,2.15942028985507
"14346","Sutter County",1998-01-01,117,17,76,29,134,105,1.27619047619048
"14347","Sutter County",1998-02-01,120,17,71,29,137,100,1.37
"14348","Sutter County",1998-03-01,118,22,89,23,140,112,1.25
"14349","Sutter County",1998-04-01,117,19,84,23,136,107,1.27102803738318
"14350","Sutter County",1998-05-01,57,18,149,25,75,174,0.431034482758621
"14351","Sutter County",1998-06-01,129,12,96,24,141,120,1.175
"14352","Sutter County",1998-07-01,76,17,147,23,93,170,0.547058823529412
"14353","Sutter County",1998-08-01,112,22,85,22,134,107,1.25233644859813
"14354","Sutter County",1998-09-01,118,16,77,22,134,99,1.35353535353535
"14355","Sutter County",1998-10-01,112,19,70,36,131,106,1.23584905660377
"14356","Sutter County",1998-11-01,103,19,87,20,122,107,1.14018691588785
"14357","Sutter County",1998-12-01,120,22,67,17,142,84,1.69047619047619
"14358","Sutter County",1999-01-01,94,15,85,17,109,102,1.06862745098039
"14359","Sutter County",1999-02-01,98,20,77,10,118,87,1.35632183908046
"14360","Sutter County",1999-03-01,94,20,90,20,114,110,1.03636363636364
"14361","Sutter County",1999-04-01,97,21,82,36,118,118,1
"14362","Sutter County",1999-05-01,106,19,85,19,125,104,1.20192307692308
"14363","Sutter County",1999-06-01,109,26,60,21,135,81,1.66666666666667
"14364","Sutter County",1999-07-01,91,17,92,18,108,110,0.981818181818182
"14365","Sutter County",1999-08-01,94,17,78,21,111,99,1.12121212121212
"14366","Sutter County",1999-09-01,107,16,73,12,123,85,1.44705882352941
"14367","Sutter County",1999-10-01,86,19,90,19,105,109,0.963302752293578
"14368","Sutter County",1999-11-01,109,20,61,17,129,78,1.65384615384615
"14369","Sutter County",1999-12-01,109,20,61,17,129,78,1.65384615384615
"14370","Sutter County",2000-01-01,144,21,55,19,165,74,2.22972972972973
"14371","Sutter County",2000-02-01,102,19,54,20,121,74,1.63513513513514
"14372","Sutter County",2000-03-01,99,18,68,18,117,86,1.36046511627907
"14373","Sutter County",2000-04-01,110,20,71,18,130,89,1.46067415730337
"14374","Sutter County",2000-05-01,119,22,52,6,141,58,2.43103448275862
"14375","Sutter County",2000-06-01,112,29,57,17,141,74,1.90540540540541
"14376","Sutter County",2000-07-01,112,21,51,17,133,68,1.95588235294118
"14377","Sutter County",2000-08-01,114,24,61,19,138,80,1.725
"14378","Sutter County",2000-09-01,122,21,61,19,143,80,1.7875
"14379","Sutter County",2000-10-01,128,20,43,13,148,56,2.64285714285714
"14380","Sutter County",2000-11-01,108,12,58,9,120,67,1.7910447761194
"14381","Sutter County",2000-12-01,91,6,66,9,97,75,1.29333333333333
"14382","Sutter County",2001-01-01,110,11,52,14,121,66,1.83333333333333
"14383","Sutter County",2001-02-01,132,13,43,10,145,53,2.73584905660377
"14384","Sutter County",2001-03-01,117,13,76,5,130,81,1.60493827160494
"14385","Sutter County",2001-04-01,103,20,76,4,123,80,1.5375
"14386","Sutter County",2001-05-01,122,16,64,18,138,82,1.68292682926829
"14387","Sutter County",2001-06-01,120,14,69,14,134,83,1.6144578313253
"14388","Sutter County",2001-07-01,116,14,72,17,130,89,1.46067415730337
"14389","Sutter County",2001-08-01,125,26,69,16,151,85,1.77647058823529
"14390","Sutter County",2001-09-01,135,22,68,16,157,84,1.86904761904762
"14391","Sutter County",2001-10-01,131,15,69,19,146,88,1.65909090909091
"14392","Sutter County",2001-11-01,127,13,76,19,140,95,1.47368421052632
"14393","Sutter County",2001-12-01,123,22,74,18,145,92,1.57608695652174
"14394","Sutter County",2002-01-01,142,31,58,15,173,73,2.36986301369863
"14395","Sutter County",2002-02-01,146,27,74,21,173,95,1.82105263157895
"14396","Sutter County",2002-03-01,127,21,67,16,148,83,1.78313253012048
"14397","Sutter County",2002-04-01,135,22,74,19,157,93,1.68817204301075
"14398","Sutter County",2002-05-01,125,27,72,10,152,82,1.85365853658537
"14399","Sutter County",2002-06-01,137,20,81,15,157,96,1.63541666666667
"14400","Sutter County",2002-07-01,136,23,74,18,159,92,1.72826086956522
"14401","Sutter County",2002-08-01,163,21,73,13,184,86,2.13953488372093
"14402","Sutter County",2002-09-01,143,16,82,21,159,103,1.54368932038835
"14403","Sutter County",2002-10-01,137,20,58,18,157,76,2.06578947368421
"14404","Sutter County",2002-11-01,152,18,58,15,170,73,2.32876712328767
"14405","Sutter County",2002-12-01,138,20,67,17,158,84,1.88095238095238
"14406","Sutter County",2003-01-01,147,22,53,26,169,79,2.13924050632911
"14407","Sutter County",2003-02-01,146,22,56,24,168,80,2.1
"14408","Sutter County",2003-03-01,131,23,61,24,154,85,1.81176470588235
"14409","Sutter County",2003-04-01,126,26,66,17,152,83,1.83132530120482
"14410","Sutter County",2003-05-01,151,23,61,19,174,80,2.175
"14411","Sutter County",2003-06-01,149,23,48,15,172,63,2.73015873015873
"14412","Sutter County",2003-07-01,144,20,65,13,164,78,2.1025641025641
"14413","Sutter County",2003-08-01,152,23,77,14,175,91,1.92307692307692
"14414","Sutter County",2003-09-01,137,16,74,16,153,90,1.7
"14415","Sutter County",2003-10-01,167,13,50,21,180,71,2.53521126760563
"14416","Sutter County",2003-11-01,157,27,50,19,184,69,2.66666666666667
"14417","Sutter County",2003-12-01,163,27,50,17,190,67,2.83582089552239
"14418","Sutter County",2004-01-01,150,30,76,22,180,98,1.83673469387755
"14419","Sutter County",2004-02-01,158,28,81,28,186,109,1.70642201834862
"14420","Sutter County",2004-03-01,150,22,74,29,172,103,1.66990291262136
"14421","Sutter County",2004-04-01,129,23,70,22,152,92,1.65217391304348
"14422","Sutter County",2004-05-01,146,15,75,19,161,94,1.71276595744681
"14423","Sutter County",2004-06-01,166,17,69,19,183,88,2.07954545454545
"14424","Sutter County",2004-07-01,160,21,61,20,181,81,2.23456790123457
"14425","Sutter County",2004-08-01,154,24,71,21,178,92,1.93478260869565
"14426","Sutter County",2004-09-01,161,21,69,16,182,85,2.14117647058824
"14427","Sutter County",2004-10-01,143,18,63,11,161,74,2.17567567567568
"14428","Sutter County",2004-11-01,137,19,76,16,156,92,1.69565217391304
"14429","Sutter County",2004-12-01,162,15,67,14,177,81,2.18518518518519
"14430","Sutter County",2005-01-01,152,22,75,22,174,97,1.79381443298969
"14431","Sutter County",2005-02-01,170,19,63,25,189,88,2.14772727272727
"14432","Sutter County",2005-03-01,154,15,68,23,169,91,1.85714285714286
"14433","Sutter County",2005-04-01,152,28,79,15,180,94,1.91489361702128
"14434","Sutter County",2005-05-01,132,23,78,21,155,99,1.56565656565657
"14435","Sutter County",2005-06-01,199,26,66,16,225,82,2.74390243902439
"14436","Sutter County",2005-07-01,199,26,66,16,225,82,2.74390243902439
"14437","Sutter County",2005-08-01,211,22,71,11,233,82,2.84146341463415
"14438","Sutter County",2005-09-01,225,28,79,23,253,102,2.48039215686275
"14439","Sutter County",2005-10-01,193,27,72,24,220,96,2.29166666666667
"14440","Sutter County",2005-11-01,149,24,61,22,173,83,2.08433734939759
"14441","Sutter County",2005-12-01,128,22,44,19,150,63,2.38095238095238
"14442","Sutter County",2006-01-01,148,25,52,16,173,68,2.54411764705882
"14443","Sutter County",2006-02-01,153,27,75,18,180,93,1.93548387096774
"14444","Sutter County",2006-03-01,147,25,77,24,172,101,1.7029702970297
"14445","Sutter County",2006-04-01,152,24,75,28,176,103,1.70873786407767
"14446","Sutter County",2006-05-01,155,26,68,23,181,91,1.98901098901099
"14447","Sutter County",2006-06-01,150,20,59,27,170,86,1.97674418604651
"14448","Sutter County",2006-07-01,148,19,80,24,167,104,1.60576923076923
"14449","Sutter County",2006-08-01,156,24,61,24,180,85,2.11764705882353
"14450","Sutter County",2006-09-01,144,31,66,18,175,84,2.08333333333333
"14451","Sutter County",2006-10-01,144,28,72,18,172,90,1.91111111111111
"14452","Sutter County",2006-11-01,99,28,61,21,127,82,1.54878048780488
"14453","Sutter County",2006-12-01,130,27,67,20,157,87,1.80459770114943
"14454","Sutter County",2007-01-01,130,19,58,17,149,75,1.98666666666667
"14455","Sutter County",2007-02-01,157,29,58,26,186,84,2.21428571428571
"14456","Sutter County",2007-03-01,149,26,70,29,175,99,1.76767676767677
"14457","Sutter County",2007-04-01,167,23,77,31,190,108,1.75925925925926
"14458","Sutter County",2007-05-01,164,25,71,30,189,101,1.87128712871287
"14459","Sutter County",2007-06-01,163,24,66,19,187,85,2.2
"14460","Sutter County",2007-07-01,143,26,90,28,169,118,1.43220338983051
"14461","Sutter County",2007-08-01,137,21,75,32,158,107,1.47663551401869
"14462","Sutter County",2007-09-01,145,26,62,33,171,95,1.8
"14463","Sutter County",2007-10-01,133,29,57,21,162,78,2.07692307692308
"14464","Sutter County",2007-11-01,138,27,56,21,165,77,2.14285714285714
"14465","Sutter County",2007-12-01,142,26,55,21,168,76,2.21052631578947
"14466","Sutter County",2008-01-01,150,21,64,17,171,81,2.11111111111111
"14467","Sutter County",2008-02-01,159,25,72,17,184,89,2.06741573033708
"14468","Sutter County",2008-03-01,159,23,75,31,182,106,1.71698113207547
"14469","Sutter County",2008-04-01,159,24,73,24,183,97,1.88659793814433
"14470","Sutter County",2008-05-01,155,15,64,23,170,87,1.95402298850575
"14471","Sutter County",2008-06-01,156,22,47,28,178,75,2.37333333333333
"14472","Sutter County",2008-07-01,158,19,54,21,177,75,2.36
"14473","Sutter County",2008-08-01,173,23,45,21,196,66,2.96969696969697
"14474","Sutter County",2008-09-01,173,25,45,17,198,62,3.19354838709677
"14475","Sutter County",2008-10-01,173,23,59,19,196,78,2.51282051282051
"14476","Sutter County",2008-11-01,158,26,60,22,184,82,2.24390243902439
"14477","Sutter County",2008-12-01,142,26,55,21,168,76,2.21052631578947
"14478","Sutter County",2009-01-01,169,18,58,34,187,92,2.03260869565217
"14479","Sutter County",2009-02-01,166,27,52,21,193,73,2.64383561643836
"14480","Sutter County",2009-03-01,171,24,57,14,195,71,2.74647887323944
"14481","Sutter County",2009-04-01,156,27,45,19,183,64,2.859375
"14482","Sutter County",2009-05-01,177,29,41,17,206,58,3.55172413793103
"14483","Sutter County",2009-06-01,167,26,43,20,193,63,3.06349206349206
"14484","Sutter County",2009-07-01,161,23,42,14,184,56,3.28571428571429
"14485","Sutter County",2009-08-01,151,23,43,16,174,59,2.94915254237288
"14486","Sutter County",2009-09-01,151,24,35,20,175,55,3.18181818181818
"14487","Sutter County",2009-10-01,145,29,42,22,174,64,2.71875
"14488","Sutter County",2009-11-01,146,25,40,21,171,61,2.80327868852459
"14489","Sutter County",2009-12-01,148,26,37,22,174,59,2.94915254237288
"14490","Sutter County",2010-01-01,138,24,30,17,162,47,3.4468085106383
"14491","Sutter County",2010-02-01,143,24,19,10,167,29,5.75862068965517
"14492","Sutter County",2010-03-01,138,28,32,13,166,45,3.68888888888889
"14493","Sutter County",2010-04-01,137,26,36,13,163,49,3.3265306122449
"14494","Sutter County",2010-05-01,133,23,27,16,156,43,3.62790697674419
"14495","Sutter County",2010-06-01,150,31,36,19,181,55,3.29090909090909
"14496","Sutter County",2010-07-01,156,23,30,16,179,46,3.89130434782609
"14497","Sutter County",2010-08-01,147,35,29,0,182,29,6.27586206896552
"14498","Sutter County",2010-09-01,148,29,29,0,177,29,6.10344827586207
"14499","Sutter County",2010-10-01,140,37,35,0,177,35,5.05714285714286
"14500","Sutter County",2010-11-01,120,32,27,0,152,27,5.62962962962963
"14501","Sutter County",2010-12-01,133,18,21,14,151,35,4.31428571428571
"14502","Sutter County",2011-01-01,150,20,16,15,170,31,5.48387096774194
"14503","Sutter County",2011-02-01,115,18,16,9,133,25,5.32
"14504","Sutter County",2011-03-01,139,22,31,10,161,41,3.92682926829268
"14505","Sutter County",2011-04-01,157,16,28,12,173,40,4.325
"14506","Sutter County",2011-05-01,154,22,31,12,176,43,4.09302325581395
"14507","Sutter County",2011-06-01,153,26,43,15,179,58,3.08620689655172
"14508","Sutter County",2011-07-01,138,13,30,11,151,41,3.68292682926829
"14509","Sutter County",2011-08-01,135,8,28,10,143,38,3.76315789473684
"14510","Sutter County",2011-09-01,134,21,28,7,155,35,4.42857142857143
"14511","Sutter County",2011-10-01,143,18,26,10,161,36,4.47222222222222
"14512","Sutter County",2011-11-01,127,17,24,9,144,33,4.36363636363636
"14513","Sutter County",2011-12-01,122,15,19,6,137,25,5.48
"14514","Sutter County",2012-01-01,128,17,26,7,145,33,4.39393939393939
"14515","Sutter County",2012-02-01,139,17,32,10,156,42,3.71428571428571
"14516","Sutter County",2012-03-01,139,20,27,11,159,38,4.18421052631579
"14517","Sutter County",2012-04-01,132,22,28,8,154,36,4.27777777777778
"14518","Sutter County",2012-05-01,147,22,34,12,169,46,3.67391304347826
"14519","Sutter County",2012-06-01,158,15,46,22,173,68,2.54411764705882
"14520","Sutter County",2012-07-01,176,22,43,23,198,66,3
"14521","Sutter County",2012-08-01,180,16,49,22,196,71,2.76056338028169
"14522","Sutter County",2012-09-01,181,20,62,25,201,87,2.31034482758621
"14523","Sutter County",2012-10-01,170,23,35,24,193,59,3.27118644067797
"14524","Sutter County",2012-11-01,168,19,36,15,187,51,3.66666666666667
"14525","Sutter County",2012-12-01,167,22,26,12,189,38,4.97368421052632
"14526","Sutter County",2013-01-01,169,22,26,17,191,43,4.44186046511628
"14527","Sutter County",2013-02-01,177,22,46,23,199,69,2.88405797101449
"14528","Sutter County",2013-03-01,169,24,50,22,193,72,2.68055555555556
"14529","Sutter County",2013-04-01,190,21,42,18,211,60,3.51666666666667
"14530","Sutter County",2013-05-01,183,27,43,20,210,63,3.33333333333333
"14531","Sutter County",2013-06-01,174,28,36,17,202,53,3.81132075471698
"14532","Sutter County",2013-07-01,179,24,36,21,203,57,3.56140350877193
"14533","Sutter County",2013-08-01,179,27,44,15,206,59,3.49152542372881
"14534","Sutter County",2013-09-01,180,31,38,20,211,58,3.63793103448276
"14535","Sutter County",2013-10-01,162,27,26,10,189,36,5.25
"14536","Sutter County",2013-11-01,163,22,28,22,185,50,3.7
"14537","Sutter County",2013-12-01,153,22,24,19,175,43,4.06976744186047
"14538","Sutter County",2014-01-01,173,28,24,25,201,49,4.10204081632653
"14539","Sutter County",2014-02-01,171,25,29,25,196,54,3.62962962962963
"14540","Sutter County",2014-03-01,172,27,28,29,199,57,3.49122807017544
"14541","Sutter County",2014-04-01,171,24,28,29,195,57,3.42105263157895
"14542","Sutter County",2014-05-01,169,22,30,28,191,58,3.29310344827586
"14543","Sutter County",2014-06-01,175,27,44,28,202,72,2.80555555555556
"14544","Sutter County",2014-07-01,143,23,57,19,166,76,2.18421052631579
"14545","Sutter County",2014-08-01,144,24,51,25,168,76,2.21052631578947
"14546","Sutter County",2014-09-01,169,27,33,23,196,56,3.5
"14547","Sutter County",2014-10-01,155,26,44,21,181,65,2.78461538461538
"14548","Sutter County",2014-11-01,129,26,49,10,155,59,2.6271186440678
"14549","Sutter County",2014-12-01,147,26,26,13,173,39,4.43589743589744
"14550","Sutter County",2015-01-01,143,24,44,12,167,56,2.98214285714286
"14551","Sutter County",2015-02-01,144,26,40,12,170,52,3.26923076923077
"14552","Sutter County",2015-03-01,132,21,38,23,153,61,2.50819672131148
"14553","Sutter County",2015-04-01,130,21,48,17,151,65,2.32307692307692
"14554","Sutter County",2015-05-01,146,21,40,16,167,56,2.98214285714286
"14555","Sutter County",2015-06-01,128,21,36,16,149,52,2.86538461538462
"14556","Sutter County",2015-07-01,149,22,37,17,171,54,3.16666666666667
"14557","Sutter County",2015-08-01,144,25,52,17,169,69,2.44927536231884
"14558","Sutter County",2015-09-01,147,31,61,21,178,82,2.17073170731707
"14559","Sutter County",2015-10-01,144,30,65,21,174,86,2.02325581395349
"14560","Sutter County",2015-11-01,138,31,46,14,169,60,2.81666666666667
"14561","Sutter County",2015-12-01,121,32,53,14,153,67,2.28358208955224
"14562","Sutter County",2016-01-01,136,29,55,18,165,73,2.26027397260274
"14563","Sutter County",2016-02-01,157,26,40,14,183,54,3.38888888888889
"14564","Sutter County",2016-03-01,137,31,42,22,168,64,2.625
"14565","Sutter County",2016-04-01,132,24,49,23,156,72,2.16666666666667
"14566","Sutter County",2016-05-01,118,27,45,15,145,60,2.41666666666667
"14567","Sutter County",2016-06-01,116,25,42,12,141,54,2.61111111111111
"14568","Sutter County",2016-07-01,123,20,42,15,143,57,2.50877192982456
"14569","Sutter County",2016-08-01,139,19,40,16,158,56,2.82142857142857
"14570","Sutter County",2016-09-01,136,22,45,12,158,57,2.7719298245614
"14571","Sutter County",2016-10-01,126,23,39,19,149,58,2.56896551724138
"14572","Sutter County",2016-11-01,127,25,37,14,152,51,2.98039215686275
"14573","Sutter County",2016-12-01,121,25,49,14,146,63,2.31746031746032
"14574","Sutter County",2017-01-01,131,23,52,10,154,62,2.48387096774194
"14575","Sutter County",2017-02-01,128,24,41,13,152,54,2.81481481481481
"14576","Sutter County",2017-03-01,148,17,45,11,165,56,2.94642857142857
"14577","Sutter County",2017-04-01,179,19,48,15,198,63,3.14285714285714
"14578","Sutter County",2017-05-01,176,22,44,23,198,67,2.95522388059702
"14579","Sutter County",2017-06-01,144,12,61,18,156,79,1.9746835443038
"14580","Sutter County",2017-07-01,152,5,64,27,157,91,1.72527472527473
"14581","Sutter County",2017-08-01,156,5,54,36,161,90,1.78888888888889
"14582","Sutter County",2017-09-01,143,9,50,25,152,75,2.02666666666667
"14583","Sutter County",2017-10-01,129,6,52,24,135,76,1.77631578947368
"14584","Sutter County",2017-11-01,138,5,63,22,143,85,1.68235294117647
"14585","Sutter County",2017-12-01,135,7,46,22,142,68,2.08823529411765
"14586","Sutter County",2018-01-01,132,14,54,25,146,79,1.84810126582278
"14587","Sutter County",2018-02-01,134,14,49,26,148,75,1.97333333333333
"14588","Sutter County",2018-03-01,131,17,45,25,148,70,2.11428571428571
"14589","Sutter County",2018-04-01,131,18,50,24,149,74,2.01351351351351
"14590","Sutter County",2018-05-01,138,12,52,22,150,74,2.02702702702703
"14591","Sutter County",2018-06-01,123,19,60,31,142,91,1.56043956043956
"14592","Sutter County",2018-07-01,128,15,69,23,143,92,1.55434782608696
"14593","Sutter County",2018-08-01,116,12,52,19,128,71,1.80281690140845
"14594","Sutter County",2018-09-01,0,0,0,0,0,0,NA
"14595","Sutter County",2018-10-01,118,16,51,12,134,63,2.12698412698413
"14596","Sutter County",2018-11-01,133,13,54,10,146,64,2.28125
"14597","Sutter County",2018-12-01,118,11,51,11,129,62,2.08064516129032
"14598","Sutter County",2019-01-01,112,12,41,9,124,50,2.48
"14599","Sutter County",2019-02-01,126,21,45,9,147,54,2.72222222222222
"14600","Sutter County",2019-03-01,137,12,39,16,149,55,2.70909090909091
"14601","Sutter County",2019-04-01,139,20,41,14,159,55,2.89090909090909
"14602","Sutter County",2019-05-01,139,17,43,25,156,68,2.29411764705882
"14603","Sutter County",2019-06-01,126,23,50,17,149,67,2.22388059701493
"14604","Sutter County",2019-07-01,151,33,47,14,184,61,3.01639344262295
"14605","Sutter County",2019-08-01,145,30,53,14,175,67,2.61194029850746
"14606","Sutter County",2019-09-01,129,33,44,10,162,54,3
"14607","Sutter County",2019-10-01,119,28,56,11,147,67,2.19402985074627
"14608","Sutter County",2019-11-01,141,25,58,14,166,72,2.30555555555556
"14609","Sutter County",2019-12-01,138,25,75,12,163,87,1.8735632183908
"14610","Sutter County",2020-01-01,120,23,56,9,143,65,2.2
"14611","Sutter County",2020-02-01,120,21,55,10,141,65,2.16923076923077
"14612","Sutter County",2020-03-01,130,10,29,3,140,32,4.375
"14613","Tehama County",1995-10-01,32,4,82,15,36,97,0.371134020618557
"14614","Tehama County",1995-11-01,38,5,92,15,43,107,0.401869158878505
"14615","Tehama County",1995-12-01,36,3,87,15,39,102,0.382352941176471
"14616","Tehama County",1996-01-01,35,7,90,14,42,104,0.403846153846154
"14617","Tehama County",1996-02-01,40,8,97,15,48,112,0.428571428571429
"14618","Tehama County",1996-03-01,42,8,101,15,50,116,0.431034482758621
"14619","Tehama County",1996-04-01,42,8,100,15,50,115,0.434782608695652
"14620","Tehama County",1996-05-01,44,7,103,11,51,114,0.447368421052632
"14621","Tehama County",1996-06-01,46,6,98,14,52,112,0.464285714285714
"14622","Tehama County",1996-07-01,44,4,86,13,48,99,0.484848484848485
"14623","Tehama County",1996-08-01,37,8,81,11,45,92,0.489130434782609
"14624","Tehama County",1996-09-01,42,6,63,14,48,77,0.623376623376623
"14625","Tehama County",1996-10-01,37,5,74,13,42,87,0.482758620689655
"14626","Tehama County",1996-11-01,40,6,78,12,46,90,0.511111111111111
"14627","Tehama County",1996-12-01,34,6,84,9,40,93,0.43010752688172
"14628","Tehama County",1997-01-01,40,7,91,10,47,101,0.465346534653465
"14629","Tehama County",1997-02-01,60,5,88,9,65,97,0.670103092783505
"14630","Tehama County",1997-03-01,73,10,74,10,83,84,0.988095238095238
"14631","Tehama County",1997-04-01,165,17,0,0,182,0,Inf
"14632","Tehama County",1997-05-01,0,0,19,172,0,191,0
"14633","Tehama County",1997-06-01,0,0,168,23,0,191,0
"14634","Tehama County",1997-07-01,0,0,158,23,0,181,0
"14635","Tehama County",1997-08-01,0,0,165,19,0,184,0
"14636","Tehama County",1997-09-01,0,0,193,24,0,217,0
"14637","Tehama County",1997-10-01,0,0,198,18,0,216,0
"14638","Tehama County",1997-11-01,0,0,190,19,0,209,0
"14639","Tehama County",1997-12-01,0,0,176,19,0,195,0
"14640","Tehama County",1998-01-01,0,0,155,38,0,193,0
"14641","Tehama County",1998-02-01,0,0,162,46,0,208,0
"14642","Tehama County",1998-03-01,0,0,182,23,0,205,0
"14643","Tehama County",1998-04-01,0,0,188,24,0,212,0
"14644","Tehama County",1998-05-01,0,0,25,196,0,221,0
"14645","Tehama County",1998-06-01,0,0,48,178,0,226,0
"14646","Tehama County",1998-07-01,0,0,207,19,0,226,0
"14647","Tehama County",1998-08-01,0,0,191,23,0,214,0
"14648","Tehama County",1998-09-01,0,0,183,22,0,205,0
"14649","Tehama County",1998-10-01,0,0,177,22,0,199,0
"14650","Tehama County",1998-11-01,0,0,172,21,0,193,0
"14651","Tehama County",1998-12-01,0,0,162,23,0,185,0
"14652","Tehama County",1999-01-01,0,0,176,21,0,197,0
"14653","Tehama County",1999-02-01,0,0,180,20,0,200,0
"14654","Tehama County",1999-03-01,0,0,193,21,0,214,0
"14655","Tehama County",1999-04-01,0,0,192,17,0,209,0
"14656","Tehama County",1999-05-01,0,0,193,20,0,213,0
"14657","Tehama County",1999-06-01,0,0,203,18,0,221,0
"14658","Tehama County",1999-07-01,138,11,66,9,149,75,1.98666666666667
"14659","Tehama County",1999-08-01,134,12,58,11,146,69,2.11594202898551
"14660","Tehama County",1999-09-01,127,12,59,11,139,70,1.98571428571429
"14661","Tehama County",1999-10-01,127,8,69,9,135,78,1.73076923076923
"14662","Tehama County",1999-11-01,108,8,74,8,116,82,1.41463414634146
"14663","Tehama County",1999-12-01,94,11,69,6,105,75,1.4
"14664","Tehama County",2000-01-01,109,13,62,7,122,69,1.76811594202899
"14665","Tehama County",2000-02-01,120,9,76,9,129,85,1.51764705882353
"14666","Tehama County",2000-03-01,115,11,80,10,126,90,1.4
"14667","Tehama County",2000-04-01,100,11,88,7,111,95,1.16842105263158
"14668","Tehama County",2000-05-01,96,11,88,8,107,96,1.11458333333333
"14669","Tehama County",2000-06-01,95,12,77,8,107,85,1.25882352941176
"14670","Tehama County",2000-07-01,86,15,73,7,101,80,1.2625
"14671","Tehama County",2000-08-01,82,15,70,9,97,79,1.22784810126582
"14672","Tehama County",2000-09-01,81,12,78,12,93,90,1.03333333333333
"14673","Tehama County",2000-10-01,85,13,88,12,98,100,0.98
"14674","Tehama County",2000-11-01,74,10,89,13,84,102,0.823529411764706
"14675","Tehama County",2000-12-01,80,8,84,17,88,101,0.871287128712871
"14676","Tehama County",2001-01-01,72,11,84,13,83,97,0.855670103092783
"14677","Tehama County",2001-02-01,70,11,88,12,81,100,0.81
"14678","Tehama County",2001-03-01,71,9,83,14,80,97,0.824742268041237
"14679","Tehama County",2001-04-01,88,9,75,12,97,87,1.11494252873563
"14680","Tehama County",2001-05-01,96,15,65,11,111,76,1.46052631578947
"14681","Tehama County",2001-06-01,93,15,69,11,108,80,1.35
"14682","Tehama County",2001-07-01,95,19,76,8,114,84,1.35714285714286
"14683","Tehama County",2001-08-01,86,11,75,13,97,88,1.10227272727273
"14684","Tehama County",2001-09-01,107,14,61,13,121,74,1.63513513513514
"14685","Tehama County",2001-10-01,99,17,57,10,116,67,1.73134328358209
"14686","Tehama County",2001-11-01,83,14,60,12,97,72,1.34722222222222
"14687","Tehama County",2001-12-01,86,50,12,10,136,22,6.18181818181818
"14688","Tehama County",2002-01-01,84,17,52,7,101,59,1.71186440677966
"14689","Tehama County",2002-02-01,92,16,63,10,108,73,1.47945205479452
"14690","Tehama County",2002-03-01,88,11,70,11,99,81,1.22222222222222
"14691","Tehama County",2002-04-01,85,13,72,11,98,83,1.18072289156627
"14692","Tehama County",2002-05-01,19,2,29,2,21,31,0.67741935483871
"14693","Tehama County",2002-06-01,13,3,28,3,16,31,0.516129032258065
"14694","Tehama County",2002-07-01,85,12,72,13,97,85,1.14117647058824
"14695","Tehama County",2002-08-01,15,4,27,3,19,30,0.633333333333333
"14696","Tehama County",2002-09-01,13,2,26,3,15,29,0.517241379310345
"14697","Tehama County",2002-10-01,79,14,74,11,93,85,1.09411764705882
"14698","Tehama County",2002-11-01,18,4,26,1,22,27,0.814814814814815
"14699","Tehama County",2002-12-01,18,3,24,1,21,25,0.84
"14700","Tehama County",2003-01-01,19,5,23,3,24,26,0.923076923076923
"14701","Tehama County",2003-02-01,15,4,20,2,19,22,0.863636363636364
"14702","Tehama County",2003-03-01,72,11,73,12,83,85,0.976470588235294
"14703","Tehama County",2003-04-01,70,9,77,13,79,90,0.877777777777778
"14704","Tehama County",2003-05-01,66,8,75,11,74,86,0.86046511627907
"14705","Tehama County",2003-06-01,81,14,80,10,95,90,1.05555555555556
"14706","Tehama County",2003-07-01,21,4,20,1,25,21,1.19047619047619
"14707","Tehama County",2003-08-01,72,11,74,14,83,88,0.943181818181818
"14708","Tehama County",2003-09-01,19,4,22,5,23,27,0.851851851851852
"14709","Tehama County",2003-10-01,26,3,24,3,29,27,1.07407407407407
"14710","Tehama County",2003-11-01,105,13,67,13,118,80,1.475
"14711","Tehama County",2003-12-01,28,1,23,4,29,27,1.07407407407407
"14712","Tehama County",2004-01-01,29,3,21,4,32,25,1.28
"14713","Tehama County",2004-02-01,31,3,21,4,34,25,1.36
"14714","Tehama County",2004-03-01,31,5,24,5,36,29,1.24137931034483
"14715","Tehama County",2004-04-01,89,10,76,15,99,91,1.08791208791209
"14716","Tehama County",2004-05-01,31,5,31,5,36,36,1
"14717","Tehama County",2004-06-01,28,5,25,5,33,30,1.1
"14718","Tehama County",2004-07-01,84,18,82,15,102,97,1.05154639175258
"14719","Tehama County",2004-08-01,89,21,76,14,110,90,1.22222222222222
"14720","Tehama County",2004-09-01,88,17,64,19,105,83,1.26506024096386
"14721","Tehama County",2004-10-01,85,13,53,23,98,76,1.28947368421053
"14722","Tehama County",2004-11-01,91,16,50,23,107,73,1.46575342465753
"14723","Tehama County",2004-12-01,78,16,50,20,94,70,1.34285714285714
"14724","Tehama County",2005-01-01,74,19,56,19,93,75,1.24
"14725","Tehama County",2005-02-01,92,17,55,21,109,76,1.43421052631579
"14726","Tehama County",2005-03-01,96,19,53,17,115,70,1.64285714285714
"14727","Tehama County",2005-04-01,94,12,57,17,106,74,1.43243243243243
"14728","Tehama County",2005-05-01,89,16,52,14,105,66,1.59090909090909
"14729","Tehama County",2005-06-01,91,16,47,15,107,62,1.7258064516129
"14730","Tehama County",2005-07-01,84,20,49,17,104,66,1.57575757575758
"14731","Tehama County",2005-08-01,97,23,53,20,120,73,1.64383561643836
"14732","Tehama County",2005-09-01,98,24,50,20,122,70,1.74285714285714
"14733","Tehama County",2005-10-01,88,21,54,19,109,73,1.49315068493151
"14734","Tehama County",2005-11-01,91,18,59,18,109,77,1.41558441558442
"14735","Tehama County",2005-12-01,78,14,58,18,92,76,1.21052631578947
"14736","Tehama County",2006-01-01,82,16,59,20,98,79,1.24050632911392
"14737","Tehama County",2006-02-01,84,23,53,14,107,67,1.59701492537313
"14738","Tehama County",2006-03-01,82,20,59,16,102,75,1.36
"14739","Tehama County",2006-04-01,71,17,65,16,88,81,1.08641975308642
"14740","Tehama County",2006-05-01,77,16,71,16,93,87,1.06896551724138
"14741","Tehama County",2006-06-01,91,13,59,12,104,71,1.46478873239437
"14742","Tehama County",2006-07-01,102,16,56,12,118,68,1.73529411764706
"14743","Tehama County",2006-08-01,95,9,61,17,104,78,1.33333333333333
"14744","Tehama County",2006-09-01,87,20,56,17,107,73,1.46575342465753
"14745","Tehama County",2006-10-01,101,16,55,14,117,69,1.69565217391304
"14746","Tehama County",2006-11-01,105,20,63,16,125,79,1.58227848101266
"14747","Tehama County",2006-12-01,99,18,63,17,117,80,1.4625
"14748","Tehama County",2007-01-01,104,13,65,19,117,84,1.39285714285714
"14749","Tehama County",2007-02-01,104,14,69,16,118,85,1.38823529411765
"14750","Tehama County",2007-03-01,105,19,64,14,124,78,1.58974358974359
"14751","Tehama County",2007-04-01,95,16,70,15,111,85,1.30588235294118
"14752","Tehama County",2007-05-01,88,19,60,16,107,76,1.40789473684211
"14753","Tehama County",2007-06-01,85,20,59,14,105,73,1.43835616438356
"14754","Tehama County",2007-07-01,97,19,55,14,116,69,1.68115942028985
"14755","Tehama County",2007-08-01,92,13,63,20,105,83,1.26506024096386
"14756","Tehama County",2007-09-01,92,17,57,22,109,79,1.37974683544304
"14757","Tehama County",2007-10-01,86,13,54,18,99,72,1.375
"14758","Tehama County",2007-11-01,79,11,60,18,90,78,1.15384615384615
"14759","Tehama County",2007-12-01,77,9,57,17,86,74,1.16216216216216
"14760","Tehama County",2008-01-01,80,12,64,15,92,79,1.16455696202532
"14761","Tehama County",2008-02-01,91,15,73,15,106,88,1.20454545454545
"14762","Tehama County",2008-03-01,80,16,69,19,96,88,1.09090909090909
"14763","Tehama County",2008-04-01,72,11,66,27,83,93,0.89247311827957
"14764","Tehama County",2008-05-01,75,12,68,23,87,91,0.956043956043956
"14765","Tehama County",2008-06-01,73,13,63,23,86,86,1
"14766","Tehama County",2008-07-01,78,12,70,21,90,91,0.989010989010989
"14767","Tehama County",2008-08-01,72,10,71,15,82,86,0.953488372093023
"14768","Tehama County",2008-09-01,71,13,65,17,84,82,1.02439024390244
"14769","Tehama County",2008-10-01,86,14,56,18,100,74,1.35135135135135
"14770","Tehama County",2008-11-01,92,12,57,23,104,80,1.3
"14771","Tehama County",2008-12-01,83,13,63,17,96,80,1.2
"14772","Tehama County",2009-01-01,73,14,69,12,87,81,1.07407407407407
"14773","Tehama County",2009-02-01,69,19,68,9,88,77,1.14285714285714
"14774","Tehama County",2009-03-01,72,18,66,13,90,79,1.13924050632911
"14775","Tehama County",2009-04-01,89,20,64,15,109,79,1.37974683544304
"14776","Tehama County",2009-05-01,96,24,68,15,120,83,1.44578313253012
"14777","Tehama County",2009-06-01,100,21,64,17,121,81,1.49382716049383
"14778","Tehama County",2009-07-01,106,18,65,19,124,84,1.47619047619048
"14779","Tehama County",2009-08-01,100,19,70,14,119,84,1.41666666666667
"14780","Tehama County",2009-09-01,86,17,66,14,103,80,1.2875
"14781","Tehama County",2009-10-01,94,14,61,21,108,82,1.31707317073171
"14782","Tehama County",2009-11-01,104,14,60,24,118,84,1.4047619047619
"14783","Tehama County",2009-12-01,88,19,55,18,107,73,1.46575342465753
"14784","Tehama County",2010-01-01,87,17,61,16,104,77,1.35064935064935
"14785","Tehama County",2010-02-01,84,14,56,8,98,64,1.53125
"14786","Tehama County",2010-03-01,86,13,60,15,99,75,1.32
"14787","Tehama County",2010-04-01,92,14,59,14,106,73,1.45205479452055
"14788","Tehama County",2010-05-01,101,15,53,10,116,63,1.84126984126984
"14789","Tehama County",2010-06-01,101,19,46,12,120,58,2.06896551724138
"14790","Tehama County",2010-07-01,100,15,41,16,115,57,2.01754385964912
"14791","Tehama County",2010-08-01,105,16,43,16,121,59,2.05084745762712
"14792","Tehama County",2010-09-01,118,16,42,15,134,57,2.35087719298246
"14793","Tehama County",2010-10-01,124,14,39,12,138,51,2.70588235294118
"14794","Tehama County",2010-11-01,121,14,43,10,135,53,2.54716981132075
"14795","Tehama County",2010-12-01,114,14,32,12,128,44,2.90909090909091
"14796","Tehama County",2011-01-01,105,13,40,11,118,51,2.31372549019608
"14797","Tehama County",2011-02-01,99,15,50,14,114,64,1.78125
"14798","Tehama County",2011-03-01,90,13,50,11,103,61,1.68852459016393
"14799","Tehama County",2011-04-01,93,17,46,9,110,55,2
"14800","Tehama County",2011-05-01,95,15,50,9,110,59,1.86440677966102
"14801","Tehama County",2011-06-01,105,11,59,15,116,74,1.56756756756757
"14802","Tehama County",2011-07-01,112,15,52,10,127,62,2.04838709677419
"14803","Tehama County",2011-08-01,110,16,47,11,126,58,2.17241379310345
"14804","Tehama County",2011-09-01,114,16,46,18,130,64,2.03125
"14805","Tehama County",2011-10-01,115,13,52,12,128,64,2
"14806","Tehama County",2011-11-01,107,12,55,13,119,68,1.75
"14807","Tehama County",2011-12-01,100,14,56,12,114,68,1.67647058823529
"14808","Tehama County",2012-01-01,108,18,53,6,126,59,2.13559322033898
"14809","Tehama County",2012-02-01,92,16,64,5,108,69,1.56521739130435
"14810","Tehama County",2012-03-01,96,18,70,13,114,83,1.37349397590361
"14811","Tehama County",2012-04-01,98,18,70,14,116,84,1.38095238095238
"14812","Tehama County",2012-05-01,110,16,68,16,126,84,1.5
"14813","Tehama County",2012-06-01,97,19,74,14,116,88,1.31818181818182
"14814","Tehama County",2012-07-01,101,16,71,9,117,80,1.4625
"14815","Tehama County",2012-08-01,88,16,73,16,104,89,1.1685393258427
"14816","Tehama County",2012-09-01,88,16,73,16,104,89,1.1685393258427
"14817","Tehama County",2012-10-01,97,16,65,15,113,80,1.4125
"14818","Tehama County",2012-11-01,108,17,73,11,125,84,1.48809523809524
"14819","Tehama County",2012-12-01,91,20,73,8,111,81,1.37037037037037
"14820","Tehama County",2013-01-01,88,15,68,12,103,80,1.2875
"14821","Tehama County",2013-02-01,91,14,64,13,105,77,1.36363636363636
"14822","Tehama County",2013-03-01,90,13,64,12,103,76,1.35526315789474
"14823","Tehama County",2013-04-01,92,11,79,15,103,94,1.09574468085106
"14824","Tehama County",2013-05-01,85,9,80,15,94,95,0.989473684210526
"14825","Tehama County",2013-06-01,88,7,71,4,95,75,1.26666666666667
"14826","Tehama County",2013-07-01,94,10,54,13,104,67,1.55223880597015
"14827","Tehama County",2013-08-01,108,11,61,4,119,65,1.83076923076923
"14828","Tehama County",2013-09-01,93,12,68,8,105,76,1.38157894736842
"14829","Tehama County",2013-10-01,83,14,61,12,97,73,1.32876712328767
"14830","Tehama County",2013-11-01,88,11,65,9,99,74,1.33783783783784
"14831","Tehama County",2013-12-01,84,12,75,7,96,82,1.17073170731707
"14832","Tehama County",2014-01-01,92,15,68,6,107,74,1.44594594594595
"14833","Tehama County",2014-02-01,100,13,62,8,113,70,1.61428571428571
"14834","Tehama County",2014-03-01,98,10,68,13,108,81,1.33333333333333
"14835","Tehama County",2014-04-01,94,12,72,12,106,84,1.26190476190476
"14836","Tehama County",2014-05-01,92,13,61,10,105,71,1.47887323943662
"14837","Tehama County",2014-06-01,96,9,68,16,105,84,1.25
"14838","Tehama County",2014-07-01,86,7,74,18,93,92,1.01086956521739
"14839","Tehama County",2014-08-01,81,6,83,14,87,97,0.896907216494845
"14840","Tehama County",2014-09-01,83,9,87,13,92,100,0.92
"14841","Tehama County",2014-10-01,77,14,82,12,91,94,0.968085106382979
"14842","Tehama County",2014-11-01,86,16,73,15,102,88,1.15909090909091
"14843","Tehama County",2014-12-01,81,14,71,18,95,89,1.06741573033708
"14844","Tehama County",2015-01-01,82,17,69,17,99,86,1.15116279069767
"14845","Tehama County",2015-02-01,75,14,72,17,89,89,1
"14846","Tehama County",2015-03-01,76,12,80,13,88,93,0.946236559139785
"14847","Tehama County",2015-04-01,82,11,77,14,93,91,1.02197802197802
"14848","Tehama County",2015-05-01,89,14,76,14,103,90,1.14444444444444
"14849","Tehama County",2015-06-01,100,13,72,14,113,86,1.31395348837209
"14850","Tehama County",2015-07-01,98,12,69,6,110,75,1.46666666666667
"14851","Tehama County",2015-08-01,98,17,54,8,115,62,1.85483870967742
"14852","Tehama County",2015-09-01,101,17,57,11,118,68,1.73529411764706
"14853","Tehama County",2015-10-01,91,19,70,15,110,85,1.29411764705882
"14854","Tehama County",2015-11-01,89,14,73,19,103,92,1.1195652173913
"14855","Tehama County",2015-12-01,84,15,76,18,99,94,1.0531914893617
"14856","Tehama County",2016-01-01,90,18,68,21,108,89,1.21348314606742
"14857","Tehama County",2016-02-01,90,17,72,22,107,94,1.13829787234043
"14858","Tehama County",2016-03-01,95,15,70,22,110,92,1.19565217391304
"14859","Tehama County",2016-04-01,95,11,73,24,106,97,1.09278350515464
"14860","Tehama County",2016-05-01,98,13,68,22,111,90,1.23333333333333
"14861","Tehama County",2016-06-01,103,11,66,20,114,86,1.32558139534884
"14862","Tehama County",2016-07-01,102,16,70,17,118,87,1.35632183908046
"14863","Tehama County",2016-08-01,109,16,71,15,125,86,1.45348837209302
"14864","Tehama County",2016-09-01,94,12,71,17,106,88,1.20454545454545
"14865","Tehama County",2016-10-01,89,13,74,14,102,88,1.15909090909091
"14866","Tehama County",2016-11-01,104,12,63,13,116,76,1.52631578947368
"14867","Tehama County",2016-12-01,99,10,62,14,109,76,1.43421052631579
"14868","Tehama County",2017-01-01,104,11,69,12,115,81,1.41975308641975
"14869","Tehama County",2017-02-01,98,15,71,15,113,86,1.31395348837209
"14870","Tehama County",2017-03-01,100,12,66,13,112,79,1.41772151898734
"14871","Tehama County",2017-04-01,100,14,64,11,114,75,1.52
"14872","Tehama County",2017-05-01,102,15,61,10,117,71,1.64788732394366
"14873","Tehama County",2017-06-01,94,15,58,11,109,69,1.57971014492754
"14874","Tehama County",2017-07-01,108,16,53,15,124,68,1.82352941176471
"14875","Tehama County",2017-08-01,104,12,58,14,116,72,1.61111111111111
"14876","Tehama County",2017-09-01,100,14,60,16,114,76,1.5
"14877","Tehama County",2017-10-01,105,12,53,19,117,72,1.625
"14878","Tehama County",2017-11-01,101,11,63,17,112,80,1.4
"14879","Tehama County",2017-12-01,97,13,63,16,110,79,1.39240506329114
"14880","Tehama County",2018-01-01,98,17,64,12,115,76,1.51315789473684
"14881","Tehama County",2018-02-01,100,17,66,8,117,74,1.58108108108108
"14882","Tehama County",2018-03-01,102,19,62,11,121,73,1.65753424657534
"14883","Tehama County",2018-04-01,104,23,56,13,127,69,1.84057971014493
"14884","Tehama County",2018-05-01,102,24,57,13,126,70,1.8
"14885","Tehama County",2018-06-01,91,11,66,14,102,80,1.275
"14886","Tehama County",2018-07-01,NA,NA,NA,NA,NA,NA,NA
"14887","Tehama County",2018-08-01,101,17,58,16,118,74,1.59459459459459
"14888","Tehama County",2018-09-01,108,16,54,16,124,70,1.77142857142857
"14889","Tehama County",2018-10-01,115,10,56,17,125,73,1.71232876712329
"14890","Tehama County",2018-11-01,53,12,59,9,65,68,0.955882352941177
"14891","Tehama County",2018-12-01,102,13,64,14,115,78,1.47435897435897
"14892","Tehama County",2019-01-01,101,18,55,16,119,71,1.67605633802817
"14893","Tehama County",2019-02-01,105,14,52,20,119,72,1.65277777777778
"14894","Tehama County",2019-03-01,98,15,58,19,113,77,1.46753246753247
"14895","Tehama County",2019-04-01,96,18,60,18,114,78,1.46153846153846
"14896","Tehama County",2019-05-01,97,22,57,11,119,68,1.75
"14897","Tehama County",2019-06-01,89,24,62,8,113,70,1.61428571428571
"14898","Tehama County",2019-07-01,47,10,35,6,57,41,1.39024390243902
"14899","Tehama County",2019-08-01,87,15,64,15,102,79,1.29113924050633
"14900","Tehama County",2019-09-01,88,17,54,15,105,69,1.52173913043478
"14901","Tehama County",2019-10-01,88,14,65,18,102,83,1.2289156626506
"14902","Tehama County",2019-11-01,73,17,65,19,90,84,1.07142857142857
"14903","Tehama County",2019-12-01,73,16,63,17,89,80,1.1125
"14904","Tehama County",2020-01-01,75,19,70,16,94,86,1.09302325581395
"14905","Tehama County",2020-02-01,76,17,66,13,93,79,1.17721518987342
"14906","Tehama County",2020-03-01,81,12,62,11,93,73,1.27397260273973
"14907","Trinity County",1995-10-01,12,3,14,1,15,15,1
"14908","Trinity County",1995-11-01,14,2,12,0,16,12,1.33333333333333
"14909","Trinity County",1995-12-01,12,1,12,1,13,13,1
"14910","Trinity County",1996-01-01,16,1,12,2,17,14,1.21428571428571
"14911","Trinity County",1996-02-01,10,1,12,0,11,12,0.916666666666667
"14912","Trinity County",1996-03-01,13,1,18,2,14,20,0.7
"14913","Trinity County",1996-04-01,16,0,15,4,16,19,0.842105263157895
"14914","Trinity County",1996-05-01,13,1,14,2,14,16,0.875
"14915","Trinity County",1996-06-01,10,0,16,3,10,19,0.526315789473684
"14916","Trinity County",1996-07-01,13,0,15,2,13,17,0.764705882352941
"14917","Trinity County",1996-08-01,11,1,11,1,12,12,1
"14918","Trinity County",1996-09-01,11,0,11,2,11,13,0.846153846153846
"14919","Trinity County",1996-10-01,18,1,17,1,19,18,1.05555555555556
"14920","Trinity County",1996-11-01,16,1,13,0,17,13,1.30769230769231
"14921","Trinity County",1996-12-01,17,0,15,2,17,17,1
"14922","Trinity County",1997-01-01,16,1,15,2,17,17,1
"14923","Trinity County",1997-02-01,18,1,16,2,19,18,1.05555555555556
"14924","Trinity County",1997-03-01,17,1,21,2,18,23,0.782608695652174
"14925","Trinity County",1997-04-01,19,1,21,3,20,24,0.833333333333333
"14926","Trinity County",1997-05-01,25,2,14,3,27,17,1.58823529411765
"14927","Trinity County",1997-06-01,20,3,22,3,23,25,0.92
"14928","Trinity County",1997-07-01,24,1,17,4,25,21,1.19047619047619
"14929","Trinity County",1997-08-01,29,2,17,3,31,20,1.55
"14930","Trinity County",1997-09-01,28,2,20,2,30,22,1.36363636363636
"14931","Trinity County",1997-10-01,21,1,28,2,22,30,0.733333333333333
"14932","Trinity County",1997-11-01,21,2,20,3,23,23,1
"14933","Trinity County",1997-12-01,19,3,22,1,22,23,0.956521739130435
"14934","Trinity County",1998-01-01,25,3,16,2,28,18,1.55555555555556
"14935","Trinity County",1998-02-01,24,4,16,4,28,20,1.4
"14936","Trinity County",1998-03-01,31,4,20,5,35,25,1.4
"14937","Trinity County",1998-04-01,28,7,22,3,35,25,1.4
"14938","Trinity County",1998-05-01,24,5,23,5,29,28,1.03571428571429
"14939","Trinity County",1998-06-01,23,3,21,6,26,27,0.962962962962963
"14940","Trinity County",1998-07-01,29,3,17,6,32,23,1.39130434782609
"14941","Trinity County",1998-08-01,27,4,17,3,31,20,1.55
"14942","Trinity County",1998-09-01,28,4,16,3,32,19,1.68421052631579
"14943","Trinity County",1998-10-01,28,4,22,3,32,25,1.28
"14944","Trinity County",1998-11-01,19,5,23,2,24,25,0.96
"14945","Trinity County",1998-12-01,17,2,22,1,19,23,0.826086956521739
"14946","Trinity County",1999-01-01,15,3,27,4,18,31,0.580645161290323
"14947","Trinity County",1999-02-01,14,4,21,5,18,26,0.692307692307692
"14948","Trinity County",1999-03-01,15,5,20,4,20,24,0.833333333333333
"14949","Trinity County",1999-04-01,11,5,15,5,16,20,0.8
"14950","Trinity County",1999-05-01,12,5,14,3,17,17,1
"14951","Trinity County",1999-06-01,9,4,16,5,13,21,0.619047619047619
"14952","Trinity County",1999-07-01,14,4,14,3,18,17,1.05882352941176
"14953","Trinity County",1999-08-01,12,3,12,3,15,15,1
"14954","Trinity County",1999-09-01,13,3,18,5,16,23,0.695652173913043
"14955","Trinity County",1999-10-01,14,4,14,3,18,17,1.05882352941176
"14956","Trinity County",1999-11-01,12,3,12,3,15,15,1
"14957","Trinity County",1999-12-01,13,3,18,5,16,23,0.695652173913043
"14958","Trinity County",2000-01-01,14,4,18,1,18,19,0.947368421052632
"14959","Trinity County",2000-02-01,15,3,20,2,18,22,0.818181818181818
"14960","Trinity County",2000-03-01,18,6,19,3,24,22,1.09090909090909
"14961","Trinity County",2000-04-01,13,5,23,4,18,27,0.666666666666667
"14962","Trinity County",2000-05-01,16,3,24,6,19,30,0.633333333333333
"14963","Trinity County",2000-06-01,16,3,15,4,19,19,1
"14964","Trinity County",2000-07-01,13,5,17,2,18,19,0.947368421052632
"14965","Trinity County",2000-08-01,17,2,17,4,19,21,0.904761904761905
"14966","Trinity County",2000-09-01,17,3,19,5,20,24,0.833333333333333
"14967","Trinity County",2000-10-01,15,2,21,8,17,29,0.586206896551724
"14968","Trinity County",2000-11-01,14,4,20,3,18,23,0.782608695652174
"14969","Trinity County",2000-12-01,11,3,22,6,14,28,0.5
"14970","Trinity County",2001-01-01,11,1,15,6,12,21,0.571428571428571
"14971","Trinity County",2001-02-01,17,3,17,5,20,22,0.909090909090909
"14972","Trinity County",2001-03-01,14,4,10,4,18,14,1.28571428571429
"14973","Trinity County",2001-04-01,20,4,7,2,24,9,2.66666666666667
"14974","Trinity County",2001-05-01,20,5,6,2,25,8,3.125
"14975","Trinity County",2001-06-01,20,2,9,2,22,11,2
"14976","Trinity County",2001-07-01,18,3,7,2,21,9,2.33333333333333
"14977","Trinity County",2001-08-01,17,3,7,2,20,9,2.22222222222222
"14978","Trinity County",2001-09-01,18,5,6,2,23,8,2.875
"14979","Trinity County",2001-10-01,20,8,12,7,28,19,1.47368421052632
"14980","Trinity County",2001-11-01,20,8,12,7,28,19,1.47368421052632
"14981","Trinity County",2001-12-01,20,8,12,7,28,19,1.47368421052632
"14982","Trinity County",2002-01-01,24,4,18,8,28,26,1.07692307692308
"14983","Trinity County",2002-02-01,25,3,19,7,28,26,1.07692307692308
"14984","Trinity County",2002-03-01,31,3,13,7,34,20,1.7
"14985","Trinity County",2002-04-01,27,3,19,3,30,22,1.36363636363636
"14986","Trinity County",2002-05-01,24,2,16,3,26,19,1.36842105263158
"14987","Trinity County",2002-06-01,18,2,21,5,20,26,0.769230769230769
"14988","Trinity County",2002-07-01,21,4,21,4,25,25,1
"14989","Trinity County",2002-08-01,24,3,17,3,27,20,1.35
"14990","Trinity County",2002-09-01,26,5,9,1,31,10,3.1
"14991","Trinity County",2002-10-01,33,5,7,0,38,7,5.42857142857143
"14992","Trinity County",2002-11-01,28,6,11,2,34,13,2.61538461538462
"14993","Trinity County",2002-12-01,28,5,15,2,33,17,1.94117647058824
"14994","Trinity County",2003-01-01,17,3,16,2,20,18,1.11111111111111
"14995","Trinity County",2003-02-01,26,1,15,3,27,18,1.5
"14996","Trinity County",2003-03-01,23,2,14,4,25,18,1.38888888888889
"14997","Trinity County",2003-04-01,23,5,11,3,28,14,2
"14998","Trinity County",2003-05-01,24,5,12,3,29,15,1.93333333333333
"14999","Trinity County",2003-06-01,17,3,14,2,20,16,1.25
"15000","Trinity County",2003-07-01,12,5,11,6,17,17,1
"15001","Trinity County",2003-08-01,11,6,9,2,17,11,1.54545454545455
"15002","Trinity County",2003-09-01,16,6,16,1,22,17,1.29411764705882
"15003","Trinity County",2003-10-01,16,3,16,3,19,19,1
"15004","Trinity County",2003-11-01,21,3,15,3,24,18,1.33333333333333
"15005","Trinity County",2003-12-01,16,4,11,2,20,13,1.53846153846154
"15006","Trinity County",2004-01-01,13,4,12,2,17,14,1.21428571428571
"15007","Trinity County",2004-02-01,17,6,15,0,23,15,1.53333333333333
"15008","Trinity County",2004-03-01,12,7,23,2,19,25,0.76
"15009","Trinity County",2004-04-01,11,8,18,2,19,20,0.95
"15010","Trinity County",2004-05-01,12,8,16,1,20,17,1.17647058823529
"15011","Trinity County",2004-06-01,16,8,14,3,24,17,1.41176470588235
"15012","Trinity County",2004-07-01,23,8,11,6,31,17,1.82352941176471
"15013","Trinity County",2004-08-01,16,6,11,3,22,14,1.57142857142857
"15014","Trinity County",2004-09-01,16,5,14,2,21,16,1.3125
"15015","Trinity County",2004-10-01,13,6,13,5,19,18,1.05555555555556
"15016","Trinity County",2004-11-01,14,4,12,6,18,18,1
"15017","Trinity County",2004-12-01,8,6,17,2,14,19,0.736842105263158
"15018","Trinity County",2005-01-01,10,3,15,1,13,16,0.8125
"15019","Trinity County",2005-02-01,17,3,17,1,20,18,1.11111111111111
"15020","Trinity County",2005-03-01,15,3,15,1,18,16,1.125
"15021","Trinity County",2005-04-01,16,3,20,2,19,22,0.863636363636364
"15022","Trinity County",2005-05-01,17,4,15,4,21,19,1.10526315789474
"15023","Trinity County",2005-06-01,21,5,15,1,26,16,1.625
"15024","Trinity County",2005-07-01,22,7,16,3,29,19,1.52631578947368
"15025","Trinity County",2005-08-01,22,5,14,2,27,16,1.6875
"15026","Trinity County",2005-09-01,21,5,16,5,26,21,1.23809523809524
"15027","Trinity County",2005-10-01,17,7,15,2,24,17,1.41176470588235
"15028","Trinity County",2005-11-01,16,6,20,4,22,24,0.916666666666667
"15029","Trinity County",2005-12-01,13,5,23,3,18,26,0.692307692307692
"15030","Trinity County",2006-01-01,12,5,23,2,17,25,0.68
"15031","Trinity County",2006-02-01,11,4,26,5,15,31,0.483870967741935
"15032","Trinity County",2006-03-01,9,5,25,5,14,30,0.466666666666667
"15033","Trinity County",2006-04-01,16,4,26,4,20,30,0.666666666666667
"15034","Trinity County",2006-05-01,15,7,24,1,22,25,0.88
"15035","Trinity County",2006-06-01,16,8,22,3,24,25,0.96
"15036","Trinity County",2006-07-01,15,7,21,2,22,23,0.956521739130435
"15037","Trinity County",2006-08-01,14,6,20,2,20,22,0.909090909090909
"15038","Trinity County",2006-09-01,12,5,22,1,17,23,0.739130434782609
"15039","Trinity County",2006-10-01,19,5,26,0,24,26,0.923076923076923
"15040","Trinity County",2006-11-01,17,6,25,1,23,26,0.884615384615385
"15041","Trinity County",2006-12-01,14,6,17,2,20,19,1.05263157894737
"15042","Trinity County",2007-01-01,17,6,19,2,23,21,1.0952380952381
"15043","Trinity County",2007-02-01,16,4,16,2,20,18,1.11111111111111
"15044","Trinity County",2007-03-01,15,5,18,1,20,19,1.05263157894737
"15045","Trinity County",2007-04-01,12,5,22,0,17,22,0.772727272727273
"15046","Trinity County",2007-05-01,12,3,24,0,15,24,0.625
"15047","Trinity County",2007-06-01,12,3,19,0,15,19,0.789473684210526
"15048","Trinity County",2007-07-01,13,1,16,1,14,17,0.823529411764706
"15049","Trinity County",2007-08-01,11,1,14,2,12,16,0.75
"15050","Trinity County",2007-09-01,14,3,15,4,17,19,0.894736842105263
"15051","Trinity County",2007-10-01,12,3,16,3,15,19,0.789473684210526
"15052","Trinity County",2007-11-01,12,3,28,5,15,33,0.454545454545455
"15053","Trinity County",2007-12-01,12,2,26,3,14,29,0.482758620689655
"15054","Trinity County",2008-01-01,13,6,22,1,19,23,0.826086956521739
"15055","Trinity County",2008-02-01,13,4,24,2,17,26,0.653846153846154
"15056","Trinity County",2008-03-01,15,4,24,2,19,26,0.730769230769231
"15057","Trinity County",2008-04-01,15,3,24,2,18,26,0.692307692307692
"15058","Trinity County",2008-05-01,13,4,25,3,17,28,0.607142857142857
"15059","Trinity County",2008-06-01,16,5,23,2,21,25,0.84
"15060","Trinity County",2008-07-01,22,4,16,2,26,18,1.44444444444444
"15061","Trinity County",2008-08-01,24,4,15,2,28,17,1.64705882352941
"15062","Trinity County",2008-09-01,18,3,17,3,21,20,1.05
"15063","Trinity County",2008-10-01,18,2,16,2,20,18,1.11111111111111
"15064","Trinity County",2008-11-01,17,3,19,1,20,20,1
"15065","Trinity County",2008-12-01,15,3,26,1,18,27,0.666666666666667
"15066","Trinity County",2009-01-01,17,1,22,2,18,24,0.75
"15067","Trinity County",2009-02-01,14,4,27,2,18,29,0.620689655172414
"15068","Trinity County",2009-03-01,16,1,14,1,17,15,1.13333333333333
"15069","Trinity County",2009-04-01,19,4,18,2,23,20,1.15
"15070","Trinity County",2009-05-01,24,5,10,0,29,10,2.9
"15071","Trinity County",2009-06-01,19,6,9,2,25,11,2.27272727272727
"15072","Trinity County",2009-07-01,13,4,14,2,17,16,1.0625
"15073","Trinity County",2009-08-01,14,5,14,1,19,15,1.26666666666667
"15074","Trinity County",2009-09-01,13,5,18,1,18,19,0.947368421052632
"15075","Trinity County",2009-10-01,17,3,17,2,20,19,1.05263157894737
"15076","Trinity County",2009-11-01,15,4,16,4,19,20,0.95
"15077","Trinity County",2009-12-01,9,4,16,3,13,19,0.684210526315789
"15078","Trinity County",2010-01-01,12,4,18,3,16,21,0.761904761904762
"15079","Trinity County",2010-02-01,16,4,16,3,20,19,1.05263157894737
"15080","Trinity County",2010-03-01,14,2,15,4,16,19,0.842105263157895
"15081","Trinity County",2010-04-01,10,3,15,5,13,20,0.65
"15082","Trinity County",2010-05-01,12,3,16,4,15,20,0.75
"15083","Trinity County",2010-06-01,11,3,17,3,14,20,0.7
"15084","Trinity County",2010-07-01,12,4,18,3,16,21,0.761904761904762
"15085","Trinity County",2010-08-01,11,4,19,7,15,26,0.576923076923077
"15086","Trinity County",2010-09-01,15,2,19,5,17,24,0.708333333333333
"15087","Trinity County",2010-10-01,10,2,25,9,12,34,0.352941176470588
"15088","Trinity County",2010-11-01,14,4,24,6,18,30,0.6
"15089","Trinity County",2010-12-01,17,3,27,4,20,31,0.645161290322581
"15090","Trinity County",2011-01-01,13,3,24,4,16,28,0.571428571428571
"15091","Trinity County",2011-02-01,12,3,21,3,15,24,0.625
"15092","Trinity County",2011-03-01,14,2,25,2,16,27,0.592592592592593
"15093","Trinity County",2011-04-01,14,3,29,2,17,31,0.548387096774194
"15094","Trinity County",2011-05-01,12,3,27,3,15,30,0.5
"15095","Trinity County",2011-06-01,13,1,30,3,14,33,0.424242424242424
"15096","Trinity County",2011-07-01,17,3,45,5,20,50,0.4
"15097","Trinity County",2011-08-01,14,1,30,7,15,37,0.405405405405405
"15098","Trinity County",2011-09-01,15,2,25,9,17,34,0.5
"15099","Trinity County",2011-10-01,12,2,31,9,14,40,0.35
"15100","Trinity County",2011-11-01,10,2,38,8,12,46,0.260869565217391
"15101","Trinity County",2011-12-01,11,2,32,8,13,40,0.325
"15102","Trinity County",2012-01-01,13,1,35,7,14,42,0.333333333333333
"15103","Trinity County",2012-02-01,16,2,33,5,18,38,0.473684210526316
"15104","Trinity County",2012-03-01,16,3,32,6,19,38,0.5
"15105","Trinity County",2012-04-01,16,4,31,5,20,36,0.555555555555556
"15106","Trinity County",2012-05-01,14,3,30,5,17,35,0.485714285714286
"15107","Trinity County",2012-06-01,15,4,33,4,19,37,0.513513513513513
"15108","Trinity County",2012-07-01,21,4,30,4,25,34,0.735294117647059
"15109","Trinity County",2012-08-01,21,3,31,4,24,35,0.685714285714286
"15110","Trinity County",2012-09-01,18,5,29,2,23,31,0.741935483870968
"15111","Trinity County",2012-10-01,25,7,23,2,32,25,1.28
"15112","Trinity County",2012-11-01,28,7,21,3,35,24,1.45833333333333
"15113","Trinity County",2012-12-01,27,4,25,5,31,30,1.03333333333333
"15114","Trinity County",2013-01-01,18,7,15,3,25,18,1.38888888888889
"15115","Trinity County",2013-02-01,21,7,21,4,28,25,1.12
"15116","Trinity County",2013-03-01,23,6,22,3,29,25,1.16
"15117","Trinity County",2013-04-01,24,7,20,4,31,24,1.29166666666667
"15118","Trinity County",2013-05-01,25,7,25,1,32,26,1.23076923076923
"15119","Trinity County",2013-06-01,32,6,21,2,38,23,1.65217391304348
"15120","Trinity County",2013-07-01,25,5,28,0,30,28,1.07142857142857
"15121","Trinity County",2013-08-01,21,4,24,2,25,26,0.961538461538462
"15122","Trinity County",2013-09-01,25,5,18,0,30,18,1.66666666666667
"15123","Trinity County",2013-10-01,27,4,17,0,31,17,1.82352941176471
"15124","Trinity County",2013-11-01,28,5,16,2,33,18,1.83333333333333
"15125","Trinity County",2013-12-01,33,3,14,1,36,15,2.4
"15126","Trinity County",2014-01-01,24,2,22,2,26,24,1.08333333333333
"15127","Trinity County",2014-02-01,26,2,21,3,28,24,1.16666666666667
"15128","Trinity County",2014-03-01,27,2,17,2,29,19,1.52631578947368
"15129","Trinity County",2014-04-01,27,2,19,4,29,23,1.26086956521739
"15130","Trinity County",2014-05-01,32,3,18,3,35,21,1.66666666666667
"15131","Trinity County",2014-06-01,33,5,15,1,38,16,2.375
"15132","Trinity County",2014-07-01,31,3,15,0,34,15,2.26666666666667
"15133","Trinity County",2014-08-01,35,7,12,1,42,13,3.23076923076923
"15134","Trinity County",2014-09-01,35,4,16,1,39,17,2.29411764705882
"15135","Trinity County",2014-10-01,34,3,16,2,37,18,2.05555555555556
"15136","Trinity County",2014-11-01,28,4,17,1,32,18,1.77777777777778
"15137","Trinity County",2014-12-01,28,5,15,1,33,16,2.0625
"15138","Trinity County",2015-01-01,25,4,13,1,29,14,2.07142857142857
"15139","Trinity County",2015-02-01,31,2,10,0,33,10,3.3
"15140","Trinity County",2015-03-01,35,2,7,0,37,7,5.28571428571429
"15141","Trinity County",2015-04-01,37,5,8,0,42,8,5.25
"15142","Trinity County",2015-05-01,33,4,12,0,37,12,3.08333333333333
"15143","Trinity County",2015-06-01,36,4,11,0,40,11,3.63636363636364
"15144","Trinity County",2015-07-01,35,3,11,0,38,11,3.45454545454545
"15145","Trinity County",2015-08-01,36,4,11,0,40,11,3.63636363636364
"15146","Trinity County",2015-09-01,41,5,9,0,46,9,5.11111111111111
"15147","Trinity County",2015-10-01,39,5,10,2,44,12,3.66666666666667
"15148","Trinity County",2015-11-01,34,6,12,3,40,15,2.66666666666667
"15149","Trinity County",2015-12-01,40,7,10,1,47,11,4.27272727272727
"15150","Trinity County",2016-01-01,40,8,8,0,48,8,6
"15151","Trinity County",2016-02-01,34,6,12,2,40,14,2.85714285714286
"15152","Trinity County",2016-03-01,31,6,10,2,37,12,3.08333333333333
"15153","Trinity County",2016-04-01,32,8,8,0,40,8,5
"15154","Trinity County",2016-05-01,35,6,6,0,41,6,6.83333333333333
"15155","Trinity County",2016-06-01,34,8,11,0,42,11,3.81818181818182
"15156","Trinity County",2016-07-01,34,7,10,0,41,10,4.1
"15157","Trinity County",2016-08-01,33,6,8,0,39,8,4.875
"15158","Trinity County",2016-09-01,39,6,9,0,45,9,5
"15159","Trinity County",2016-10-01,38,6,14,0,44,14,3.14285714285714
"15160","Trinity County",2016-11-01,35,4,13,0,39,13,3
"15161","Trinity County",2016-12-01,34,3,12,0,37,12,3.08333333333333
"15162","Trinity County",2017-01-01,32,2,9,2,34,11,3.09090909090909
"15163","Trinity County",2017-02-01,39,4,7,1,43,8,5.375
"15164","Trinity County",2017-03-01,23,3,21,4,26,25,1.04
"15165","Trinity County",2017-04-01,19,2,19,5,21,24,0.875
"15166","Trinity County",2017-05-01,19,2,17,4,21,21,1
"15167","Trinity County",2017-06-01,24,3,11,4,27,15,1.8
"15168","Trinity County",2017-07-01,30,3,11,5,33,16,2.0625
"15169","Trinity County",2017-08-01,29,1,14,6,30,20,1.5
"15170","Trinity County",2017-09-01,34,1,10,6,35,16,2.1875
"15171","Trinity County",2017-10-01,33,2,17,4,35,21,1.66666666666667
"15172","Trinity County",2017-11-01,32,4,18,6,36,24,1.5
"15173","Trinity County",2017-12-01,0,0,0,0,0,0,NA
"15174","Trinity County",2018-01-01,45,4,6,6,49,12,4.08333333333333
"15175","Trinity County",2018-02-01,0,0,0,0,0,0,NA
"15176","Trinity County",2018-03-01,0,0,0,0,0,0,NA
"15177","Trinity County",2018-04-01,0,0,0,0,0,0,NA
"15178","Trinity County",2018-05-01,0,0,0,0,0,0,NA
"15179","Trinity County",2018-06-01,0,0,0,0,0,0,NA
"15180","Trinity County",2018-07-01,45,5,9,2,50,11,4.54545454545455
"15181","Trinity County",2018-08-01,56,7,6,2,63,8,7.875
"15182","Trinity County",2018-09-01,49,6,7,2,55,9,6.11111111111111
"15183","Trinity County",2018-10-01,46,8,7,2,54,9,6
"15184","Trinity County",2018-11-01,51,9,5,2,60,7,8.57142857142857
"15185","Trinity County",2018-12-01,47,10,5,3,57,8,7.125
"15186","Trinity County",2019-01-01,46,9,5,3,55,8,6.875
"15187","Trinity County",2019-02-01,48,7,5,3,55,8,6.875
"15188","Trinity County",2019-03-01,49,10,4,2,59,6,9.83333333333333
"15189","Trinity County",2019-04-01,52,10,5,1,62,6,10.3333333333333
"15190","Trinity County",2019-05-01,53,11,4,1,64,5,12.8
"15191","Trinity County",2019-06-01,46,9,5,1,55,6,9.16666666666667
"15192","Trinity County",2019-07-01,NA,NA,NA,NA,NA,NA,NA
"15193","Trinity County",2019-08-01,NA,NA,NA,NA,NA,NA,NA
"15194","Trinity County",2019-09-01,NA,NA,NA,NA,NA,NA,NA
"15195","Trinity County",2019-10-01,42,9,5,1,51,6,8.5
"15196","Trinity County",2019-11-01,43,8,6,1,51,7,7.28571428571429
"15197","Trinity County",2019-12-01,40,8,4,2,48,6,8
"15198","Trinity County",2020-01-01,37,10,5,1,47,6,7.83333333333333
"15199","Trinity County",2020-02-01,43,10,4,1,53,5,10.6
"15200","Trinity County",2020-03-01,35,10,12,2,45,14,3.21428571428571
"15201","Tulare County",1995-10-01,477,67,619,98,544,717,0.758716875871688
"15202","Tulare County",1995-11-01,411,62,643,94,473,737,0.641791044776119
"15203","Tulare County",1995-12-01,406,53,649,92,459,741,0.619433198380567
"15204","Tulare County",1996-01-01,424,67,647,86,491,733,0.669849931787176
"15205","Tulare County",1996-02-01,475,78,614,74,553,688,0.803779069767442
"15206","Tulare County",1996-03-01,524,75,591,86,599,677,0.884785819793205
"15207","Tulare County",1996-04-01,499,73,622,80,572,702,0.814814814814815
"15208","Tulare County",1996-05-01,476,63,656,82,539,738,0.730352303523035
"15209","Tulare County",1996-06-01,471,62,647,87,533,734,0.726158038147139
"15210","Tulare County",1996-07-01,458,95,659,50,553,709,0.779971791255289
"15211","Tulare County",1996-08-01,462,59,633,88,521,721,0.722607489597781
"15212","Tulare County",1996-09-01,459,63,628,93,522,721,0.723994452149792
"15213","Tulare County",1996-10-01,470,76,627,77,546,704,0.775568181818182
"15214","Tulare County",1996-11-01,450,69,640,82,519,722,0.718836565096953
"15215","Tulare County",1996-12-01,315,62,760,86,377,846,0.445626477541371
"15216","Tulare County",1997-01-01,485,79,634,70,564,704,0.801136363636364
"15217","Tulare County",1997-02-01,469,70,641,88,539,729,0.739368998628258
"15218","Tulare County",1997-03-01,462,72,649,91,534,740,0.721621621621622
"15219","Tulare County",1997-04-01,464,72,656,87,536,743,0.721399730820996
"15220","Tulare County",1997-05-01,479,85,634,78,564,712,0.792134831460674
"15221","Tulare County",1997-06-01,485,77,624,68,562,692,0.812138728323699
"15222","Tulare County",1997-07-01,488,89,614,69,577,683,0.844802342606149
"15223","Tulare County",1997-08-01,465,72,638,87,537,725,0.740689655172414
"15224","Tulare County",1997-09-01,519,90,615,74,609,689,0.88388969521045
"15225","Tulare County",1997-10-01,519,90,615,74,609,689,0.88388969521045
"15226","Tulare County",1997-11-01,579,84,582,64,663,646,1.02631578947368
"15227","Tulare County",1997-12-01,562,81,574,61,643,635,1.01259842519685
"15228","Tulare County",1998-01-01,543,84,565,62,627,627,1
"15229","Tulare County",1998-02-01,583,76,563,64,659,627,1.05103668261563
"15230","Tulare County",1998-03-01,573,90,568,61,663,629,1.05405405405405
"15231","Tulare County",1998-04-01,554,82,559,74,636,633,1.00473933649289
"15232","Tulare County",1998-05-01,557,79,544,83,636,627,1.01435406698565
"15233","Tulare County",1998-06-01,566,69,542,80,635,622,1.02090032154341
"15234","Tulare County",1998-07-01,517,75,508,76,592,584,1.01369863013699
"15235","Tulare County",1998-08-01,298,68,714,77,366,791,0.462705436156764
"15236","Tulare County",1998-09-01,504,63,516,77,567,593,0.956155143338954
"15237","Tulare County",1998-10-01,494,62,508,81,556,589,0.943972835314092
"15238","Tulare County",1998-11-01,505,60,494,85,565,579,0.975820379965458
"15239","Tulare County",1998-12-01,470,58,488,86,528,574,0.9198606271777
"15240","Tulare County",1999-01-01,489,61,509,82,550,591,0.930626057529611
"15241","Tulare County",1999-02-01,490,62,507,82,552,589,0.937181663837012
"15242","Tulare County",1999-03-01,506,67,492,84,573,576,0.994791666666667
"15243","Tulare County",1999-04-01,504,77,486,73,581,559,1.03935599284436
"15244","Tulare County",1999-05-01,494,81,475,71,575,546,1.05311355311355
"15245","Tulare County",1999-06-01,498,73,447,78,571,525,1.08761904761905
"15246","Tulare County",1999-07-01,520,58,433,88,578,521,1.10940499040307
"15247","Tulare County",1999-08-01,531,70,418,81,601,499,1.20440881763527
"15248","Tulare County",1999-09-01,563,78,394,69,641,463,1.38444924406048
"15249","Tulare County",1999-10-01,564,76,404,68,640,472,1.35593220338983
"15250","Tulare County",1999-11-01,554,66,402,64,620,466,1.33047210300429
"15251","Tulare County",1999-12-01,559,61,373,57,620,430,1.44186046511628
"15252","Tulare County",2000-01-01,580,68,391,62,648,453,1.43046357615894
"15253","Tulare County",2000-02-01,583,69,391,68,652,459,1.42047930283224
"15254","Tulare County",2000-03-01,569,56,433,68,625,501,1.24750499001996
"15255","Tulare County",2000-04-01,558,64,448,65,622,513,1.21247563352827
"15256","Tulare County",2000-05-01,374,251,470,65,625,535,1.16822429906542
"15257","Tulare County",2000-06-01,552,66,480,96,618,576,1.07291666666667
"15258","Tulare County",2000-07-01,444,169,497,67,613,564,1.08687943262411
"15259","Tulare County",2000-08-01,600,62,495,68,662,563,1.17584369449378
"15260","Tulare County",2000-09-01,599,49,498,85,648,583,1.1114922813036
"15261","Tulare County",2000-10-01,546,61,528,62,607,590,1.02881355932203
"15262","Tulare County",2000-11-01,529,59,525,69,588,594,0.98989898989899
"15263","Tulare County",2000-12-01,424,60,475,70,484,545,0.888073394495413
"15264","Tulare County",2001-01-01,568,60,470,75,628,545,1.15229357798165
"15265","Tulare County",2001-02-01,758,65,285,78,823,363,2.26721763085399
"15266","Tulare County",2001-03-01,552,64,500,79,616,579,1.06390328151986
"15267","Tulare County",2001-04-01,571,63,489,83,634,572,1.10839160839161
"15268","Tulare County",2001-05-01,578,63,473,73,641,546,1.17399267399267
"15269","Tulare County",2001-06-01,585,73,463,75,658,538,1.22304832713755
"15270","Tulare County",2001-07-01,615,71,424,75,686,499,1.374749498998
"15271","Tulare County",2001-08-01,610,69,441,68,679,509,1.33398821218075
"15272","Tulare County",2001-09-01,576,77,460,55,653,515,1.26796116504854
"15273","Tulare County",2001-10-01,585,82,442,67,667,509,1.31041257367387
"15274","Tulare County",2001-11-01,593,63,474,54,656,528,1.24242424242424
"15275","Tulare County",2001-12-01,549,73,461,51,622,512,1.21484375
"15276","Tulare County",2002-01-01,581,47,437,88,628,525,1.19619047619048
"15277","Tulare County",2002-02-01,598,72,470,60,670,530,1.26415094339623
"15278","Tulare County",2002-03-01,587,75,497,66,662,563,1.17584369449378
"15279","Tulare County",2002-04-01,598,78,479,63,676,542,1.24723247232472
"15280","Tulare County",2002-05-01,591,67,497,74,658,571,1.1523642732049
"15281","Tulare County",2002-06-01,616,83,487,67,699,554,1.26173285198556
"15282","Tulare County",2002-07-01,621,76,476,68,697,544,1.28125
"15283","Tulare County",2002-08-01,615,78,494,72,693,566,1.2243816254417
"15284","Tulare County",2002-09-01,619,62,502,74,681,576,1.18229166666667
"15285","Tulare County",2002-10-01,647,77,471,71,724,542,1.33579335793358
"15286","Tulare County",2002-11-01,656,74,487,64,730,551,1.32486388384755
"15287","Tulare County",2002-12-01,630,83,474,57,713,531,1.34274952919021
"15288","Tulare County",2003-01-01,671,87,426,55,758,481,1.57588357588358
"15289","Tulare County",2003-02-01,643,86,414,54,729,468,1.55769230769231
"15290","Tulare County",2003-03-01,643,52,418,93,695,511,1.3600782778865
"15291","Tulare County",2003-04-01,646,83,409,59,729,468,1.55769230769231
"15292","Tulare County",2003-05-01,638,80,413,68,718,481,1.49272349272349
"15293","Tulare County",2003-06-01,632,87,419,66,719,485,1.48247422680412
"15294","Tulare County",2003-07-01,664,92,404,66,756,470,1.60851063829787
"15295","Tulare County",2003-08-01,662,91,418,72,753,490,1.53673469387755
"15296","Tulare County",2003-09-01,707,90,373,65,797,438,1.81963470319635
"15297","Tulare County",2003-10-01,677,81,395,67,758,462,1.64069264069264
"15298","Tulare County",2003-11-01,676,87,415,55,763,470,1.62340425531915
"15299","Tulare County",2003-12-01,656,79,423,61,735,484,1.51859504132231
"15300","Tulare County",2004-01-01,653,59,422,77,712,499,1.42685370741483
"15301","Tulare County",2004-02-01,660,74,430,64,734,494,1.48582995951417
"15302","Tulare County",2004-03-01,657,73,419,67,730,486,1.50205761316872
"15303","Tulare County",2004-04-01,660,77,407,65,737,472,1.5614406779661
"15304","Tulare County",2004-05-01,675,76,386,64,751,450,1.66888888888889
"15305","Tulare County",2004-06-01,657,87,407,60,744,467,1.593147751606
"15306","Tulare County",2004-07-01,674,82,410,57,756,467,1.61884368308351
"15307","Tulare County",2004-08-01,676,84,404,60,760,464,1.63793103448276
"15308","Tulare County",2004-09-01,657,87,425,55,744,480,1.55
"15309","Tulare County",2004-10-01,674,85,414,67,759,481,1.57796257796258
"15310","Tulare County",2004-11-01,669,91,476,59,760,535,1.42056074766355
"15311","Tulare County",2004-12-01,628,86,526,64,714,590,1.21016949152542
"15312","Tulare County",2005-01-01,624,91,555,60,715,615,1.16260162601626
"15313","Tulare County",2005-02-01,610,94,614,58,704,672,1.04761904761905
"15314","Tulare County",2005-03-01,656,97,556,57,753,613,1.22838499184339
"15315","Tulare County",2005-04-01,678,92,497,62,770,559,1.37745974955277
"15316","Tulare County",2005-05-01,649,92,545,63,741,608,1.21875
"15317","Tulare County",2005-06-01,663,105,553,61,768,614,1.25081433224756
"15318","Tulare County",2005-07-01,781,94,427,72,875,499,1.75350701402806
"15319","Tulare County",2005-08-01,736,119,465,62,855,527,1.62239089184061
"15320","Tulare County",2005-09-01,769,139,424,53,908,477,1.90356394129979
"15321","Tulare County",2005-10-01,765,141,417,49,906,466,1.94420600858369
"15322","Tulare County",2005-11-01,789,141,378,49,930,427,2.17798594847775
"15323","Tulare County",2005-12-01,681,113,509,58,794,567,1.40035273368607
"15324","Tulare County",2006-01-01,682,94,500,71,776,571,1.35901926444834
"15325","Tulare County",2006-02-01,690,100,504,64,790,568,1.39084507042254
"15326","Tulare County",2006-03-01,683,105,522,62,788,584,1.34931506849315
"15327","Tulare County",2006-04-01,673,110,602,54,783,656,1.19359756097561
"15328","Tulare County",2006-05-01,788,135,541,45,923,586,1.57508532423208
"15329","Tulare County",2006-06-01,820,144,532,39,964,571,1.68826619964974
"15330","Tulare County",2006-07-01,749,107,593,72,856,665,1.28721804511278
"15331","Tulare County",2006-08-01,787,106,529,74,893,603,1.48092868988391
"15332","Tulare County",2006-09-01,702,113,558,69,815,627,1.29984051036683
"15333","Tulare County",2006-10-01,693,101,607,77,794,684,1.16081871345029
"15334","Tulare County",2006-11-01,684,109,593,69,793,662,1.19788519637462
"15335","Tulare County",2006-12-01,653,111,606,69,764,675,1.13185185185185
"15336","Tulare County",2007-01-01,595,126,597,58,721,655,1.10076335877863
"15337","Tulare County",2007-02-01,703,128,598,57,831,655,1.26870229007634
"15338","Tulare County",2007-03-01,705,123,588,95,828,683,1.21229868228404
"15339","Tulare County",2007-04-01,653,110,639,108,763,747,1.02141900937082
"15340","Tulare County",2007-05-01,642,99,686,111,741,797,0.929736511919699
"15341","Tulare County",2007-06-01,653,95,728,108,748,836,0.894736842105263
"15342","Tulare County",2007-07-01,645,110,732,95,755,827,0.912938331318017
"15343","Tulare County",2007-08-01,750,132,619,74,882,693,1.27272727272727
"15344","Tulare County",2007-09-01,723,127,621,100,850,721,1.17891816920943
"15345","Tulare County",2007-10-01,690,106,673,103,796,776,1.02577319587629
"15346","Tulare County",2007-11-01,664,104,683,74,768,757,1.01453104359313
"15347","Tulare County",2007-12-01,632,101,703,99,733,802,0.913965087281795
"15348","Tulare County",2008-01-01,680,114,655,100,794,755,1.05165562913907
"15349","Tulare County",2008-02-01,667,116,665,88,783,753,1.0398406374502
"15350","Tulare County",2008-03-01,653,109,678,105,762,783,0.973180076628352
"15351","Tulare County",2008-04-01,673,103,656,104,776,760,1.02105263157895
"15352","Tulare County",2008-05-01,640,98,665,112,738,777,0.94980694980695
"15353","Tulare County",2008-06-01,642,104,700,108,746,808,0.923267326732673
"15354","Tulare County",2008-07-01,657,106,661,104,763,765,0.997385620915033
"15355","Tulare County",2008-08-01,682,105,652,106,787,758,1.03825857519789
"15356","Tulare County",2008-09-01,682,108,641,101,790,742,1.06469002695418
"15357","Tulare County",2008-10-01,641,90,665,123,731,788,0.927664974619289
"15358","Tulare County",2008-11-01,617,76,683,137,693,820,0.845121951219512
"15359","Tulare County",2008-12-01,602,82,657,133,684,790,0.865822784810127
"15360","Tulare County",2009-01-01,641,84,666,132,725,798,0.908521303258145
"15361","Tulare County",2009-02-01,619,74,634,138,693,772,0.897668393782383
"15362","Tulare County",2009-03-01,836,72,431,139,908,570,1.59298245614035
"15363","Tulare County",2009-04-01,696,84,641,129,780,770,1.01298701298701
"15364","Tulare County",2009-05-01,693,81,630,137,774,767,1.00912646675359
"15365","Tulare County",2009-06-01,684,86,656,133,770,789,0.975918884664132
"15366","Tulare County",2009-07-01,686,90,666,132,776,798,0.972431077694236
"15367","Tulare County",2009-08-01,684,80,662,136,764,798,0.957393483709273
"15368","Tulare County",2009-09-01,629,75,686,142,704,828,0.85024154589372
"15369","Tulare County",2009-10-01,661,75,698,144,736,842,0.874109263657957
"15370","Tulare County",2009-11-01,626,57,681,150,683,831,0.821901323706378
"15371","Tulare County",2009-12-01,636,65,631,149,701,780,0.898717948717949
"15372","Tulare County",2010-01-01,680,74,592,135,754,727,1.03713892709766
"15373","Tulare County",2010-02-01,669,77,520,109,746,629,1.18600953895072
"15374","Tulare County",2010-03-01,625,76,530,116,701,646,1.08513931888545
"15375","Tulare County",2010-04-01,639,82,496,103,721,599,1.20367278797997
"15376","Tulare County",2010-05-01,632,91,480,109,723,589,1.22750424448217
"15377","Tulare County",2010-06-01,668,88,465,92,756,557,1.3572710951526
"15378","Tulare County",2010-07-01,672,89,462,98,761,560,1.35892857142857
"15379","Tulare County",2010-08-01,700,91,486,112,791,598,1.32274247491639
"15380","Tulare County",2010-09-01,707,103,484,114,810,598,1.35451505016722
"15381","Tulare County",2010-10-01,607,70,536,137,677,673,1.00594353640416
"15382","Tulare County",2010-11-01,656,64,465,123,720,588,1.22448979591837
"15383","Tulare County",2010-12-01,667,57,389,108,724,497,1.45674044265594
"15384","Tulare County",2011-01-01,623,71,442,106,694,548,1.26642335766423
"15385","Tulare County",2011-02-01,649,69,467,111,718,578,1.24221453287197
"15386","Tulare County",2011-03-01,603,73,507,91,676,598,1.1304347826087
"15387","Tulare County",2011-04-01,653,85,511,100,738,611,1.20785597381342
"15388","Tulare County",2011-05-01,668,84,528,102,752,630,1.19365079365079
"15389","Tulare County",2011-06-01,697,100,523,85,797,608,1.31085526315789
"15390","Tulare County",2011-07-01,703,105,502,66,808,568,1.42253521126761
"15391","Tulare County",2011-08-01,730,112,497,54,842,551,1.52813067150635
"15392","Tulare County",2011-09-01,691,94,522,72,785,594,1.32154882154882
"15393","Tulare County",2011-10-01,689,106,545,69,795,614,1.29478827361564
"15394","Tulare County",2011-11-01,727,104,519,76,831,595,1.39663865546218
"15395","Tulare County",2011-12-01,704,89,592,109,793,701,1.13124108416548
"15396","Tulare County",2012-01-01,695,92,615,119,787,734,1.07220708446866
"15397","Tulare County",2012-02-01,711,86,624,129,797,753,1.05843293492696
"15398","Tulare County",2012-03-01,695,87,617,125,782,742,1.05390835579515
"15399","Tulare County",2012-04-01,722,97,619,114,819,733,1.11732605729877
"15400","Tulare County",2012-05-01,785,100,609,113,885,722,1.22576177285319
"15401","Tulare County",2012-06-01,812,118,571,106,930,677,1.37370753323486
"15402","Tulare County",2012-07-01,898,114,535,98,1012,633,1.59873617693523
"15403","Tulare County",2012-08-01,886,114,520,111,1000,631,1.58478605388273
"15404","Tulare County",2012-09-01,892,116,540,93,1008,633,1.59241706161137
"15405","Tulare County",2012-10-01,898,110,545,109,1008,654,1.54128440366972
"15406","Tulare County",2012-11-01,794,124,655,91,918,746,1.23056300268097
"15407","Tulare County",2012-12-01,866,92,583,122,958,705,1.35886524822695
"15408","Tulare County",2013-01-01,862,90,573,126,952,699,1.36194563662375
"15409","Tulare County",2013-02-01,809,87,605,126,896,731,1.22571819425445
"15410","Tulare County",2013-03-01,782,86,613,129,868,742,1.16981132075472
"15411","Tulare County",2013-04-01,833,88,611,133,921,744,1.23790322580645
"15412","Tulare County",2013-05-01,834,77,604,136,911,740,1.23108108108108
"15413","Tulare County",2013-06-01,826,81,582,132,907,714,1.2703081232493
"15414","Tulare County",2013-07-01,859,98,566,125,957,691,1.3849493487699
"15415","Tulare County",2013-08-01,885,89,549,123,974,672,1.44940476190476
"15416","Tulare County",2013-09-01,892,113,534,110,1005,644,1.56055900621118
"15417","Tulare County",2013-10-01,919,123,499,106,1042,605,1.72231404958678
"15418","Tulare County",2013-11-01,921,112,505,115,1033,620,1.66612903225806
"15419","Tulare County",2013-12-01,915,110,476,119,1025,595,1.72268907563025
"15420","Tulare County",2014-01-01,922,106,496,124,1028,620,1.65806451612903
"15421","Tulare County",2014-02-01,900,105,529,128,1005,657,1.5296803652968
"15422","Tulare County",2014-03-01,920,112,544,129,1032,673,1.5334323922734
"15423","Tulare County",2014-04-01,913,124,530,118,1037,648,1.60030864197531
"15424","Tulare County",2014-05-01,924,126,559,122,1050,681,1.54185022026432
"15425","Tulare County",2014-06-01,927,124,523,120,1051,643,1.63452566096423
"15426","Tulare County",2014-07-01,947,121,536,121,1068,657,1.62557077625571
"15427","Tulare County",2014-08-01,999,124,523,113,1123,636,1.76572327044025
"15428","Tulare County",2014-09-01,1012,123,541,111,1135,652,1.74079754601227
"15429","Tulare County",2014-10-01,975,125,562,124,1100,686,1.60349854227405
"15430","Tulare County",2014-11-01,880,111,548,117,991,665,1.49022556390977
"15431","Tulare County",2014-12-01,815,85,530,117,900,647,1.39103554868624
"15432","Tulare County",2015-01-01,836,97,465,106,933,571,1.63397548161121
"15433","Tulare County",2015-02-01,690,103,560,84,793,644,1.23136645962733
"15434","Tulare County",2015-03-01,811,108,499,86,919,585,1.57094017094017
"15435","Tulare County",2015-04-01,806,97,494,85,903,579,1.55958549222798
"15436","Tulare County",2015-05-01,796,99,487,88,895,575,1.55652173913043
"15437","Tulare County",2015-06-01,811,95,552,94,906,646,1.40247678018576
"15438","Tulare County",2015-07-01,829,103,549,99,932,648,1.43827160493827
"15439","Tulare County",2015-08-01,848,115,484,91,963,575,1.67478260869565
"15440","Tulare County",2015-09-01,789,89,515,88,878,603,1.45605306799337
"15441","Tulare County",2015-10-01,805,114,537,91,919,628,1.46337579617834
"15442","Tulare County",2015-11-01,802,119,569,98,921,667,1.3808095952024
"15443","Tulare County",2015-12-01,764,114,524,103,878,627,1.40031897926635
"15444","Tulare County",2016-01-01,799,116,474,93,915,567,1.61375661375661
"15445","Tulare County",2016-02-01,787,100,496,104,887,600,1.47833333333333
"15446","Tulare County",2016-03-01,809,114,531,113,923,644,1.4332298136646
"15447","Tulare County",2016-04-01,826,113,578,119,939,697,1.34720229555237
"15448","Tulare County",2016-05-01,832,109,548,124,941,672,1.40029761904762
"15449","Tulare County",2016-06-01,811,99,549,120,910,669,1.36023916292975
"15450","Tulare County",2016-07-01,819,103,564,112,922,676,1.36390532544379
"15451","Tulare County",2016-08-01,812,103,567,116,915,683,1.33967789165447
"15452","Tulare County",2016-09-01,807,106,587,124,913,711,1.28410689170183
"15453","Tulare County",2016-10-01,795,116,575,94,911,669,1.36173393124066
"15454","Tulare County",2016-11-01,774,101,549,122,875,671,1.30402384500745
"15455","Tulare County",2016-12-01,819,111,500,108,930,608,1.52960526315789
"15456","Tulare County",2017-01-01,793,110,537,100,903,637,1.41758241758242
"15457","Tulare County",2017-02-01,788,108,546,112,896,658,1.36170212765957
"15458","Tulare County",2017-03-01,813,105,596,126,918,722,1.27146814404432
"15459","Tulare County",2017-04-01,756,104,599,125,860,724,1.1878453038674
"15460","Tulare County",2017-05-01,796,105,588,136,901,724,1.24447513812155
"15461","Tulare County",2017-06-01,831,108,593,128,939,721,1.30235783633842
"15462","Tulare County",2017-07-01,861,162,602,104,1023,706,1.44900849858357
"15463","Tulare County",2017-08-01,867,119,583,130,986,713,1.38288920056101
"15464","Tulare County",2017-09-01,841,124,580,116,965,696,1.38649425287356
"15465","Tulare County",2017-10-01,737,95,751,133,832,884,0.941176470588235
"15466","Tulare County",2017-11-01,852,120,592,101,972,693,1.4025974025974
"15467","Tulare County",2017-12-01,957,118,450,91,1075,541,1.98706099815157
"15468","Tulare County",2018-01-01,929,123,470,97,1052,567,1.85537918871252
"15469","Tulare County",2018-02-01,937,119,440,96,1056,536,1.97014925373134
"15470","Tulare County",2018-03-01,896,113,435,96,1009,531,1.90018832391714
"15471","Tulare County",2018-04-01,865,112,447,91,977,538,1.81598513011152
"15472","Tulare County",2018-05-01,858,115,466,95,973,561,1.73440285204991
"15473","Tulare County",2018-06-01,843,102,483,106,945,589,1.6044142614601
"15474","Tulare County",2018-07-01,864,106,448,115,970,563,1.72291296625222
"15475","Tulare County",2018-08-01,861,113,449,115,974,564,1.72695035460993
"15476","Tulare County",2018-09-01,820,105,472,111,925,583,1.58662092624357
"15477","Tulare County",2018-10-01,834,107,439,107,941,546,1.72344322344322
"15478","Tulare County",2018-11-01,801,105,409,99,906,508,1.78346456692913
"15479","Tulare County",2018-12-01,783,102,405,97,885,502,1.76294820717131
"15480","Tulare County",2019-01-01,804,97,386,94,901,480,1.87708333333333
"15481","Tulare County",2019-02-01,806,103,419,85,909,504,1.80357142857143
"15482","Tulare County",2019-03-01,830,102,431,81,932,512,1.8203125
"15483","Tulare County",2019-04-01,871,105,457,81,976,538,1.81412639405204
"15484","Tulare County",2019-05-01,894,103,468,78,997,546,1.82600732600733
"15485","Tulare County",2019-06-01,874,124,461,76,998,537,1.8584729981378
"15486","Tulare County",2019-07-01,932,145,451,93,1077,544,1.97977941176471
"15487","Tulare County",2019-08-01,935,133,482,100,1068,582,1.83505154639175
"15488","Tulare County",2019-09-01,887,118,474,96,1005,570,1.76315789473684
"15489","Tulare County",2019-10-01,869,117,441,95,986,536,1.83955223880597
"15490","Tulare County",2019-11-01,828,104,430,100,932,530,1.75849056603774
"15491","Tulare County",2019-12-01,796,106,422,101,902,523,1.72466539196941
"15492","Tulare County",2020-01-01,809,108,425,104,917,529,1.73345935727788
"15493","Tulare County",2020-02-01,773,91,433,103,864,536,1.61194029850746
"15494","Tulare County",2020-03-01,730,83,390,94,813,484,1.6797520661157
"15495","Tuolumne County",1995-10-01,41,9,53,10,50,63,0.793650793650794
"15496","Tuolumne County",1995-11-01,43,8,54,12,51,66,0.772727272727273
"15497","Tuolumne County",1995-12-01,46,8,51,13,54,64,0.84375
"15498","Tuolumne County",1996-01-01,52,7,50,11,59,61,0.967213114754098
"15499","Tuolumne County",1996-02-01,58,6,41,13,64,54,1.18518518518519
"15500","Tuolumne County",1996-03-01,45,7,50,15,52,65,0.8
"15501","Tuolumne County",1996-04-01,39,6,56,14,45,70,0.642857142857143
"15502","Tuolumne County",1996-05-01,42,6,60,8,48,68,0.705882352941177
"15503","Tuolumne County",1996-06-01,45,5,58,7,50,65,0.769230769230769
"15504","Tuolumne County",1996-07-01,42,4,57,8,46,65,0.707692307692308
"15505","Tuolumne County",1996-08-01,34,4,61,12,38,73,0.520547945205479
"15506","Tuolumne County",1996-09-01,35,7,61,11,42,72,0.583333333333333
"15507","Tuolumne County",1996-10-01,38,11,56,15,49,71,0.690140845070423
"15508","Tuolumne County",1996-11-01,38,8,50,14,46,64,0.71875
"15509","Tuolumne County",1996-12-01,39,8,48,14,47,62,0.758064516129032
"15510","Tuolumne County",1997-01-01,47,6,47,10,53,57,0.929824561403509
"15511","Tuolumne County",1997-02-01,48,11,47,6,59,53,1.11320754716981
"15512","Tuolumne County",1997-03-01,52,10,46,9,62,55,1.12727272727273
"15513","Tuolumne County",1997-04-01,48,7,53,11,55,64,0.859375
"15514","Tuolumne County",1997-05-01,34,6,61,9,40,70,0.571428571428571
"15515","Tuolumne County",1997-06-01,34,5,63,12,39,75,0.52
"15516","Tuolumne County",1997-07-01,40,9,56,12,49,68,0.720588235294118
"15517","Tuolumne County",1997-08-01,40,12,53,13,52,66,0.787878787878788
"15518","Tuolumne County",1997-09-01,39.3,8.5,55.66,9.9,47.8,65.56,0.729103111653447
"15519","Tuolumne County",1997-10-01,40,9,56,12,49,68,0.720588235294118
"15520","Tuolumne County",1997-11-01,42,6,54,9,48,63,0.761904761904762
"15521","Tuolumne County",1997-12-01,36,10,56,11,46,67,0.686567164179104
"15522","Tuolumne County",1998-01-01,36,9,60,12,45,72,0.625
"15523","Tuolumne County",1998-02-01,35,7,57,16,42,73,0.575342465753425
"15524","Tuolumne County",1998-03-01,44,9,45,17,53,62,0.854838709677419
"15525","Tuolumne County",1998-04-01,42,6,49,20,48,69,0.695652173913043
"15526","Tuolumne County",1998-05-01,46,7,47,20,53,67,0.791044776119403
"15527","Tuolumne County",1998-06-01,44,7,50,14,51,64,0.796875
"15528","Tuolumne County",1998-07-01,45,10,53,10,55,63,0.873015873015873
"15529","Tuolumne County",1998-08-01,49,6,54,8,55,62,0.887096774193548
"15530","Tuolumne County",1998-09-01,42,6,64,6,48,70,0.685714285714286
"15531","Tuolumne County",1998-10-01,41,12,55,10,53,65,0.815384615384615
"15532","Tuolumne County",1998-11-01,37,9,53,8,46,61,0.754098360655738
"15533","Tuolumne County",1998-12-01,36,7,50,10,43,60,0.716666666666667
"15534","Tuolumne County",1999-01-01,40,9,49,10,49,59,0.830508474576271
"15535","Tuolumne County",1999-02-01,34,7,64,12,41,76,0.539473684210526
"15536","Tuolumne County",1999-03-01,30,7,70,13,37,83,0.44578313253012
"15537","Tuolumne County",1999-04-01,29,10,63,12,39,75,0.52
"15538","Tuolumne County",1999-05-01,31,10,59,14,41,73,0.561643835616438
"15539","Tuolumne County",1999-06-01,39,13,53,14,52,67,0.776119402985075
"15540","Tuolumne County",1999-07-01,47,9,49,10,56,59,0.949152542372881
"15541","Tuolumne County",1999-08-01,40,8,54,9,48,63,0.761904761904762
"15542","Tuolumne County",1999-09-01,36,6,49,10,42,59,0.711864406779661
"15543","Tuolumne County",1999-10-01,34,7,44,10,41,54,0.759259259259259
"15544","Tuolumne County",1999-11-01,30,6,51,10,36,61,0.590163934426229
"15545","Tuolumne County",1999-12-01,32,7,47,6,39,53,0.735849056603774
"15546","Tuolumne County",2000-01-01,30,6,53,9,36,62,0.580645161290323
"15547","Tuolumne County",2000-02-01,38,9,53,10,47,63,0.746031746031746
"15548","Tuolumne County",2000-03-01,37,6,59,10,43,69,0.623188405797101
"15549","Tuolumne County",2000-04-01,48,5,50,10,53,60,0.883333333333333
"15550","Tuolumne County",2000-05-01,47,7,54,8,54,62,0.870967741935484
"15551","Tuolumne County",2000-06-01,45,8,49,11,53,60,0.883333333333333
"15552","Tuolumne County",2000-07-01,49,4,51,13,53,64,0.828125
"15553","Tuolumne County",2000-08-01,42,4,59,14,46,73,0.63013698630137
"15554","Tuolumne County",2000-09-01,42,4,56,10,46,66,0.696969696969697
"15555","Tuolumne County",2000-10-01,42,8,57,8,50,65,0.769230769230769
"15556","Tuolumne County",2000-11-01,43,9,59,10,52,69,0.753623188405797
"15557","Tuolumne County",2000-12-01,44,7,49,11,51,60,0.85
"15558","Tuolumne County",2001-01-01,52,8,49,9,60,58,1.03448275862069
"15559","Tuolumne County",2001-02-01,55,6,58,9,61,67,0.91044776119403
"15560","Tuolumne County",2001-03-01,51,6,59,8,57,67,0.850746268656716
"15561","Tuolumne County",2001-04-01,44,7,60,10,51,70,0.728571428571429
"15562","Tuolumne County",2001-05-01,45,6,59,14,51,73,0.698630136986301
"15563","Tuolumne County",2001-06-01,39,4,62,11,43,73,0.589041095890411
"15564","Tuolumne County",2001-07-01,44,6,58,12,50,70,0.714285714285714
"15565","Tuolumne County",2001-08-01,42,11,56,12,53,68,0.779411764705882
"15566","Tuolumne County",2001-09-01,50,9,51,15,59,66,0.893939393939394
"15567","Tuolumne County",2001-10-01,50,9,56,15,59,71,0.830985915492958
"15568","Tuolumne County",2001-11-01,60,7,52,12,67,64,1.046875
"15569","Tuolumne County",2001-12-01,56,6,53,12,62,65,0.953846153846154
"15570","Tuolumne County",2002-01-01,58,9,51,14,67,65,1.03076923076923
"15571","Tuolumne County",2002-02-01,49,11,51,13,60,64,0.9375
"15572","Tuolumne County",2002-03-01,50,12,52,14,62,66,0.939393939393939
"15573","Tuolumne County",2002-04-01,48,14,53,12,62,65,0.953846153846154
"15574","Tuolumne County",2002-05-01,45,16,52,11,61,63,0.968253968253968
"15575","Tuolumne County",2002-06-01,44,15,53,11,59,64,0.921875
"15576","Tuolumne County",2002-07-01,45,10,55,13,55,68,0.808823529411765
"15577","Tuolumne County",2002-08-01,48,11,60,14,59,74,0.797297297297297
"15578","Tuolumne County",2002-09-01,56,8,58,15,64,73,0.876712328767123
"15579","Tuolumne County",2002-10-01,55,7,65,13,62,78,0.794871794871795
"15580","Tuolumne County",2002-11-01,46,8,67,11,54,78,0.692307692307692
"15581","Tuolumne County",2002-12-01,40,8,74,10,48,84,0.571428571428571
"15582","Tuolumne County",2003-01-01,36,6,34,11,42,45,0.933333333333333
"15583","Tuolumne County",2003-02-01,47,5,65,10,52,75,0.693333333333333
"15584","Tuolumne County",2003-03-01,51,9,66,9,60,75,0.8
"15585","Tuolumne County",2003-04-01,50,9,65,9,59,74,0.797297297297297
"15586","Tuolumne County",2003-05-01,58,12,62,9,70,71,0.985915492957746
"15587","Tuolumne County",2003-06-01,55,12,55,8,67,63,1.06349206349206
"15588","Tuolumne County",2003-07-01,56,18,53,10,74,63,1.17460317460317
"15589","Tuolumne County",2003-08-01,47,16,63,13,63,76,0.828947368421053
"15590","Tuolumne County",2003-09-01,52,19,52,12,71,64,1.109375
"15591","Tuolumne County",2003-10-01,54,14,51,17,68,68,1
"15592","Tuolumne County",2003-11-01,57,14,45,18,71,63,1.12698412698413
"15593","Tuolumne County",2003-12-01,64,12,38,15,76,53,1.43396226415094
"15594","Tuolumne County",2004-01-01,61,12,50,20,73,70,1.04285714285714
"15595","Tuolumne County",2004-02-01,59,14,56,15,73,71,1.02816901408451
"15596","Tuolumne County",2004-03-01,53,15,51,10,68,61,1.11475409836066
"15597","Tuolumne County",2004-04-01,58,15,41,9,73,50,1.46
"15598","Tuolumne County",2004-05-01,58,13,47,10,71,57,1.24561403508772
"15599","Tuolumne County",2004-06-01,58,10,46,10,68,56,1.21428571428571
"15600","Tuolumne County",2004-07-01,55,6,47,12,61,59,1.03389830508475
"15601","Tuolumne County",2004-08-01,54,10,45,10,64,55,1.16363636363636
"15602","Tuolumne County",2004-09-01,52,12,58,10,64,68,0.941176470588235
"15603","Tuolumne County",2004-10-01,56,12,51,13,68,64,1.0625
"15604","Tuolumne County",2004-11-01,53,14,53,12,67,65,1.03076923076923
"15605","Tuolumne County",2004-12-01,58,14,49,12,72,61,1.18032786885246
"15606","Tuolumne County",2005-01-01,61,13,49,9,74,58,1.27586206896552
"15607","Tuolumne County",2005-02-01,52,10,60,10,62,70,0.885714285714286
"15608","Tuolumne County",2005-03-01,46,16,61,12,62,73,0.849315068493151
"15609","Tuolumne County",2005-04-01,54,12,57,11,66,68,0.970588235294118
"15610","Tuolumne County",2005-05-01,59,9,53,14,68,67,1.01492537313433
"15611","Tuolumne County",2005-06-01,61,12,49,13,73,62,1.17741935483871
"15612","Tuolumne County",2005-07-01,59,10,52,15,69,67,1.02985074626866
"15613","Tuolumne County",2005-08-01,59,11,50,15,70,65,1.07692307692308
"15614","Tuolumne County",2005-09-01,64,9,49,13,73,62,1.17741935483871
"15615","Tuolumne County",2005-10-01,60,13,47,15,73,62,1.17741935483871
"15616","Tuolumne County",2005-11-01,55,12,31,5,67,36,1.86111111111111
"15617","Tuolumne County",2005-12-01,69,15,46,5,84,51,1.64705882352941
"15618","Tuolumne County",2006-01-01,72,15,43,8,87,51,1.70588235294118
"15619","Tuolumne County",2006-02-01,80,19,37,7,99,44,2.25
"15620","Tuolumne County",2006-03-01,89,24,25,3,113,28,4.03571428571429
"15621","Tuolumne County",2006-04-01,85,19,34,6,104,40,2.6
"15622","Tuolumne County",2006-05-01,91,16,36,8,107,44,2.43181818181818
"15623","Tuolumne County",2006-06-01,88,19,36,6,107,42,2.54761904761905
"15624","Tuolumne County",2006-07-01,84,19,37,7,103,44,2.34090909090909
"15625","Tuolumne County",2006-08-01,67,17,47,7,84,54,1.55555555555556
"15626","Tuolumne County",2006-09-01,70,17,48,9,87,57,1.52631578947368
"15627","Tuolumne County",2006-10-01,70,18,45,8,88,53,1.66037735849057
"15628","Tuolumne County",2006-11-01,68,18,50,9,86,59,1.45762711864407
"15629","Tuolumne County",2006-12-01,68,19,50,11,87,61,1.42622950819672
"15630","Tuolumne County",2007-01-01,70,21,42,13,91,55,1.65454545454545
"15631","Tuolumne County",2007-02-01,63,20,45,13,83,58,1.43103448275862
"15632","Tuolumne County",2007-03-01,63,20,46,12,83,58,1.43103448275862
"15633","Tuolumne County",2007-04-01,62,18,44,13,80,57,1.40350877192982
"15634","Tuolumne County",2007-05-01,61,18,45,15,79,60,1.31666666666667
"15635","Tuolumne County",2007-06-01,57,16,42,18,73,60,1.21666666666667
"15636","Tuolumne County",2007-07-01,62,17,43,16,79,59,1.33898305084746
"15637","Tuolumne County",2007-08-01,72,15,37,15,87,52,1.67307692307692
"15638","Tuolumne County",2007-09-01,72,20,32,14,92,46,2
"15639","Tuolumne County",2007-10-01,80,19,32,8,99,40,2.475
"15640","Tuolumne County",2007-11-01,64,15,50,11,79,61,1.29508196721311
"15641","Tuolumne County",2007-12-01,62,17,48,9,79,57,1.3859649122807
"15642","Tuolumne County",2008-01-01,66,10,49,11,76,60,1.26666666666667
"15643","Tuolumne County",2008-02-01,74,11,43,10,85,53,1.60377358490566
"15644","Tuolumne County",2008-03-01,80,15,38,7,95,45,2.11111111111111
"15645","Tuolumne County",2008-04-01,77,19,39,4,96,43,2.23255813953488
"15646","Tuolumne County",2008-05-01,69,16,43,9,85,52,1.63461538461538
"15647","Tuolumne County",2008-06-01,66,16,48,9,82,57,1.43859649122807
"15648","Tuolumne County",2008-07-01,67,16,44,11,83,55,1.50909090909091
"15649","Tuolumne County",2008-08-01,69,15,43,10,84,53,1.58490566037736
"15650","Tuolumne County",2008-09-01,64,17,48,9,81,57,1.42105263157895
"15651","Tuolumne County",2008-10-01,62,17,50,10,79,60,1.31666666666667
"15652","Tuolumne County",2008-11-01,64,13,44,12,77,56,1.375
"15653","Tuolumne County",2008-12-01,61,12,44,12,73,56,1.30357142857143
"15654","Tuolumne County",2009-01-01,47,13,37,16,60,53,1.13207547169811
"15655","Tuolumne County",2009-02-01,53,12,40,15,65,55,1.18181818181818
"15656","Tuolumne County",2009-03-01,45,12,44,13,57,57,1
"15657","Tuolumne County",2009-04-01,51,12,52,7,63,59,1.06779661016949
"15658","Tuolumne County",2009-05-01,55,11,46,9,66,55,1.2
"15659","Tuolumne County",2009-06-01,51,15,47,10,66,57,1.15789473684211
"15660","Tuolumne County",2009-07-01,50,19,41,11,69,52,1.32692307692308
"15661","Tuolumne County",2009-08-01,52,17,41,8,69,49,1.40816326530612
"15662","Tuolumne County",2009-09-01,57,16,41,9,73,50,1.46
"15663","Tuolumne County",2009-10-01,59,14,37,10,73,47,1.5531914893617
"15664","Tuolumne County",2009-11-01,55,14,38,14,69,52,1.32692307692308
"15665","Tuolumne County",2009-12-01,47,16,35,15,63,50,1.26
"15666","Tuolumne County",2010-01-01,46,11,33,18,57,51,1.11764705882353
"15667","Tuolumne County",2010-02-01,47,13,37,14,60,51,1.17647058823529
"15668","Tuolumne County",2010-03-01,50,15,39,15,65,54,1.2037037037037
"15669","Tuolumne County",2010-04-01,49,14,37,14,63,51,1.23529411764706
"15670","Tuolumne County",2010-05-01,48,14,36,12,62,48,1.29166666666667
"15671","Tuolumne County",2010-06-01,45,11,39,14,56,53,1.05660377358491
"15672","Tuolumne County",2010-07-01,42,16,37,12,58,49,1.18367346938776
"15673","Tuolumne County",2010-08-01,47,17,37,10,64,47,1.36170212765957
"15674","Tuolumne County",2010-09-01,47,16,36,14,63,50,1.26
"15675","Tuolumne County",2010-10-01,53,17,29,10,70,39,1.79487179487179
"15676","Tuolumne County",2010-11-01,63,11,30,16,74,46,1.60869565217391
"15677","Tuolumne County",2010-12-01,54,11,39,9,65,48,1.35416666666667
"15678","Tuolumne County",2011-01-01,52,15,45,8,67,53,1.26415094339623
"15679","Tuolumne County",2011-02-01,49,12,45,11,61,56,1.08928571428571
"15680","Tuolumne County",2011-03-01,51,12,40,13,63,53,1.18867924528302
"15681","Tuolumne County",2011-04-01,52,14,42,10,66,52,1.26923076923077
"15682","Tuolumne County",2011-05-01,51,16,39,10,67,49,1.36734693877551
"15683","Tuolumne County",2011-06-01,51,15,42,12,66,54,1.22222222222222
"15684","Tuolumne County",2011-07-01,55,16,33,14,71,47,1.51063829787234
"15685","Tuolumne County",2011-08-01,57,16,33,16,73,49,1.48979591836735
"15686","Tuolumne County",2011-09-01,58,17,36,10,75,46,1.6304347826087
"15687","Tuolumne County",2011-10-01,58,18,38,10,76,48,1.58333333333333
"15688","Tuolumne County",2011-11-01,55,17,42,13,72,55,1.30909090909091
"15689","Tuolumne County",2011-12-01,55,14,38,13,69,51,1.35294117647059
"15690","Tuolumne County",2012-01-01,48,13,42,16,61,58,1.05172413793103
"15691","Tuolumne County",2012-02-01,54,14,36,16,68,52,1.30769230769231
"15692","Tuolumne County",2012-03-01,63,17,40,13,80,53,1.50943396226415
"15693","Tuolumne County",2012-04-01,66,20,38,8,86,46,1.8695652173913
"15694","Tuolumne County",2012-05-01,72,18,33,13,90,46,1.95652173913043
"15695","Tuolumne County",2012-06-01,69,16,30,11,85,41,2.07317073170732
"15696","Tuolumne County",2012-07-01,71,15,33,12,86,45,1.91111111111111
"15697","Tuolumne County",2012-08-01,66,13,31,12,79,43,1.83720930232558
"15698","Tuolumne County",2012-09-01,70,13,39,13,83,52,1.59615384615385
"15699","Tuolumne County",2012-10-01,72,14,40,12,86,52,1.65384615384615
"15700","Tuolumne County",2012-11-01,69,18,40,10,87,50,1.74
"15701","Tuolumne County",2012-12-01,75,20,34,8,95,42,2.26190476190476
"15702","Tuolumne County",2013-01-01,75,19,36,8,94,44,2.13636363636364
"15703","Tuolumne County",2013-02-01,74,22,37,6,96,43,2.23255813953488
"15704","Tuolumne County",2013-03-01,74,18,33,12,92,45,2.04444444444444
"15705","Tuolumne County",2013-04-01,74,21,32,11,95,43,2.2093023255814
"15706","Tuolumne County",2013-05-01,67,24,38,10,91,48,1.89583333333333
"15707","Tuolumne County",2013-06-01,71,22,33,12,93,45,2.06666666666667
"15708","Tuolumne County",2013-07-01,83,25,23,8,108,31,3.48387096774194
"15709","Tuolumne County",2013-08-01,87,28,19,5,115,24,4.79166666666667
"15710","Tuolumne County",2013-09-01,84,26,20,6,110,26,4.23076923076923
"15711","Tuolumne County",2013-10-01,86,24,20,8,110,28,3.92857142857143
"15712","Tuolumne County",2013-11-01,84,26,21,8,110,29,3.79310344827586
"15713","Tuolumne County",2013-12-01,79,26,26,8,105,34,3.08823529411765
"15714","Tuolumne County",2014-01-01,77,22,29,10,99,39,2.53846153846154
"15715","Tuolumne County",2014-02-01,77,20,30,12,97,42,2.30952380952381
"15716","Tuolumne County",2014-03-01,80,23,27,10,103,37,2.78378378378378
"15717","Tuolumne County",2014-04-01,83,22,27,8,105,35,3
"15718","Tuolumne County",2014-05-01,75,19,35,9,94,44,2.13636363636364
"15719","Tuolumne County",2014-06-01,80,21,30,8,101,38,2.65789473684211
"15720","Tuolumne County",2014-07-01,85,22,27,6,107,33,3.24242424242424
"15721","Tuolumne County",2014-08-01,89,21,23,7,110,30,3.66666666666667
"15722","Tuolumne County",2014-09-01,92,21,20,7,113,27,4.18518518518519
"15723","Tuolumne County",2014-10-01,93,22,18,7,115,25,4.6
"15724","Tuolumne County",2014-11-01,92,23,19,7,115,26,4.42307692307692
"15725","Tuolumne County",2014-12-01,95,23,18,7,118,25,4.72
"15726","Tuolumne County",2015-01-01,96,22,20,7,118,27,4.37037037037037
"15727","Tuolumne County",2015-02-01,98,19,23,6,117,29,4.03448275862069
"15728","Tuolumne County",2015-03-01,92,25,26,2,117,28,4.17857142857143
"15729","Tuolumne County",2015-04-01,92,26,22,4,118,26,4.53846153846154
"15730","Tuolumne County",2015-05-01,87,24,29,5,111,34,3.26470588235294
"15731","Tuolumne County",2015-06-01,85,29,28,3,114,31,3.67741935483871
"15732","Tuolumne County",2015-07-01,87,28,24,5,115,29,3.96551724137931
"15733","Tuolumne County",2015-08-01,90,28,22,5,118,27,4.37037037037037
"15734","Tuolumne County",2015-09-01,83,26,30,6,109,36,3.02777777777778
"15735","Tuolumne County",2015-10-01,79,28,29,8,107,37,2.89189189189189
"15736","Tuolumne County",2015-11-01,82,28,28,7,110,35,3.14285714285714
"15737","Tuolumne County",2015-12-01,85,25,25,8,110,33,3.33333333333333
"15738","Tuolumne County",2016-01-01,85,28,22,9,113,31,3.64516129032258
"15739","Tuolumne County",2016-02-01,80,32,24,9,112,33,3.39393939393939
"15740","Tuolumne County",2016-03-01,78,28,28,9,106,37,2.86486486486486
"15741","Tuolumne County",2016-04-01,75,25,31,11,100,42,2.38095238095238
"15742","Tuolumne County",2016-05-01,77,30,28,10,107,38,2.81578947368421
"15743","Tuolumne County",2016-06-01,82,25,27,10,107,37,2.89189189189189
"15744","Tuolumne County",2016-07-01,90,22,24,9,112,33,3.39393939393939
"15745","Tuolumne County",2016-08-01,89,24,22,10,113,32,3.53125
"15746","Tuolumne County",2016-09-01,89,25,21,10,114,31,3.67741935483871
"15747","Tuolumne County",2016-10-01,90,26,18,9,116,27,4.2962962962963
"15748","Tuolumne County",2016-11-01,84,27,21,8,111,29,3.82758620689655
"15749","Tuolumne County",2016-12-01,84,31,21,6,115,27,4.25925925925926
"15750","Tuolumne County",2017-01-01,83,32,23,5,115,28,4.10714285714286
"15751","Tuolumne County",2017-02-01,89,31,18,7,120,25,4.8
"15752","Tuolumne County",2017-03-01,91,28,17,9,119,26,4.57692307692308
"15753","Tuolumne County",2017-04-01,83,33,19,10,116,29,4
"15754","Tuolumne County",2017-05-01,86,33,17,8,119,25,4.76
"15755","Tuolumne County",2017-06-01,87,32,17,8,119,25,4.76
"15756","Tuolumne County",2017-07-01,88,32,18,7,120,25,4.8
"15757","Tuolumne County",2017-08-01,89,28,21,6,117,27,4.33333333333333
"15758","Tuolumne County",2017-09-01,93,21,23,8,114,31,3.67741935483871
"15759","Tuolumne County",2017-10-01,93,23,21,8,116,29,4
"15760","Tuolumne County",2017-11-01,94,23,21,8,117,29,4.03448275862069
"15761","Tuolumne County",2017-12-01,95,25,19,5,120,24,5
"15762","Tuolumne County",2018-01-01,90,27,23,4,117,27,4.33333333333333
"15763","Tuolumne County",2018-02-01,89,26,24,5,115,29,3.96551724137931
"15764","Tuolumne County",2018-03-01,89,26,24,6,115,30,3.83333333333333
"15765","Tuolumne County",2018-04-01,85,27,26,6,112,32,3.5
"15766","Tuolumne County",2018-05-01,87,28,25,5,115,30,3.83333333333333
"15767","Tuolumne County",2018-06-01,90,26,23,6,116,29,4
"15768","Tuolumne County",2018-07-01,87,29,22,6,116,28,4.14285714285714
"15769","Tuolumne County",2018-08-01,93,23,22,6,116,28,4.14285714285714
"15770","Tuolumne County",2018-09-01,94,23,20,6,117,26,4.5
"15771","Tuolumne County",2018-10-01,83,22,26,9,105,35,3
"15772","Tuolumne County",2018-11-01,84,22,24,8,106,32,3.3125
"15773","Tuolumne County",2018-12-01,79,19,23,8,98,31,3.16129032258065
"15774","Tuolumne County",2019-01-01,85,17,25,9,102,34,3
"15775","Tuolumne County",2019-02-01,91,18,23,8,109,31,3.51612903225806
"15776","Tuolumne County",2019-03-01,96,18,22,7,114,29,3.93103448275862
"15777","Tuolumne County",2019-04-01,90,24,24,6,114,30,3.8
"15778","Tuolumne County",2019-05-01,92,22,22,8,114,30,3.8
"15779","Tuolumne County",2019-06-01,93,23,19,9,116,28,4.14285714285714
"15780","Tuolumne County",2019-07-01,90,20,24,10,110,34,3.23529411764706
"15781","Tuolumne County",2019-08-01,92,19,22,10,111,32,3.46875
"15782","Tuolumne County",2019-09-01,87,20,27,9,107,36,2.97222222222222
"15783","Tuolumne County",2019-10-01,91,22,24,7,113,31,3.64516129032258
"15784","Tuolumne County",2019-11-01,89,25,24,6,114,30,3.8
"15785","Tuolumne County",2019-12-01,81,27,29,7,108,36,3
"15786","Tuolumne County",2020-01-01,88,25,24,8,113,32,3.53125
"15787","Tuolumne County",2020-02-01,89,24,26,6,113,32,3.53125
"15788","Tuolumne County",2020-03-01,77,22,31,7,99,38,2.60526315789474
"15789","Ventura County",1995-10-01,567,66,860,122,633,982,0.644602851323829
"15790","Ventura County",1995-11-01,572,82,876,112,654,988,0.661943319838057
"15791","Ventura County",1995-12-01,541,70,822,111,611,933,0.654876741693462
"15792","Ventura County",1996-01-01,541,57,894,122,598,1016,0.588582677165354
"15793","Ventura County",1996-02-01,585,63,900,123,648,1023,0.633431085043988
"15794","Ventura County",1996-03-01,554,63,885,106,617,991,0.622603430877901
"15795","Ventura County",1996-04-01,567,63,796,104,630,900,0.7
"15796","Ventura County",1996-05-01,576,76,780,103,652,883,0.738391845979615
"15797","Ventura County",1996-06-01,545,68,776,105,613,881,0.695800227014756
"15798","Ventura County",1996-07-01,556,84,726,98,640,824,0.776699029126214
"15799","Ventura County",1996-08-01,540,74,735,116,614,851,0.721504112808461
"15800","Ventura County",1996-09-01,565,80,734,110,645,844,0.764218009478673
"15801","Ventura County",1996-10-01,557,78,735,108,635,843,0.753262158956109
"15802","Ventura County",1996-11-01,547,72,722,121,619,843,0.734282325029656
"15803","Ventura County",1996-12-01,551,93,698,106,644,804,0.800995024875622
"15804","Ventura County",1997-01-01,572,54,733,119,626,852,0.734741784037559
"15805","Ventura County",1997-02-01,582,64,729,111,646,840,0.769047619047619
"15806","Ventura County",1997-03-01,597,64,777,123,661,900,0.734444444444444
"15807","Ventura County",1997-04-01,582,64,737,132,646,869,0.743383199079402
"15808","Ventura County",1997-05-01,576,65,737,132,641,869,0.737629459148446
"15809","Ventura County",1997-06-01,544,65,690,123,609,813,0.749077490774908
"15810","Ventura County",1997-07-01,590,73,671,129,663,800,0.82875
"15811","Ventura County",1997-08-01,601,85,697,135,686,832,0.824519230769231
"15812","Ventura County",1997-09-01,610,82,729,132,692,861,0.803716608594657
"15813","Ventura County",1997-10-01,599,80,765,139,679,904,0.751106194690266
"15814","Ventura County",1997-11-01,595,84,725,132,679,857,0.792298716452742
"15815","Ventura County",1997-12-01,602,40,644,81,642,725,0.88551724137931
"15816","Ventura County",1998-01-01,632,92,670,129,724,799,0.90613266583229
"15817","Ventura County",1998-02-01,593,73,722,135,666,857,0.777129521586931
"15818","Ventura County",1998-03-01,612,69,767,138,681,905,0.752486187845304
"15819","Ventura County",1998-04-01,597,77,754,139,674,893,0.754759238521836
"15820","Ventura County",1998-05-01,598,85,775,139,683,914,0.7472647702407
"15821","Ventura County",1998-06-01,615,74,765,130,689,895,0.769832402234637
"15822","Ventura County",1998-07-01,607,68,746,140,675,886,0.761851015801354
"15823","Ventura County",1998-08-01,652,76,766,133,728,899,0.809788654060067
"15824","Ventura County",1998-09-01,638,78,754,143,716,897,0.798216276477146
"15825","Ventura County",1998-10-01,619,73,757,127,692,884,0.782805429864253
"15826","Ventura County",1998-11-01,622,71,721,123,693,844,0.821090047393365
"15827","Ventura County",1998-12-01,613,69,638,111,682,749,0.910547396528705
"15828","Ventura County",1999-01-01,675,73,674,120,748,794,0.942065491183879
"15829","Ventura County",1999-02-01,688,79,697,114,767,811,0.945745992601726
"15830","Ventura County",1999-03-01,680,76,699,116,756,815,0.92760736196319
"15831","Ventura County",1999-04-01,727,292,412,122,1019,534,1.90823970037453
"15832","Ventura County",1999-05-01,722,84,587,121,806,708,1.13841807909605
"15833","Ventura County",1999-06-01,668,89,676,123,757,799,0.947434292866083
"15834","Ventura County",1999-07-01,681,99,694,133,780,827,0.94316807738815
"15835","Ventura County",1999-08-01,653,103,662,134,756,796,0.949748743718593
"15836","Ventura County",1999-09-01,632,93,660,142,725,802,0.903990024937656
"15837","Ventura County",1999-10-01,625,85,656,143,710,799,0.888610763454318
"15838","Ventura County",1999-11-01,606,83,671,146,689,817,0.843329253365973
"15839","Ventura County",1999-12-01,563,70,592,130,633,722,0.876731301939058
"15840","Ventura County",2000-01-01,574,478,229,119,1052,348,3.02298850574713
"15841","Ventura County",2000-02-01,583,85,664,116,668,780,0.856410256410256
"15842","Ventura County",2000-03-01,625,80,652,113,705,765,0.92156862745098
"15843","Ventura County",2000-04-01,652,78,667,111,730,778,0.938303341902314
"15844","Ventura County",2000-05-01,615,98,701,127,713,828,0.861111111111111
"15845","Ventura County",2000-06-01,604,98,712,136,702,848,0.827830188679245
"15846","Ventura County",2000-07-01,685,88,522,94,773,616,1.25487012987013
"15847","Ventura County",2000-08-01,661,101,702,125,762,827,0.921402660217654
"15848","Ventura County",2000-09-01,672,107,708,122,779,830,0.93855421686747
"15849","Ventura County",2000-10-01,666,108,700,126,774,826,0.937046004842615
"15850","Ventura County",2000-11-01,660,108,672,128,768,800,0.96
"15851","Ventura County",2000-12-01,643,97,607,115,740,722,1.02493074792244
"15852","Ventura County",2001-01-01,649,95,627,126,744,753,0.98804780876494
"15853","Ventura County",2001-02-01,674,102,658,113,776,771,1.0064850843061
"15854","Ventura County",2001-03-01,667,102,664,126,769,790,0.973417721518987
"15855","Ventura County",2001-04-01,639,91,595,121,730,716,1.0195530726257
"15856","Ventura County",2001-05-01,651,90,573,109,741,682,1.08651026392962
"15857","Ventura County",2001-06-01,686,90,545,104,776,649,1.19568567026194
"15858","Ventura County",2001-07-01,685,88,493,90,773,583,1.32590051457976
"15859","Ventura County",2001-08-01,695,92,501,92,787,593,1.32715008431703
"15860","Ventura County",2001-09-01,700,97,498,86,797,584,1.36472602739726
"15861","Ventura County",2001-10-01,724,95,513,85,819,598,1.3695652173913
"15862","Ventura County",2001-11-01,705,96,513,88,801,601,1.33277870216306
"15863","Ventura County",2001-12-01,690,94,463,78,784,541,1.44916820702403
"15864","Ventura County",2002-01-01,761,106,467,84,867,551,1.57350272232305
"15865","Ventura County",2002-02-01,775,116,520,71,891,591,1.50761421319797
"15866","Ventura County",2002-03-01,763,114,523,70,877,593,1.47892074198988
"15867","Ventura County",2002-04-01,774,107,501,85,881,586,1.50341296928328
"15868","Ventura County",2002-05-01,782,111,474,82,893,556,1.60611510791367
"15869","Ventura County",2002-06-01,782,111,474,86,893,560,1.59464285714286
"15870","Ventura County",2002-07-01,641,102,647,100,743,747,0.994645247657296
"15871","Ventura County",2002-08-01,673,116,644,106,789,750,1.052
"15872","Ventura County",2002-09-01,696,117,629,98,813,727,1.11829436038514
"15873","Ventura County",2002-10-01,751,132,602,91,883,693,1.27417027417027
"15874","Ventura County",2002-11-01,814,134,557,105,948,662,1.43202416918429
"15875","Ventura County",2002-12-01,858,122,485,83,980,568,1.72535211267606
"15876","Ventura County",2003-01-01,937,130,512,95,1067,607,1.75782537067545
"15877","Ventura County",2003-02-01,957,131,484,83,1088,567,1.91887125220459
"15878","Ventura County",2003-03-01,931,131,502,87,1062,589,1.80305602716469
"15879","Ventura County",2003-04-01,950,133,457,84,1083,541,2.00184842883549
"15880","Ventura County",2003-05-01,947,157,483,68,1104,551,2.00362976406534
"15881","Ventura County",2003-06-01,928,201,518,98,1129,616,1.83279220779221
"15882","Ventura County",2003-07-01,850,167,569,63,1017,632,1.60917721518987
"15883","Ventura County",2003-08-01,873,171,542,60,1044,602,1.73421926910299
"15884","Ventura County",2003-09-01,918,176,546,49,1094,595,1.83865546218487
"15885","Ventura County",2003-10-01,962,187,513,50,1149,563,2.04085257548845
"15886","Ventura County",2003-11-01,936,193,509,47,1129,556,2.03057553956835
"15887","Ventura County",2003-12-01,867,190,498,49,1057,547,1.93235831809872
"15888","Ventura County",2004-01-01,915,177,506,65,1092,571,1.91243432574431
"15889","Ventura County",2004-02-01,798,138,642,100,936,742,1.26145552560647
"15890","Ventura County",2004-03-01,656,85,799,151,741,950,0.78
"15891","Ventura County",2004-04-01,705,93,762,143,798,905,0.881767955801105
"15892","Ventura County",2004-05-01,701,94,766,134,795,900,0.883333333333333
"15893","Ventura County",2004-06-01,678,91,751,131,769,882,0.8718820861678
"15894","Ventura County",2004-07-01,709,93,724,133,802,857,0.935822637106184
"15895","Ventura County",2004-08-01,712,84,734,161,796,895,0.889385474860335
"15896","Ventura County",2004-09-01,771,101,690,148,872,838,1.04057279236277
"15897","Ventura County",2004-10-01,718,100,739,151,818,890,0.919101123595506
"15898","Ventura County",2004-11-01,704,88,770,161,792,931,0.850698174006445
"15899","Ventura County",2004-12-01,622,90,747,145,712,892,0.798206278026906
"15900","Ventura County",2005-01-01,662,94,772,147,756,919,0.822633297062024
"15901","Ventura County",2005-02-01,631,100,768,160,731,928,0.787715517241379
"15902","Ventura County",2005-03-01,589,82,794,175,671,969,0.692466460268318
"15903","Ventura County",2005-04-01,645,80,750,185,725,935,0.775401069518717
"15904","Ventura County",2005-05-01,654,79,745,213,733,958,0.765135699373695
"15905","Ventura County",2005-06-01,634,87,776,165,721,941,0.766206163655685
"15906","Ventura County",2005-07-01,641,94,740,164,735,904,0.813053097345133
"15907","Ventura County",2005-08-01,625,86,757,164,711,921,0.771986970684039
"15908","Ventura County",2005-09-01,661,101,721,155,762,876,0.86986301369863
"15909","Ventura County",2005-10-01,629,102,756,157,731,913,0.80065717415115
"15910","Ventura County",2005-11-01,675,104,729,153,779,882,0.883219954648526
"15911","Ventura County",2005-12-01,684,101,694,155,785,849,0.924617196702002
"15912","Ventura County",2006-01-01,719,104,696,164,823,860,0.956976744186047
"15913","Ventura County",2006-02-01,746,101,730,170,847,900,0.941111111111111
"15914","Ventura County",2006-03-01,763,104,765,162,867,927,0.935275080906149
"15915","Ventura County",2006-04-01,730,97,779,172,827,951,0.869610935856993
"15916","Ventura County",2006-05-01,790,110,693,141,900,834,1.07913669064748
"15917","Ventura County",2006-06-01,792,115,733,151,907,884,1.02601809954751
"15918","Ventura County",2006-07-01,775,92,733,163,867,896,0.967633928571429
"15919","Ventura County",2006-08-01,843,107,688,142,950,830,1.14457831325301
"15920","Ventura County",2006-09-01,816,113,731,146,929,877,1.05929304446978
"15921","Ventura County",2006-10-01,824,120,727,156,944,883,1.06908267270668
"15922","Ventura County",2006-11-01,821,126,700,152,947,852,1.11150234741784
"15923","Ventura County",2006-12-01,780,121,664,128,901,792,1.13762626262626
"15924","Ventura County",2007-01-01,1092,184,418,91,1276,509,2.50687622789784
"15925","Ventura County",2007-02-01,1079,172,512,105,1251,617,2.02755267423015
"15926","Ventura County",2007-03-01,1054,164,546,114,1218,660,1.84545454545455
"15927","Ventura County",2007-04-01,1072,169,580,115,1241,695,1.78561151079137
"15928","Ventura County",2007-05-01,1061,160,587,119,1221,706,1.72946175637394
"15929","Ventura County",2007-06-01,1065,162,574,113,1227,687,1.78602620087336
"15930","Ventura County",2007-07-01,1011,156,608,116,1167,724,1.61187845303867
"15931","Ventura County",2007-08-01,1005,154,577,115,1159,692,1.67485549132948
"15932","Ventura County",2007-09-01,986,149,557,113,1135,670,1.69402985074627
"15933","Ventura County",2007-10-01,956,151,542,124,1107,666,1.66216216216216
"15934","Ventura County",2007-11-01,950,138,518,117,1088,635,1.71338582677165
"15935","Ventura County",2007-12-01,966,128,500,91,1094,591,1.85109983079526
"15936","Ventura County",2008-01-01,1000,135,499,91,1135,590,1.92372881355932
"15937","Ventura County",2008-02-01,992,156,502,97,1148,599,1.91652754590985
"15938","Ventura County",2008-03-01,1004,156,503,100,1160,603,1.92371475953565
"15939","Ventura County",2008-04-01,1023,164,511,105,1187,616,1.92694805194805
"15940","Ventura County",2008-05-01,1025,160,532,116,1185,648,1.8287037037037
"15941","Ventura County",2008-06-01,1018,164,517,100,1182,617,1.91572123176661
"15942","Ventura County",2008-07-01,1070,154,472,103,1224,575,2.12869565217391
"15943","Ventura County",2008-08-01,1027,144,488,110,1171,598,1.95819397993311
"15944","Ventura County",2008-09-01,1007,152,502,113,1159,615,1.88455284552846
"15945","Ventura County",2008-10-01,1002,153,507,106,1155,613,1.88417618270799
"15946","Ventura County",2008-11-01,1040,156,488,98,1196,586,2.04095563139932
"15947","Ventura County",2008-12-01,1022,161,477,105,1183,582,2.03264604810997
"15948","Ventura County",2009-01-01,1027,157,456,92,1184,548,2.16058394160584
"15949","Ventura County",2009-02-01,1009,161,496,109,1170,605,1.93388429752066
"15950","Ventura County",2009-03-01,951,159,540,139,1110,679,1.63475699558174
"15951","Ventura County",2009-04-01,986,152,520,152,1138,672,1.69345238095238
"15952","Ventura County",2009-05-01,991,140,477,117,1131,594,1.9040404040404
"15953","Ventura County",2009-06-01,952,136,478,134,1088,612,1.77777777777778
"15954","Ventura County",2009-07-01,908,121,527,142,1029,669,1.53811659192825
"15955","Ventura County",2009-08-01,959,132,511,118,1091,629,1.73449920508744
"15956","Ventura County",2009-09-01,965,135,489,123,1100,612,1.79738562091503
"15957","Ventura County",2009-10-01,909,126,524,131,1035,655,1.58015267175573
"15958","Ventura County",2009-11-01,895,115,512,123,1010,635,1.59055118110236
"15959","Ventura County",2009-12-01,866,116,433,112,982,545,1.80183486238532
"15960","Ventura County",2010-01-01,906,119,420,105,1025,525,1.95238095238095
"15961","Ventura County",2010-02-01,863,129,388,90,992,478,2.07531380753138
"15962","Ventura County",2010-03-01,885,121,371,97,1006,468,2.14957264957265
"15963","Ventura County",2010-04-01,861,119,416,97,980,513,1.91033138401559
"15964","Ventura County",2010-05-01,885,116,407,95,1001,502,1.99402390438247
"15965","Ventura County",2010-06-01,868,118,447,98,986,545,1.80917431192661
"15966","Ventura County",2010-07-01,878,118,484,89,996,573,1.73821989528796
"15967","Ventura County",2010-08-01,866,125,474,99,991,573,1.72949389179756
"15968","Ventura County",2010-09-01,889,135,431,92,1024,523,1.95793499043977
"15969","Ventura County",2010-10-01,913,134,414,79,1047,493,2.1237322515213
"15970","Ventura County",2010-11-01,935,142,394,81,1077,475,2.26736842105263
"15971","Ventura County",2010-12-01,891,129,382,86,1020,468,2.17948717948718
"15972","Ventura County",2011-01-01,903,126,368,95,1029,463,2.22246220302376
"15973","Ventura County",2011-02-01,937,146,341,93,1083,434,2.49539170506912
"15974","Ventura County",2011-03-01,914,136,342,92,1050,434,2.41935483870968
"15975","Ventura County",2011-04-01,904,126,360,87,1030,447,2.30425055928412
"15976","Ventura County",2011-05-01,881,128,394,86,1009,480,2.10208333333333
"15977","Ventura County",2011-06-01,880,121,398,85,1001,483,2.07246376811594
"15978","Ventura County",2011-07-01,858,128,376,86,986,462,2.13419913419913
"15979","Ventura County",2011-08-01,843,120,346,84,963,430,2.23953488372093
"15980","Ventura County",2011-09-01,880,131,353,82,1011,435,2.32413793103448
"15981","Ventura County",2011-10-01,868,132,388,87,1000,475,2.10526315789474
"15982","Ventura County",2011-11-01,854,123,428,94,977,522,1.87164750957854
"15983","Ventura County",2011-12-01,794,106,422,86,900,508,1.77165354330709
"15984","Ventura County",2012-01-01,821,108,402,82,929,484,1.91942148760331
"15985","Ventura County",2012-02-01,845,112,439,90,957,529,1.80907372400756
"15986","Ventura County",2012-03-01,825,112,478,92,937,570,1.64385964912281
"15987","Ventura County",2012-04-01,859,125,439,97,984,536,1.83582089552239
"15988","Ventura County",2012-05-01,859,124,521,108,983,629,1.56279809220986
"15989","Ventura County",2012-06-01,831,110,551,127,941,678,1.38790560471976
"15990","Ventura County",2012-07-01,939,111,524,125,1050,649,1.61787365177196
"15991","Ventura County",2012-08-01,918,116,551,126,1034,677,1.52732644017725
"15992","Ventura County",2012-09-01,923,111,526,118,1034,644,1.6055900621118
"15993","Ventura County",2012-10-01,914,98,532,127,1012,659,1.53566009104704
"15994","Ventura County",2012-11-01,906,101,520,123,1007,643,1.56609642301711
"15995","Ventura County",2012-12-01,857,112,503,107,969,610,1.58852459016393
"15996","Ventura County",2013-01-01,881,115,506,113,996,619,1.60904684975767
"15997","Ventura County",2013-02-01,885,125,522,109,1010,631,1.60063391442155
"15998","Ventura County",2013-03-01,869,120,547,113,989,660,1.49848484848485
"15999","Ventura County",2013-04-01,845,129,558,119,974,677,1.43870014771049
"16000","Ventura County",2013-05-01,846,127,573,131,973,704,1.38210227272727
"16001","Ventura County",2013-06-01,885,124,559,140,1009,699,1.44349070100143
"16002","Ventura County",2013-07-01,873,138,601,144,1011,745,1.35704697986577
"16003","Ventura County",2013-08-01,850,139,623,145,989,768,1.28776041666667
"16004","Ventura County",2013-09-01,833,132,623,158,965,781,1.23559539052497
"16005","Ventura County",2013-10-01,837,133,599,164,970,763,1.27129750982962
"16006","Ventura County",2013-11-01,848,117,582,161,965,743,1.29878869448183
"16007","Ventura County",2013-12-01,821,113,569,141,934,710,1.31549295774648
"16008","Ventura County",2014-01-01,871,121,584,144,992,728,1.36263736263736
"16009","Ventura County",2014-02-01,854,126,612,132,980,744,1.31720430107527
"16010","Ventura County",2014-03-01,855,122,628,124,977,752,1.29920212765957
"16011","Ventura County",2014-04-01,864,117,620,143,981,763,1.28571428571429
"16012","Ventura County",2014-05-01,906,122,588,127,1028,715,1.43776223776224
"16013","Ventura County",2014-06-01,887,126,603,128,1013,731,1.38577291381669
"16014","Ventura County",2014-07-01,904,133,595,131,1037,726,1.42837465564738
"16015","Ventura County",2014-08-01,887,128,602,140,1015,742,1.36792452830189
"16016","Ventura County",2014-09-01,892,143,597,140,1035,737,1.40434192672999
"16017","Ventura County",2014-10-01,932,146,580,144,1078,724,1.48895027624309
"16018","Ventura County",2014-11-01,848,119,631,151,967,782,1.23657289002558
"16019","Ventura County",2014-12-01,798,97,588,117,895,705,1.26950354609929
"16020","Ventura County",2015-01-01,813,103,545,102,916,647,1.41576506955178
"16021","Ventura County",2015-02-01,847,115,590,96,962,686,1.40233236151604
"16022","Ventura County",2015-03-01,818,123,619,93,941,712,1.32162921348315
"16023","Ventura County",2015-04-01,828,121,595,100,949,695,1.36546762589928
"16024","Ventura County",2015-05-01,839,112,581,107,951,688,1.38226744186047
"16025","Ventura County",2015-06-01,853,121,590,108,974,698,1.39541547277937
"16026","Ventura County",2015-07-01,868,117,587,115,985,702,1.4031339031339
"16027","Ventura County",2015-08-01,880,126,568,103,1006,671,1.49925484351714
"16028","Ventura County",2015-09-01,890,129,557,103,1019,660,1.54393939393939
"16029","Ventura County",2015-10-01,916,136,516,104,1052,620,1.69677419354839
"16030","Ventura County",2015-11-01,906,130,532,110,1036,642,1.61370716510903
"16031","Ventura County",2015-12-01,881,128,533,98,1009,631,1.59904912836767
"16032","Ventura County",2016-01-01,878,129,517,105,1007,622,1.61897106109325
"16033","Ventura County",2016-02-01,905,118,517,109,1023,626,1.63418530351438
"16034","Ventura County",2016-03-01,884,104,548,106,988,654,1.51070336391437
"16035","Ventura County",2016-04-01,885,112,550,101,997,651,1.53149001536098
"16036","Ventura County",2016-05-01,875,113,556,105,988,661,1.4947049924357
"16037","Ventura County",2016-06-01,875,120,553,97,995,650,1.53076923076923
"16038","Ventura County",2016-07-01,841,124,579,108,965,687,1.40465793304221
"16039","Ventura County",2016-08-01,839,131,586,97,970,683,1.42020497803807
"16040","Ventura County",2016-09-01,862,133,559,105,995,664,1.49849397590361
"16041","Ventura County",2016-10-01,866,128,557,116,994,673,1.47696879643388
"16042","Ventura County",2016-11-01,865,126,518,108,991,626,1.58306709265176
"16043","Ventura County",2016-12-01,860,125,491,101,985,592,1.66385135135135
"16044","Ventura County",2017-01-01,856,134,508,101,990,609,1.6256157635468
"16045","Ventura County",2017-02-01,846,137,518,91,983,609,1.61412151067323
"16046","Ventura County",2017-03-01,834,123,514,92,957,606,1.57920792079208
"16047","Ventura County",2017-04-01,837,134,530,96,971,626,1.55111821086262
"16048","Ventura County",2017-05-01,801,132,559,103,933,662,1.40936555891239
"16049","Ventura County",2017-06-01,811,127,536,108,938,644,1.45652173913043
"16050","Ventura County",2017-07-01,834,136,509,100,970,609,1.5927750410509
"16051","Ventura County",2017-08-01,837,133,511,101,970,612,1.58496732026144
"16052","Ventura County",2017-09-01,854,142,505,95,996,600,1.66
"16053","Ventura County",2017-10-01,832,140,515,94,972,609,1.59605911330049
"16054","Ventura County",2017-11-01,813,133,536,104,946,640,1.478125
"16055","Ventura County",2017-12-01,782,131,502,85,913,587,1.55536626916525
"16056","Ventura County",2018-01-01,807,132,487,94,939,581,1.61617900172117
"16057","Ventura County",2018-02-01,785,126,513,95,911,608,1.49835526315789
"16058","Ventura County",2018-03-01,722,119,535,97,841,632,1.33069620253165
"16059","Ventura County",2018-04-01,732,117,541,100,849,641,1.32449297971919
"16060","Ventura County",2018-05-01,730,106,500,99,836,599,1.39565943238731
"16061","Ventura County",2018-06-01,735,115,486,89,850,575,1.47826086956522
"16062","Ventura County",2018-07-01,760,125,486,99,885,585,1.51282051282051
"16063","Ventura County",2018-08-01,784,125,529,111,909,640,1.4203125
"16064","Ventura County",2018-09-01,800,141,542,94,941,636,1.47955974842767
"16065","Ventura County",2018-10-01,0,0,0,0,0,0,NA
"16066","Ventura County",2018-11-01,0,0,0,0,0,0,NA
"16067","Ventura County",2018-12-01,0,0,0,0,0,0,NA
"16068","Ventura County",2019-01-01,780,140,476,85,920,561,1.63992869875223
"16069","Ventura County",2019-02-01,819,148,469,93,967,562,1.72064056939502
"16070","Ventura County",2019-03-01,833,144,533,91,977,624,1.56570512820513
"16071","Ventura County",2019-04-01,842,137,533,106,979,639,1.5320813771518
"16072","Ventura County",2019-05-01,796,142,565,105,938,670,1.4
"16073","Ventura County",2019-06-01,837,138,547,106,975,653,1.49310872894334
"16074","Ventura County",2019-07-01,840,147,540,100,987,640,1.5421875
"16075","Ventura County",2019-08-01,851,150,578,100,1001,678,1.476401179941
"16076","Ventura County",2019-09-01,833,157,561,96,990,657,1.50684931506849
"16077","Ventura County",2019-10-01,800,147,581,100,947,681,1.39060205580029
"16078","Ventura County",2019-11-01,831,144,532,90,975,622,1.56752411575563
"16079","Ventura County",2019-12-01,802,133,494,88,935,582,1.60652920962199
"16080","Ventura County",2020-01-01,812,137,457,88,949,545,1.74128440366972
"16081","Ventura County",2020-02-01,807,144,474,84,951,558,1.70430107526882
"16082","Ventura County",2020-03-01,728,119,491,83,847,574,1.47560975609756
"16083","Yolo County",1995-10-01,224.7,30.8,78.1,5.9,255.5,84,3.04166666666667
"16084","Yolo County",1995-11-01,284,29,74,4,313,78,4.01282051282051
"16085","Yolo County",1995-12-01,260,28,77,6,288,83,3.46987951807229
"16086","Yolo County",1996-01-01,259,28,85,6,287,91,3.15384615384615
"16087","Yolo County",1996-02-01,262.4,33.5,88.5,4.1,295.9,92.6,3.19546436285097
"16088","Yolo County",1996-03-01,254,55,91,9,309,100,3.09
"16089","Yolo County",1996-04-01,250,26,96,9,276,105,2.62857142857143
"16090","Yolo County",1996-05-01,254,55,91,9,309,100,3.09
"16091","Yolo County",1996-06-01,261,33,90,7,294,97,3.03092783505155
"16092","Yolo County",1996-07-01,204,41,119,28,245,147,1.66666666666667
"16093","Yolo County",1996-08-01,206,42,117,21,248,138,1.79710144927536
"16094","Yolo County",1996-09-01,195.7,32.6,108.7,6,228.3,114.7,1.99040976460331
"16095","Yolo County",1996-10-01,207,35,104,5,242,109,2.22018348623853
"16096","Yolo County",1996-11-01,207,39,98,6,246,104,2.36538461538462
"16097","Yolo County",1996-12-01,246,42,94,16,288,110,2.61818181818182
"16098","Yolo County",1997-01-01,73,163,100,21,236,121,1.9504132231405
"16099","Yolo County",1997-02-01,216,44,88,15,260,103,2.52427184466019
"16100","Yolo County",1997-03-01,197,39,100,21,236,121,1.9504132231405
"16101","Yolo County",1997-04-01,262,40,88,22,302,110,2.74545454545455
"16102","Yolo County",1997-05-01,273,40,78,20,313,98,3.19387755102041
"16103","Yolo County",1997-06-01,224,36,66,19,260,85,3.05882352941176
"16104","Yolo County",1997-07-01,222,46,69,14,268,83,3.2289156626506
"16105","Yolo County",1997-08-01,215,41,75,14,256,89,2.87640449438202
"16106","Yolo County",1997-09-01,215,47,80,13,262,93,2.81720430107527
"16107","Yolo County",1997-10-01,212,43,75,17,255,92,2.77173913043478
"16108","Yolo County",1997-11-01,225,44,72,16,269,88,3.05681818181818
"16109","Yolo County",1997-12-01,221,43,74,16,264,90,2.93333333333333
"16110","Yolo County",1998-01-01,236,44,68,16,280,84,3.33333333333333
"16111","Yolo County",1998-02-01,242,42,75,13,284,88,3.22727272727273
"16112","Yolo County",1998-03-01,248,44,77,13,292,90,3.24444444444444
"16113","Yolo County",1998-04-01,237,49,80,23,286,103,2.77669902912621
"16114","Yolo County",1998-05-01,250,50,76,24,300,100,3
"16115","Yolo County",1998-06-01,271,54,54,21,325,75,4.33333333333333
"16116","Yolo County",1998-07-01,273,60,50,13,333,63,5.28571428571429
"16117","Yolo County",1998-08-01,260,52,66,19,312,85,3.67058823529412
"16118","Yolo County",1998-09-01,257,49,67,19,306,86,3.55813953488372
"16119","Yolo County",1998-10-01,238,50,77,19,288,96,3
"16120","Yolo County",1998-11-01,246,38,78,20,284,98,2.89795918367347
"16121","Yolo County",1998-12-01,256,36,68,15,292,83,3.51807228915663
"16122","Yolo County",1999-01-01,254,54,69,15,308,84,3.66666666666667
"16123","Yolo County",1999-02-01,245,52,83,18,297,101,2.94059405940594
"16124","Yolo County",1999-03-01,228,55,102,19,283,121,2.33884297520661
"16125","Yolo County",1999-04-01,224,48,112,22,272,134,2.02985074626866
"16126","Yolo County",1999-05-01,214,53,116,23,267,139,1.92086330935252
"16127","Yolo County",1999-06-01,219,49,113,27,268,140,1.91428571428571
"16128","Yolo County",1999-07-01,229,52,104,22,281,126,2.23015873015873
"16129","Yolo County",1999-08-01,242,42,99,19,284,118,2.40677966101695
"16130","Yolo County",1999-09-01,223,37,111,17,260,128,2.03125
"16131","Yolo County",1999-10-01,238,41,99,13,279,112,2.49107142857143
"16132","Yolo County",1999-11-01,223,33,99,18,256,117,2.18803418803419
"16133","Yolo County",1999-12-01,214,37,81,13,251,94,2.67021276595745
"16134","Yolo County",2000-01-01,222,36,76,12,258,88,2.93181818181818
"16135","Yolo County",2000-02-01,230,27,82,28,257,110,2.33636363636364
"16136","Yolo County",2000-03-01,235,33,88,41,268,129,2.07751937984496
"16137","Yolo County",2000-04-01,252,49,88,19,301,107,2.81308411214953
"16138","Yolo County",2000-05-01,233,47,80,14,280,94,2.97872340425532
"16139","Yolo County",2000-06-01,242,50,75,16,292,91,3.20879120879121
"16140","Yolo County",2000-07-01,238,46,81,13,284,94,3.02127659574468
"16141","Yolo County",2000-08-01,244,46,73,16,290,89,3.25842696629213
"16142","Yolo County",2000-09-01,248,38,74,18,286,92,3.10869565217391
"16143","Yolo County",2000-10-01,244,43,80,18,287,98,2.92857142857143
"16144","Yolo County",2000-11-01,232,36,74,18,268,92,2.91304347826087
"16145","Yolo County",2000-12-01,238,43,78,23,281,101,2.78217821782178
"16146","Yolo County",2001-01-01,254,42,65,15,296,80,3.7
"16147","Yolo County",2001-02-01,243,52,75,12,295,87,3.39080459770115
"16148","Yolo County",2001-03-01,240,48,84,13,288,97,2.96907216494845
"16149","Yolo County",2001-04-01,230,51,84,14,281,98,2.86734693877551
"16150","Yolo County",2001-05-01,239,57,67,20,296,87,3.40229885057471
"16151","Yolo County",2001-06-01,262,47,74,20,309,94,3.28723404255319
"16152","Yolo County",2001-07-01,248,44,76,16,292,92,3.17391304347826
"16153","Yolo County",2001-08-01,259,49,78,13,308,91,3.38461538461538
"16154","Yolo County",2001-09-01,264,93,78,14,357,92,3.8804347826087
"16155","Yolo County",2001-10-01,279,62,73,13,341,86,3.96511627906977
"16156","Yolo County",2001-11-01,265,40,73,17,305,90,3.38888888888889
"16157","Yolo County",2001-12-01,269,42,62,17,311,79,3.93670886075949
"16158","Yolo County",2002-01-01,276,48,65,13,324,78,4.15384615384615
"16159","Yolo County",2002-02-01,278,52,64,15,330,79,4.17721518987342
"16160","Yolo County",2002-03-01,278,52,64,15,330,79,4.17721518987342
"16161","Yolo County",2002-04-01,289,72,57,13,361,70,5.15714285714286
"16162","Yolo County",2002-05-01,300,54,57,17,354,74,4.78378378378378
"16163","Yolo County",2002-06-01,313,54,45,13,367,58,6.32758620689655
"16164","Yolo County",2002-07-01,318,50,40,12,368,52,7.07692307692308
"16165","Yolo County",2002-08-01,318,51,38,11,369,49,7.53061224489796
"16166","Yolo County",2002-09-01,321,52,42,16,373,58,6.43103448275862
"16167","Yolo County",2002-10-01,328,53,33,32,381,65,5.86153846153846
"16168","Yolo County",2002-11-01,316,59,36,12,375,48,7.8125
"16169","Yolo County",2002-12-01,290,50,53,12,340,65,5.23076923076923
"16170","Yolo County",2003-01-01,304,54,49,8,358,57,6.28070175438596
"16171","Yolo County",2003-02-01,324,57,35,14,381,49,7.77551020408163
"16172","Yolo County",2003-03-01,323,53,37,17,376,54,6.96296296296296
"16173","Yolo County",2003-04-01,295,55,48,12,350,60,5.83333333333333
"16174","Yolo County",2003-05-01,299,59,51,11,358,62,5.7741935483871
"16175","Yolo County",2003-06-01,310,58,45,13,368,58,6.3448275862069
"16176","Yolo County",2003-07-01,319,47,36,13,366,49,7.46938775510204
"16177","Yolo County",2003-08-01,319,60,43,12,379,55,6.89090909090909
"16178","Yolo County",2003-09-01,320,60,36,12,380,48,7.91666666666667
"16179","Yolo County",2003-10-01,325,63,35,9,388,44,8.81818181818182
"16180","Yolo County",2003-11-01,336,63,23,9,399,32,12.46875
"16181","Yolo County",2003-12-01,319,54,32,7,373,39,9.56410256410256
"16182","Yolo County",2004-01-01,315,53,37,11,368,48,7.66666666666667
"16183","Yolo County",2004-02-01,340,63,20,10,403,30,13.4333333333333
"16184","Yolo County",2004-03-01,333,65,24,8,398,32,12.4375
"16185","Yolo County",2004-04-01,323,58,32,12,381,44,8.65909090909091
"16186","Yolo County",2004-05-01,307,50,47,14,357,61,5.85245901639344
"16187","Yolo County",2004-06-01,318,46,37,18,364,55,6.61818181818182
"16188","Yolo County",2004-07-01,313,51,38,17,364,55,6.61818181818182
"16189","Yolo County",2004-08-01,305,56,44,14,361,58,6.22413793103448
"16190","Yolo County",2004-09-01,297,57,46,15,354,61,5.80327868852459
"16191","Yolo County",2004-10-01,305,53,48,15,358,63,5.68253968253968
"16192","Yolo County",2004-11-01,297,49,49,10,346,59,5.86440677966102
"16193","Yolo County",2004-12-01,300,47,48,9,347,57,6.08771929824561
"16194","Yolo County",2005-01-01,323,44,34,11,367,45,8.15555555555556
"16195","Yolo County",2005-02-01,331,57,25,12,388,37,10.4864864864865
"16196","Yolo County",2005-03-01,323,60,32,15,383,47,8.14893617021277
"16197","Yolo County",2005-04-01,324,57,31,15,381,46,8.28260869565217
"16198","Yolo County",2005-05-01,324,52,36,15,376,51,7.37254901960784
"16199","Yolo County",2005-06-01,319,59,42,10,378,52,7.26923076923077
"16200","Yolo County",2005-07-01,317,63,40,10,380,50,7.6
"16201","Yolo County",2005-08-01,314,54,46,16,368,62,5.93548387096774
"16202","Yolo County",2005-09-01,305,60,49,12,365,61,5.98360655737705
"16203","Yolo County",2005-10-01,312,53,46,20,365,66,5.53030303030303
"16204","Yolo County",2005-11-01,313,52,45,19,365,64,5.703125
"16205","Yolo County",2005-12-01,310,51,44,8,361,52,6.94230769230769
"16206","Yolo County",2006-01-01,305,40,51,11,345,62,5.56451612903226
"16207","Yolo County",2006-02-01,292,45,61,8,337,69,4.88405797101449
"16208","Yolo County",2006-03-01,289,46,70,8,335,78,4.29487179487179
"16209","Yolo County",2006-04-01,281,40,70,12,321,82,3.91463414634146
"16210","Yolo County",2006-05-01,276,44,65,16,320,81,3.95061728395062
"16211","Yolo County",2006-06-01,282,41,70,15,323,85,3.8
"16212","Yolo County",2006-07-01,283,51,73,16,334,89,3.75280898876404
"16213","Yolo County",2006-08-01,276,42,77,12,318,89,3.57303370786517
"16214","Yolo County",2006-09-01,285,43,66,13,328,79,4.15189873417722
"16215","Yolo County",2006-10-01,276,46,77,12,322,89,3.61797752808989
"16216","Yolo County",2006-11-01,282,48,73,9,330,82,4.02439024390244
"16217","Yolo County",2006-12-01,266,44,72,11,310,83,3.73493975903614
"16218","Yolo County",2007-01-01,305,40,51,11,345,62,5.56451612903226
"16219","Yolo County",2007-02-01,292,45,61,8,337,69,4.88405797101449
"16220","Yolo County",2007-03-01,295,48,66,12,343,78,4.3974358974359
"16221","Yolo County",2007-04-01,296,51,69,14,347,83,4.18072289156626
"16222","Yolo County",2007-05-01,286,51,70,14,337,84,4.01190476190476
"16223","Yolo County",2007-06-01,290,48,66,16,338,82,4.1219512195122
"16224","Yolo County",2007-07-01,303,50,58,17,353,75,4.70666666666667
"16225","Yolo County",2007-08-01,295,45,65,23,340,88,3.86363636363636
"16226","Yolo County",2007-09-01,300,49,64,17,349,81,4.30864197530864
"16227","Yolo County",2007-10-01,289,42,68,17,331,85,3.89411764705882
"16228","Yolo County",2007-11-01,294,40,63,16,334,79,4.22784810126582
"16229","Yolo County",2007-12-01,302,38,59,16,340,75,4.53333333333333
"16230","Yolo County",2008-01-01,298,46,66,13,344,79,4.35443037974684
"16231","Yolo County",2008-02-01,303,44,62,12,347,74,4.68918918918919
"16232","Yolo County",2008-03-01,309,46,55,11,355,66,5.37878787878788
"16233","Yolo County",2008-04-01,305,42,61,13,347,74,4.68918918918919
"16234","Yolo County",2008-05-01,296,42,70,17,338,87,3.88505747126437
"16235","Yolo County",2008-06-01,288,46,84,15,334,99,3.37373737373737
"16236","Yolo County",2008-07-01,292,47,75,13,339,88,3.85227272727273
"16237","Yolo County",2008-08-01,300,40,76,17,340,93,3.65591397849462
"16238","Yolo County",2008-09-01,295,40,80,14,335,94,3.56382978723404
"16239","Yolo County",2008-10-01,300,44,79,14,344,93,3.6989247311828
"16240","Yolo County",2008-11-01,290,40,78,16,330,94,3.51063829787234
"16241","Yolo County",2008-12-01,283,40,71,17,323,88,3.67045454545455
"16242","Yolo County",2009-01-01,265,41,76,19,306,95,3.22105263157895
"16243","Yolo County",2009-02-01,255,35,78,24,290,102,2.84313725490196
"16244","Yolo County",2009-03-01,255,37,75,21,292,96,3.04166666666667
"16245","Yolo County",2009-04-01,256,41,71,17,297,88,3.375
"16246","Yolo County",2009-05-01,256,36,72,16,292,88,3.31818181818182
"16247","Yolo County",2009-06-01,260,40,78,16,300,94,3.19148936170213
"16248","Yolo County",2009-07-01,281,37,92,21,318,113,2.8141592920354
"16249","Yolo County",2009-08-01,287,41,81,21,328,102,3.2156862745098
"16250","Yolo County",2009-09-01,293,39,71,19,332,90,3.68888888888889
"16251","Yolo County",2009-10-01,272,37,102,21,309,123,2.51219512195122
"16252","Yolo County",2009-11-01,283,35,70,20,318,90,3.53333333333333
"16253","Yolo County",2009-12-01,281,36,73,14,317,87,3.64367816091954
"16254","Yolo County",2010-01-01,283,44,71,10,327,81,4.03703703703704
"16255","Yolo County",2010-02-01,269,38,55,8,307,63,4.87301587301587
"16256","Yolo County",2010-03-01,292,43,55,11,335,66,5.07575757575758
"16257","Yolo County",2010-04-01,303,40,51,13,343,64,5.359375
"16258","Yolo County",2010-05-01,290,42,47,11,332,58,5.72413793103448
"16259","Yolo County",2010-06-01,304,45,51,12,349,63,5.53968253968254
"16260","Yolo County",2010-07-01,309,42,66,14,351,80,4.3875
"16261","Yolo County",2010-08-01,306,50,79,10,356,89,4
"16262","Yolo County",2010-09-01,308,51,70,10,359,80,4.4875
"16263","Yolo County",2010-10-01,337,49,43,10,386,53,7.28301886792453
"16264","Yolo County",2010-11-01,326,49,32,7,375,39,9.61538461538461
"16265","Yolo County",2010-12-01,323,44,31,9,367,40,9.175
"16266","Yolo County",2011-01-01,255,46,101,11,301,112,2.6875
"16267","Yolo County",2011-02-01,310,47,44,8,357,52,6.86538461538461
"16268","Yolo County",2011-03-01,310,48,45,8,358,53,6.75471698113208
"16269","Yolo County",2011-04-01,290,47,64,10,337,74,4.55405405405405
"16270","Yolo County",2011-05-01,265,35,55,17,300,72,4.16666666666667
"16271","Yolo County",2011-06-01,237,40,82,13,277,95,2.91578947368421
"16272","Yolo County",2011-07-01,256,35,55,16,291,71,4.09859154929577
"16273","Yolo County",2011-08-01,254,29,60,10,283,70,4.04285714285714
"16274","Yolo County",2011-09-01,270,28,58,7,298,65,4.58461538461538
"16275","Yolo County",2011-10-01,250,34,67,11,284,78,3.64102564102564
"16276","Yolo County",2011-11-01,257,36,83,19,293,102,2.87254901960784
"16277","Yolo County",2011-12-01,247,33,100,19,280,119,2.35294117647059
"16278","Yolo County",2012-01-01,236,17,125,33,253,158,1.60126582278481
"16279","Yolo County",2012-02-01,225,30,131,19,255,150,1.7
"16280","Yolo County",2012-03-01,233,33,143,21,266,164,1.6219512195122
"16281","Yolo County",2012-04-01,244,31,143,23,275,166,1.6566265060241
"16282","Yolo County",2012-05-01,250,22,143,23,272,166,1.63855421686747
"16283","Yolo County",2012-06-01,228,26,167,23,254,190,1.33684210526316
"16284","Yolo County",2012-07-01,214,24,174,27,238,201,1.18407960199005
"16285","Yolo County",2012-08-01,212,18,173,32,230,205,1.1219512195122
"16286","Yolo County",2012-09-01,203,24,174,28,227,202,1.12376237623762
"16287","Yolo County",2012-10-01,207,28,176,31,235,207,1.13526570048309
"16288","Yolo County",2012-11-01,223,32,160,26,255,186,1.37096774193548
"16289","Yolo County",2012-12-01,245,29,137,23,274,160,1.7125
"16290","Yolo County",2013-01-01,248,34,139,26,282,165,1.70909090909091
"16291","Yolo County",2013-02-01,250,38,142,23,288,165,1.74545454545455
"16292","Yolo County",2013-03-01,234,28,158,30,262,188,1.3936170212766
"16293","Yolo County",2013-04-01,236,29,150,24,265,174,1.52298850574713
"16294","Yolo County",2013-05-01,236,30,150,22,266,172,1.54651162790698
"16295","Yolo County",2013-06-01,243,30,153,18,273,171,1.59649122807018
"16296","Yolo County",2013-07-01,263,32,135,16,295,151,1.95364238410596
"16297","Yolo County",2013-08-01,252,34,145,17,286,162,1.76543209876543
"16298","Yolo County",2013-09-01,264,37,139,16,301,155,1.94193548387097
"16299","Yolo County",2013-10-01,265,40,141,15,305,156,1.95512820512821
"16300","Yolo County",2013-11-01,260,35,145,17,295,162,1.82098765432099
"16301","Yolo County",2013-12-01,236,32,153,16,268,169,1.58579881656805
"16302","Yolo County",2014-01-01,240,39,164,14,279,178,1.56741573033708
"16303","Yolo County",2014-02-01,250,39,157,15,289,172,1.68023255813953
"16304","Yolo County",2014-03-01,256,37,163,15,293,178,1.64606741573034
"16305","Yolo County",2014-04-01,247,32,156,22,279,178,1.56741573033708
"16306","Yolo County",2014-05-01,239,38,153,23,277,176,1.57386363636364
"16307","Yolo County",2014-06-01,247,43,143,20,290,163,1.77914110429448
"16308","Yolo County",2014-07-01,256,46,138,20,302,158,1.91139240506329
"16309","Yolo County",2014-08-01,262,45,130,21,307,151,2.03311258278146
"16310","Yolo County",2014-09-01,270,44,117,22,314,139,2.2589928057554
"16311","Yolo County",2014-10-01,276,48,113,17,324,130,2.49230769230769
"16312","Yolo County",2014-11-01,252,46,108,17,298,125,2.384
"16313","Yolo County",2014-12-01,227,43,92,13,270,105,2.57142857142857
"16314","Yolo County",2015-01-01,210,49,84,13,259,97,2.6701030927835
"16315","Yolo County",2015-02-01,216,54,88,14,270,102,2.64705882352941
"16316","Yolo County",2015-03-01,228,56,97,17,284,114,2.49122807017544
"16317","Yolo County",2015-04-01,245,52,91,22,297,113,2.6283185840708
"16318","Yolo County",2015-05-01,230,44,105,18,274,123,2.22764227642276
"16319","Yolo County",2015-06-01,214,46,110,11,260,121,2.14876033057851
"16320","Yolo County",2015-07-01,214,38,108,15,252,123,2.04878048780488
"16321","Yolo County",2015-08-01,218,33,99,14,251,113,2.2212389380531
"16322","Yolo County",2015-09-01,231,33,93,15,264,108,2.44444444444444
"16323","Yolo County",2015-10-01,236,29,95,11,265,106,2.5
"16324","Yolo County",2015-11-01,234,34,98,16,268,114,2.35087719298246
"16325","Yolo County",2015-12-01,239,34,88,17,273,105,2.6
"16326","Yolo County",2016-01-01,237,43,99,14,280,113,2.47787610619469
"16327","Yolo County",2016-02-01,245,33,94,13,278,107,2.5981308411215
"16328","Yolo County",2016-03-01,241,31,91,15,272,106,2.56603773584906
"16329","Yolo County",2016-04-01,243,31,91,16,274,107,2.5607476635514
"16330","Yolo County",2016-05-01,235,28,90,13,263,103,2.55339805825243
"16331","Yolo County",2016-06-01,229,31,89,11,260,100,2.6
"16332","Yolo County",2016-07-01,242,34,84,13,276,97,2.84536082474227
"16333","Yolo County",2016-08-01,238,32,91,13,270,104,2.59615384615385
"16334","Yolo County",2016-09-01,254,32,102,12,286,114,2.50877192982456
"16335","Yolo County",2016-10-01,250,35,91,11,285,102,2.79411764705882
"16336","Yolo County",2016-11-01,248,44,80,13,292,93,3.13978494623656
"16337","Yolo County",2016-12-01,230,44,95,16,274,111,2.46846846846847
"16338","Yolo County",2017-01-01,234,39,98,14,273,112,2.4375
"16339","Yolo County",2017-02-01,235,39,101,11,274,112,2.44642857142857
"16340","Yolo County",2017-03-01,252,38,103,12,290,115,2.52173913043478
"16341","Yolo County",2017-04-01,249,37,106,9,286,115,2.48695652173913
"16342","Yolo County",2017-05-01,255,35,95,10,290,105,2.76190476190476
"16343","Yolo County",2017-06-01,258,35,92,11,293,103,2.84466019417476
"16344","Yolo County",2017-07-01,257,31,92,9,288,101,2.85148514851485
"16345","Yolo County",2017-08-01,241,27,103,9,268,112,2.39285714285714
"16346","Yolo County",2017-09-01,230,28,105,11,258,116,2.22413793103448
"16347","Yolo County",2017-10-01,237,32,102,11,269,113,2.38053097345133
"16348","Yolo County",2017-11-01,237,31,95,7,268,102,2.62745098039216
"16349","Yolo County",2017-12-01,237,27,96,10,264,106,2.49056603773585
"16350","Yolo County",2018-01-01,245,34,85,10,279,95,2.93684210526316
"16351","Yolo County",2018-02-01,237,38,92,15,275,107,2.57009345794393
"16352","Yolo County",2018-03-01,230,37,99,27,267,126,2.11904761904762
"16353","Yolo County",2018-04-01,204,31,98,14,235,112,2.09821428571429
"16354","Yolo County",2018-05-01,183,27,93,12,210,105,2
"16355","Yolo County",2018-06-01,183,27,94,13,210,107,1.96261682242991
"16356","Yolo County",2018-07-01,192,33,88,13,225,101,2.22772277227723
"16357","Yolo County",2018-08-01,207,32,82,13,239,95,2.51578947368421
"16358","Yolo County",2018-09-01,198,26,97,11,224,108,2.07407407407407
"16359","Yolo County",2018-10-01,204,37,88,12,241,100,2.41
"16360","Yolo County",2018-11-01,202,37,89,17,239,106,2.25471698113208
"16361","Yolo County",2018-12-01,206,30,87,14,236,101,2.33663366336634
"16362","Yolo County",2019-01-01,195,21,88,14,216,102,2.11764705882353
"16363","Yolo County",2019-02-01,194,24,80,13,218,93,2.34408602150538
"16364","Yolo County",2019-03-01,204,26,82,12,230,94,2.4468085106383
"16365","Yolo County",2019-04-01,205,28,84,8,233,92,2.53260869565217
"16366","Yolo County",2019-05-01,194,34,81,8,228,89,2.56179775280899
"16367","Yolo County",2019-06-01,190,37,80,7,227,87,2.60919540229885
"16368","Yolo County",2019-07-01,191,38,83,14,229,97,2.36082474226804
"16369","Yolo County",2019-08-01,190,41,86,15,231,101,2.28712871287129
"16370","Yolo County",2019-09-01,197,47,84,15,244,99,2.46464646464646
"16371","Yolo County",2019-10-01,209,41,93,11,250,104,2.40384615384615
"16372","Yolo County",2019-11-01,210,35,80,9,245,89,2.75280898876404
"16373","Yolo County",2019-12-01,202,30,67,10,232,77,3.01298701298701
"16374","Yolo County",2020-01-01,201,29,73,10,230,83,2.7710843373494
"16375","Yolo County",2020-02-01,200,31,76,8,231,84,2.75
"16376","Yolo County",2020-03-01,176,22,56,6,198,62,3.19354838709677
"16377","Yuba County",1995-10-01,108,13,107,23,121,130,0.930769230769231
"16378","Yuba County",1995-11-01,82,8,108,35,90,143,0.629370629370629
"16379","Yuba County",1995-12-01,66,7,123,31,73,154,0.474025974025974
"16380","Yuba County",1996-01-01,131,19,79,23,150,102,1.47058823529412
"16381","Yuba County",1996-02-01,171,21,74,19,192,93,2.06451612903226
"16382","Yuba County",1996-03-01,185,28,87,19,213,106,2.00943396226415
"16383","Yuba County",1996-04-01,128,23,105,15,151,120,1.25833333333333
"16384","Yuba County",1996-05-01,121,37,103,14,158,117,1.35042735042735
"16385","Yuba County",1996-06-01,165,15,73,5,180,78,2.30769230769231
"16386","Yuba County",1996-07-01,160,23,74,3,183,77,2.37662337662338
"16387","Yuba County",1996-08-01,203,15,80,5,218,85,2.56470588235294
"16388","Yuba County",1996-09-01,220,16,50,24,236,74,3.18918918918919
"16389","Yuba County",1996-10-01,222,20,60,18,242,78,3.1025641025641
"16390","Yuba County",1996-11-01,213,25,68,11,238,79,3.0126582278481
"16391","Yuba County",1996-12-01,189,19,68,11,208,79,2.63291139240506
"16392","Yuba County",1997-01-01,150,10,49,4,160,53,3.0188679245283
"16393","Yuba County",1997-02-01,199,28,52,12,227,64,3.546875
"16394","Yuba County",1997-03-01,210,23,69,8,233,77,3.02597402597403
"16395","Yuba County",1997-04-01,208,21,72,7,229,79,2.89873417721519
"16396","Yuba County",1997-05-01,245,24,117,12,269,129,2.08527131782946
"16397","Yuba County",1997-06-01,202,22,157,17,224,174,1.28735632183908
"16398","Yuba County",1997-07-01,198,22,163,18,220,181,1.21546961325967
"16399","Yuba County",1997-08-01,195,27,164,22,222,186,1.19354838709677
"16400","Yuba County",1997-09-01,181,25,166,23,206,189,1.08994708994709
"16401","Yuba County",1997-10-01,187,26,152,21,213,173,1.23121387283237
"16402","Yuba County",1997-11-01,188,23,154,19,211,173,1.21965317919075
"16403","Yuba County",1997-12-01,217,23,67,9,240,76,3.15789473684211
"16404","Yuba County",1998-01-01,224,30,70,12,254,82,3.09756097560976
"16405","Yuba County",1998-02-01,229,23,72,9,252,81,3.11111111111111
"16406","Yuba County",1998-03-01,230,28,61,12,258,73,3.53424657534247
"16407","Yuba County",1998-04-01,230,31,62,10,261,72,3.625
"16408","Yuba County",1998-05-01,233,32,77,10,265,87,3.04597701149425
"16409","Yuba County",1998-06-01,224,30,69,9,254,78,3.25641025641026
"16410","Yuba County",1998-07-01,203,33,72,12,236,84,2.80952380952381
"16411","Yuba County",1998-08-01,191,31,65,11,222,76,2.92105263157895
"16412","Yuba County",1998-09-01,168,25,57,9,193,66,2.92424242424242
"16413","Yuba County",1998-10-01,158,21,62,8,179,70,2.55714285714286
"16414","Yuba County",1998-11-01,160,17,52,7,177,59,3
"16415","Yuba County",1998-12-01,148,18,48,6,166,54,3.07407407407407
"16416","Yuba County",1999-01-01,190,20,46,5,210,51,4.11764705882353
"16417","Yuba County",1999-02-01,241,33,37,6,274,43,6.37209302325581
"16418","Yuba County",1999-03-01,245,21,33,3,266,36,7.38888888888889
"16419","Yuba County",1999-04-01,243,17,46,6,260,52,5
"16420","Yuba County",1999-05-01,246,17,58,6,263,64,4.109375
"16421","Yuba County",1999-06-01,251,10,58,3,261,61,4.27868852459016
"16422","Yuba County",1999-07-01,250,17,48,4,267,52,5.13461538461539
"16423","Yuba County",1999-08-01,242,18,47,5,260,52,5
"16424","Yuba County",1999-09-01,243,17,40,3,260,43,6.04651162790698
"16425","Yuba County",1999-10-01,259,13,31,2,272,33,8.24242424242424
"16426","Yuba County",1999-11-01,271,16,23,2,287,25,11.48
"16427","Yuba County",1999-12-01,252,18,14,3,270,17,15.8823529411765
"16428","Yuba County",2000-01-01,224,16,13,5,240,18,13.3333333333333
"16429","Yuba County",2000-02-01,211,18,49,5,229,54,4.24074074074074
"16430","Yuba County",2000-03-01,239,25,42,6,264,48,5.5
"16431","Yuba County",2000-04-01,258,26,42,6,284,48,5.91666666666667
"16432","Yuba County",2000-05-01,220,27,53,6,247,59,4.1864406779661
"16433","Yuba County",2000-06-01,267,23,48,6,290,54,5.37037037037037
"16434","Yuba County",2000-07-01,316,28,45,9,344,54,6.37037037037037
"16435","Yuba County",2000-08-01,286,32,47,8,318,55,5.78181818181818
"16436","Yuba County",2000-09-01,297,26,44,11,323,55,5.87272727272727
"16437","Yuba County",2000-10-01,282,47,44,7,329,51,6.45098039215686
"16438","Yuba County",2000-11-01,288,51,42,7,339,49,6.91836734693878
"16439","Yuba County",2000-12-01,276,49,38,7,325,45,7.22222222222222
"16440","Yuba County",2001-01-01,280,47,43,6,327,49,6.6734693877551
"16441","Yuba County",2001-02-01,282,62,45,9,344,54,6.37037037037037
"16442","Yuba County",2001-03-01,295,69,45,10,364,55,6.61818181818182
"16443","Yuba County",2001-04-01,287,72,45,10,359,55,6.52727272727273
"16444","Yuba County",2001-05-01,294,73,39,9,367,48,7.64583333333333
"16445","Yuba County",2001-06-01,282,67,38,9,349,47,7.42553191489362
"16446","Yuba County",2001-07-01,287,81,36,10,368,46,8
"16447","Yuba County",2001-08-01,276,82,39,11,358,50,7.16
"16448","Yuba County",2001-09-01,263,78,30,8,341,38,8.97368421052632
"16449","Yuba County",2001-10-01,275,65,20,18,340,38,8.94736842105263
"16450","Yuba County",2001-11-01,254,71,32,9,325,41,7.92682926829268
"16451","Yuba County",2001-12-01,257,68,32,4,325,36,9.02777777777778
"16452","Yuba County",2002-01-01,286,62,40,8,348,48,7.25
"16453","Yuba County",2002-02-01,286,57,50,11,343,61,5.62295081967213
"16454","Yuba County",2002-03-01,290,50,50,14,340,64,5.3125
"16455","Yuba County",2002-04-01,303,51,49,11,354,60,5.9
"16456","Yuba County",2002-05-01,312,47,56,8,359,64,5.609375
"16457","Yuba County",2002-06-01,322,56,54,7,378,61,6.19672131147541
"16458","Yuba County",2002-07-01,308,57,55,6,365,61,5.98360655737705
"16459","Yuba County",2002-08-01,323,59,44,4,382,48,7.95833333333333
"16460","Yuba County",2002-09-01,323,62,40,7,385,47,8.19148936170213
"16461","Yuba County",2002-10-01,321,61,39,8,382,47,8.12765957446809
"16462","Yuba County",2002-11-01,238,73,99,19,311,118,2.63559322033898
"16463","Yuba County",2002-12-01,310,72,29,12,382,41,9.31707317073171
"16464","Yuba County",2003-01-01,307,78,45,8,385,53,7.26415094339623
"16465","Yuba County",2003-02-01,299,75,43,9,374,52,7.19230769230769
"16466","Yuba County",2003-03-01,292,79,46,8,371,54,6.87037037037037
"16467","Yuba County",2003-04-01,295,70,38,18,365,56,6.51785714285714
"16468","Yuba County",2003-05-01,285,72,42,17,357,59,6.05084745762712
"16469","Yuba County",2003-06-01,303,54,29,33,357,62,5.75806451612903
"16470","Yuba County",2003-07-01,264,68,56,26,332,82,4.04878048780488
"16471","Yuba County",2003-08-01,268,81,41,14,349,55,6.34545454545455
"16472","Yuba County",2003-09-01,266,74,43,15,340,58,5.86206896551724
"16473","Yuba County",2003-10-01,285,77,43,19,362,62,5.83870967741935
"16474","Yuba County",2003-11-01,265,91,58,8,356,66,5.39393939393939
"16475","Yuba County",2003-12-01,279,82,40,11,361,51,7.07843137254902
"16476","Yuba County",2004-01-01,266,87,64,11,353,75,4.70666666666667
"16477","Yuba County",2004-02-01,283,81,43,13,364,56,6.5
"16478","Yuba County",2004-03-01,275,82,58,11,357,69,5.17391304347826
"16479","Yuba County",2004-04-01,286,80,47,13,366,60,6.1
"16480","Yuba County",2004-05-01,268,83,50,8,351,58,6.05172413793103
"16481","Yuba County",2004-06-01,292,65,31,9,357,40,8.925
"16482","Yuba County",2004-07-01,262,77,47,12,339,59,5.74576271186441
"16483","Yuba County",2004-08-01,270,81,41,7,351,48,7.3125
"16484","Yuba County",2004-09-01,285,76,33,8,361,41,8.80487804878049
"16485","Yuba County",2004-10-01,276,74,37,12,350,49,7.14285714285714
"16486","Yuba County",2004-11-01,272,75,43,11,347,54,6.42592592592593
"16487","Yuba County",2004-12-01,290,83,16,4,373,20,18.65
"16488","Yuba County",2005-01-01,308,75,11,11,383,22,17.4090909090909
"16489","Yuba County",2005-02-01,307,75,19,9,382,28,13.6428571428571
"16490","Yuba County",2005-03-01,300,72,27,11,372,38,9.78947368421053
"16491","Yuba County",2005-04-01,314,74,22,12,388,34,11.4117647058824
"16492","Yuba County",2005-05-01,287,67,53,10,354,63,5.61904761904762
"16493","Yuba County",2005-06-01,281,68,41,13,349,54,6.46296296296296
"16494","Yuba County",2005-07-01,279,71,54,11,350,65,5.38461538461539
"16495","Yuba County",2005-08-01,273,74,58,10,347,68,5.10294117647059
"16496","Yuba County",2005-09-01,277,61,51,11,338,62,5.45161290322581
"16497","Yuba County",2005-10-01,279,69,57,9,348,66,5.27272727272727
"16498","Yuba County",2005-11-01,273,64,50,12,337,62,5.43548387096774
"16499","Yuba County",2005-12-01,258,69,53,11,327,64,5.109375
"16500","Yuba County",2006-01-01,260,62,63,9,322,72,4.47222222222222
"16501","Yuba County",2006-02-01,278,57,60,15,335,75,4.46666666666667
"16502","Yuba County",2006-03-01,278,69,57,18,347,75,4.62666666666667
"16503","Yuba County",2006-04-01,276,61,62,15,337,77,4.37662337662338
"16504","Yuba County",2006-05-01,274,58,65,12,332,77,4.31168831168831
"16505","Yuba County",2006-06-01,271,59,72,9,330,81,4.07407407407407
"16506","Yuba County",2006-07-01,287,58,64,14,345,78,4.42307692307692
"16507","Yuba County",2006-08-01,281,57,76,16,338,92,3.67391304347826
"16508","Yuba County",2006-09-01,286,59,65,13,345,78,4.42307692307692
"16509","Yuba County",2006-10-01,276,57,69,20,333,89,3.74157303370787
"16510","Yuba County",2006-11-01,296,50,57,22,346,79,4.37974683544304
"16511","Yuba County",2006-12-01,283,55,55,18,338,73,4.63013698630137
"16512","Yuba County",2007-01-01,273,56,60,13,329,73,4.50684931506849
"16513","Yuba County",2007-02-01,287,51,54,22,338,76,4.44736842105263
"16514","Yuba County",2007-03-01,285,55,62,17,340,79,4.30379746835443
"16515","Yuba County",2007-04-01,285,60,64,14,345,78,4.42307692307692
"16516","Yuba County",2007-05-01,279,59,67,20,338,87,3.88505747126437
"16517","Yuba County",2007-06-01,300,52,54,20,352,74,4.75675675675676
"16518","Yuba County",2007-07-01,294,57,61,18,351,79,4.44303797468354
"16519","Yuba County",2007-08-01,282,58,65,18,340,83,4.09638554216868
"16520","Yuba County",2007-09-01,273,53,67,18,326,85,3.83529411764706
"16521","Yuba County",2007-10-01,269,59,69,19,328,88,3.72727272727273
"16522","Yuba County",2007-11-01,271,41,62,22,312,84,3.71428571428571
"16523","Yuba County",2007-12-01,290,46,45,28,336,73,4.6027397260274
"16524","Yuba County",2008-01-01,295,53,69,18,348,87,4
"16525","Yuba County",2008-02-01,297,49,66,18,346,84,4.11904761904762
"16526","Yuba County",2008-03-01,301,53,69,18,354,87,4.06896551724138
"16527","Yuba County",2008-04-01,295,56,56,12,351,68,5.16176470588235
"16528","Yuba County",2008-05-01,293,49,52,10,342,62,5.51612903225806
"16529","Yuba County",2008-06-01,296,51,50,10,347,60,5.78333333333333
"16530","Yuba County",2008-07-01,293,54,46,13,347,59,5.88135593220339
"16531","Yuba County",2008-08-01,299,55,51,17,354,68,5.20588235294118
"16532","Yuba County",2008-09-01,309,61,56,13,370,69,5.36231884057971
"16533","Yuba County",2008-10-01,292,60,63,5,352,68,5.17647058823529
"16534","Yuba County",2008-11-01,293,51,59,5,344,64,5.375
"16535","Yuba County",2008-12-01,317,47,39,8,364,47,7.74468085106383
"16536","Yuba County",2009-01-01,306,42,47,10,348,57,6.10526315789474
"16537","Yuba County",2009-02-01,301,40,50,10,341,60,5.68333333333333
"16538","Yuba County",2009-03-01,308,40,39,15,348,54,6.44444444444444
"16539","Yuba County",2009-04-01,298,44,44,15,342,59,5.79661016949153
"16540","Yuba County",2009-05-01,286,52,43,11,338,54,6.25925925925926
"16541","Yuba County",2009-06-01,293,49,49,12,342,61,5.60655737704918
"16542","Yuba County",2009-07-01,319,51,51,9,370,60,6.16666666666667
"16543","Yuba County",2009-08-01,310,62,49,13,372,62,6
"16544","Yuba County",2009-09-01,325,55,53,5,380,58,6.55172413793103
"16545","Yuba County",2009-10-01,318,48,61,7,366,68,5.38235294117647
"16546","Yuba County",2009-11-01,300,64,62,5,364,67,5.43283582089552
"16547","Yuba County",2009-12-01,307,58,46,6,365,52,7.01923076923077
"16548","Yuba County",2010-01-01,325,54,49,6,379,55,6.89090909090909
"16549","Yuba County",2010-02-01,311,48,42,6,359,48,7.47916666666667
"16550","Yuba County",2010-03-01,326,59,33,5,385,38,10.1315789473684
"16551","Yuba County",2010-04-01,340,52,36,6,392,42,9.33333333333333
"16552","Yuba County",2010-05-01,324,52,36,6,376,42,8.95238095238095
"16553","Yuba County",2010-06-01,359,34,28,9,393,37,10.6216216216216
"16554","Yuba County",2010-07-01,325,57,34,9,382,43,8.88372093023256
"16555","Yuba County",2010-08-01,321,56,30,10,377,40,9.425
"16556","Yuba County",2010-09-01,334,50,39,8,384,47,8.17021276595745
"16557","Yuba County",2010-10-01,349,28,47,8,377,55,6.85454545454545
"16558","Yuba County",2010-11-01,340,36,32,9,376,41,9.17073170731707
"16559","Yuba County",2010-12-01,321,41,31,9,362,40,9.05
"16560","Yuba County",2011-01-01,329,40,40,9,369,49,7.53061224489796
"16561","Yuba County",2011-02-01,320,47,37,8,367,45,8.15555555555556
"16562","Yuba County",2011-03-01,301,46,39,8,347,47,7.38297872340426
"16563","Yuba County",2011-04-01,281,46,36,14,327,50,6.54
"16564","Yuba County",2011-05-01,287,55,46,2,342,48,7.125
"16565","Yuba County",2011-06-01,277,45,40,7,322,47,6.85106382978723
"16566","Yuba County",2011-07-01,309,32,35,9,341,44,7.75
"16567","Yuba County",2011-08-01,299,43,36,8,342,44,7.77272727272727
"16568","Yuba County",2011-09-01,292,41,30,8,333,38,8.76315789473684
"16569","Yuba County",2011-10-01,295,24,33,8,319,41,7.78048780487805
"16570","Yuba County",2011-11-01,308,46,52,11,354,63,5.61904761904762
"16571","Yuba County",2011-12-01,303,41,56,14,344,70,4.91428571428571
"16572","Yuba County",2012-01-01,275,57,73,9,332,82,4.04878048780488
"16573","Yuba County",2012-02-01,285,53,73,6,338,79,4.27848101265823
"16574","Yuba County",2012-03-01,273,53,86,6,326,92,3.54347826086957
"16575","Yuba County",2012-04-01,255,57,86,10,312,96,3.25
"16576","Yuba County",2012-05-01,303,37,69,13,340,82,4.14634146341463
"16577","Yuba County",2012-06-01,293,39,77,10,332,87,3.81609195402299
"16578","Yuba County",2012-07-01,288,34,71,10,322,81,3.97530864197531
"16579","Yuba County",2012-08-01,298,36,72,10,334,82,4.07317073170732
"16580","Yuba County",2012-09-01,309,34,66,15,343,81,4.23456790123457
"16581","Yuba County",2012-10-01,310,32,49,17,342,66,5.18181818181818
"16582","Yuba County",2012-11-01,293,36,58,13,329,71,4.63380281690141
"16583","Yuba County",2012-12-01,285,38,77,9,323,86,3.75581395348837
"16584","Yuba County",2013-01-01,305,30,55,10,335,65,5.15384615384615
"16585","Yuba County",2013-02-01,297,29,81,14,326,95,3.43157894736842
"16586","Yuba County",2013-03-01,296,36,84,10,332,94,3.53191489361702
"16587","Yuba County",2013-04-01,296,31,73,18,327,91,3.59340659340659
"16588","Yuba County",2013-05-01,286,36,81,13,322,94,3.42553191489362
"16589","Yuba County",2013-06-01,290,35,75,15,325,90,3.61111111111111
"16590","Yuba County",2013-07-01,297,37,50,20,334,70,4.77142857142857
"16591","Yuba County",2013-08-01,307,43,51,16,350,67,5.22388059701493
"16592","Yuba County",2013-09-01,308,44,52,10,352,62,5.67741935483871
"16593","Yuba County",2013-10-01,336,37,28,15,373,43,8.67441860465116
"16594","Yuba County",2013-11-01,313,37,39,11,350,50,7
"16595","Yuba County",2013-12-01,286,36,52,13,322,65,4.95384615384615
"16596","Yuba County",2014-01-01,303,42,45,11,345,56,6.16071428571429
"16597","Yuba County",2014-02-01,285,44,70,11,329,81,4.06172839506173
"16598","Yuba County",2014-03-01,299,34,56,10,333,66,5.04545454545455
"16599","Yuba County",2014-04-01,290,41,62,7,331,69,4.79710144927536
"16600","Yuba County",2014-05-01,312,38,47,16,350,63,5.55555555555556
"16601","Yuba County",2014-06-01,302,37,51,15,339,66,5.13636363636364
"16602","Yuba County",2014-07-01,298,38,61,17,336,78,4.30769230769231
"16603","Yuba County",2014-08-01,301,37,54,16,338,70,4.82857142857143
"16604","Yuba County",2014-09-01,318,37,41,17,355,58,6.12068965517241
"16605","Yuba County",2014-10-01,288,38,64,13,326,77,4.23376623376623
"16606","Yuba County",2014-11-01,270,33,72,12,303,84,3.60714285714286
"16607","Yuba County",2014-12-01,274,32,49,11,306,60,5.1
"16608","Yuba County",2015-01-01,276,30,47,10,306,57,5.36842105263158
"16609","Yuba County",2015-02-01,306,33,42,11,339,53,6.39622641509434
"16610","Yuba County",2015-03-01,292,40,52,11,332,63,5.26984126984127
"16611","Yuba County",2015-04-01,266,40,62,11,306,73,4.19178082191781
"16612","Yuba County",2015-05-01,282,41,61,10,323,71,4.54929577464789
"16613","Yuba County",2015-06-01,287,41,56,11,328,67,4.8955223880597
"16614","Yuba County",2015-07-01,300,36,55,13,336,68,4.94117647058824
"16615","Yuba County",2015-08-01,307,30,48,19,337,67,5.02985074626866
"16616","Yuba County",2015-09-01,299,29,58,20,328,78,4.20512820512821
"16617","Yuba County",2015-10-01,300,34,59,17,334,76,4.39473684210526
"16618","Yuba County",2015-11-01,298,31,61,16,329,77,4.27272727272727
"16619","Yuba County",2015-12-01,299,28,52,12,327,64,5.109375
"16620","Yuba County",2016-01-01,299,24,50,18,323,68,4.75
"16621","Yuba County",2016-02-01,312,22,45,20,334,65,5.13846153846154
"16622","Yuba County",2016-03-01,286,27,64,18,313,82,3.81707317073171
"16623","Yuba County",2016-04-01,289,31,55,18,320,73,4.38356164383562
"16624","Yuba County",2016-05-01,285,27,52,19,312,71,4.3943661971831
"16625","Yuba County",2016-06-01,287,34,50,12,321,62,5.17741935483871
"16626","Yuba County",2016-07-01,294,31,50,12,325,62,5.24193548387097
"16627","Yuba County",2016-08-01,300,28,42,11,328,53,6.18867924528302
"16628","Yuba County",2016-09-01,310,24,38,12,334,50,6.68
"16629","Yuba County",2016-10-01,292,30,46,11,322,57,5.64912280701754
"16630","Yuba County",2016-11-01,274,27,56,6,301,62,4.85483870967742
"16631","Yuba County",2016-12-01,290,26,40,7,316,47,6.72340425531915
"16632","Yuba County",2017-01-01,295,29,35,7,324,42,7.71428571428571
"16633","Yuba County",2017-02-01,205,24,32,4,229,36,6.36111111111111
"16634","Yuba County",2017-03-01,261,29,44,5,290,49,5.91836734693878
"16635","Yuba County",2017-04-01,278,28,56,13,306,69,4.43478260869565
"16636","Yuba County",2017-05-01,284,28,50,13,312,63,4.95238095238095
"16637","Yuba County",2017-06-01,299,33,37,12,332,49,6.77551020408163
"16638","Yuba County",2017-07-01,297,37,41,9,334,50,6.68
"16639","Yuba County",2017-08-01,274,32,39,8,306,47,6.51063829787234
"16640","Yuba County",2017-09-01,282,27,33,9,309,42,7.35714285714286
"16641","Yuba County",2017-10-01,311,26,20,12,337,32,10.53125
"16642","Yuba County",2017-11-01,307,26,29,11,333,40,8.325
"16643","Yuba County",2017-12-01,292,30,34,10,322,44,7.31818181818182
"16644","Yuba County",2018-01-01,282,34,53,12,316,65,4.86153846153846
"16645","Yuba County",2018-02-01,172,26,86,27,198,113,1.75221238938053
"16646","Yuba County",2018-03-01,175,33,92,25,208,117,1.77777777777778
"16647","Yuba County",2018-04-01,256,30,48,7,286,55,5.2
"16648","Yuba County",2018-05-01,265,27,43,10,292,53,5.50943396226415
"16649","Yuba County",2018-06-01,268,31,47,9,299,56,5.33928571428571
"16650","Yuba County",2018-07-01,268,29,46,11,297,57,5.21052631578947
"16651","Yuba County",2018-08-01,266,36,58,7,302,65,4.64615384615385
"16652","Yuba County",2018-09-01,246,32,59,5,278,64,4.34375
"16653","Yuba County",2018-10-01,259,31,49,8,290,57,5.08771929824561
"16654","Yuba County",2018-11-01,256,36,45,3,292,48,6.08333333333333
"16655","Yuba County",2018-12-01,261,28,44,6,289,50,5.78
"16656","Yuba County",2019-01-01,269,26,38,13,295,51,5.7843137254902
"16657","Yuba County",2019-02-01,288,31,46,9,319,55,5.8
"16658","Yuba County",2019-03-01,271,34,52,5,305,57,5.35087719298246
"16659","Yuba County",2019-04-01,302,33,49,7,335,56,5.98214285714286
"16660","Yuba County",2019-05-01,286,37,48,6,323,54,5.98148148148148
"16661","Yuba County",2019-06-01,284,29,44,14,313,58,5.39655172413793
"16662","Yuba County",2019-07-01,285,37,49,7,322,56,5.75
"16663","Yuba County",2019-08-01,282,32,49,6,314,55,5.70909090909091
"16664","Yuba County",2019-09-01,297,29,39,11,326,50,6.52
"16665","Yuba County",2019-10-01,285,28,49,4,313,53,5.90566037735849
"16666","Yuba County",2019-11-01,288,14,42,9,302,51,5.92156862745098
"16667","Yuba County",2019-12-01,291,24,48,9,315,57,5.52631578947368
"16668","Yuba County",2020-01-01,281,33,51,10,314,61,5.14754098360656
"16669","Yuba County",2020-02-01,279,36,56,7,315,63,5
"16670","Yuba County",2020-03-01,267,32,59,5,299,64,4.671875
"16671","Statewide",1995-10-01,38026.86,4573.75,25230.14,3942.23,42600.61,29172.37,1.46030679029506
"16672","Statewide",1995-11-01,37821.97,4528.06,25402.43,3793,42350.03,29195.43,1.45057051737207
"16673","Statewide",1995-12-01,37288.53,4318.58,24267.51,3639.37,41607.11,27906.88,1.49092661021225
"16674","Statewide",1996-01-01,37931.1,4473.32,24164.15,3589.57,42404.42,27753.72,1.52788238837893
"16675","Statewide",1996-02-01,38446.74,4638.96,24466.14,3535.87,43085.7,28002.01,1.53866454586653
"16676","Statewide",1996-03-01,38445.63,4519.34,25312.54,3751.85,42964.97,29064.39,1.47826842400615
"16677","Statewide",1996-04-01,38035.13,4663.91,25114.79,3731.23,42699.04,28846.02,1.48024025498145
"16678","Statewide",1996-05-01,38089.57,4712.19,24953.85,3722.52,42801.76,28676.37,1.49257943038118
"16679","Statewide",1996-06-01,37908.84,4759.17,25345.13,3662.7,42668.01,29007.83,1.47091354299856
"16680","Statewide",1996-07-01,37101.39,4707.31,26566.02,3981.82,41808.7,30547.84,1.36863031887034
"16681","Statewide",1996-08-01,37293.33,4644.99,26230.25,3766.27,41938.32,29996.52,1.39810618031692
"16682","Statewide",1996-09-01,37679.8,4909.46,26834.5,3650.3,42589.26,30484.8,1.39706542276807
"16683","Statewide",1996-10-01,37725.12,4797.75,26723.84,4239.76,42522.87,30963.6,1.37331802503585
"16684","Statewide",1996-11-01,37946.85,4793.84,26108.86,4145.08,42740.69,30253.94,1.4127313665592
"16685","Statewide",1996-12-01,37672.24,4630.56,25941.41,4005.96,42302.8,29947.37,1.41257145452172
"16686","Statewide",1997-01-01,38889.76,4769.61,26607.35,3858.78,43659.37,30466.13,1.43304614009065
"16687","Statewide",1997-02-01,39266.68,4913.25,27390.37,4003.78,44179.93,31394.15,1.40726632191029
"16688","Statewide",1997-03-01,39806,5118.96,28139.89,4259,44924.96,32398.89,1.38662034409204
"16689","Statewide",1997-04-01,38928.88,6094.67,26958.7,4122.52,45023.55,31081.22,1.44857730809794
"16690","Statewide",1997-05-01,38490.98,5018.76,28685.23,4494.91,43509.74,33180.14,1.31131875875147
"16691","Statewide",1997-06-01,38461.41,5241.28,29441.16,4354.03,43702.69,33795.19,1.29316302112815
"16692","Statewide",1997-07-01,38912.47,5189.17,28885.31,4508.41,44101.64,33393.72,1.32065669832531
"16693","Statewide",1997-08-01,38993.16,5853.38,27133.25,5045.51,44846.54,32178.76,1.3936689915957
"16694","Statewide",1997-09-01,39918.42,6176.29,27267.9,4644.29,46094.71,31912.19,1.44442327524372
"16695","Statewide",1997-10-01,39716.54,5173.72,28765.59,4677.32,44890.26,33442.91,1.34229527274989
"16696","Statewide",1997-11-01,39668.56,5943.71,27689.33,4787.15,45612.27,32476.48,1.40447086630078
"16697","Statewide",1997-12-01,39370.72,5229.18,27734.9,4613.56,44599.9,32348.46,1.37873333073661
"16698","Statewide",1998-01-01,38448.44,5838.54,29227.67,4836.5,44286.98,34064.17,1.30010447928131
"16699","Statewide",1998-02-01,39850.94,6452.96,28430.28,4939.34,46303.9,33369.62,1.38760645161677
"16700","Statewide",1998-03-01,39934.51,5422.8,30333.33,5150.67,45357.31,35484,1.27824681546613
"16701","Statewide",1998-04-01,39748.01,5374.29,29992.33,5263.93,45122.3,35256.26,1.27983796352761
"16702","Statewide",1998-05-01,39759,5364.05,29759.44,5476.28,45123.05,35235.72,1.28060530620632
"16703","Statewide",1998-06-01,39986.85,6507.46,28633.64,5307.62,46494.31,33941.26,1.36984631684269
"16704","Statewide",1998-07-01,40515.88,5406.61,28890.28,5016.7,45922.49,33906.98,1.35436685897712
"16705","Statewide",1998-08-01,40787.71,5330.09,28869.2,4963.16,46117.8,33832.36,1.36312689980835
"16706","Statewide",1998-09-01,40869.74,5300.94,27989.11,4960.77,46170.68,32949.88,1.40123970102471
"16707","Statewide",1998-10-01,39639.48,5128.12,28790.06,5004.18,44767.6,33794.24,1.32471095666007
"16708","Statewide",1998-11-01,39298.15,4990.98,27945.42,4958.62,44289.13,32904.04,1.34600887915283
"16709","Statewide",1998-12-01,38451.72,5348.81,26624.17,4672,43800.53,31296.17,1.39954921001516
"16710","Statewide",1999-01-01,38819.74,5027.1,27219.85,4657.66,43846.84,31877.51,1.37547882503997
"16711","Statewide",1999-02-01,39240.78,5108.4,27604.8,4829.02,44349.18,32433.82,1.36737454915887
"16712","Statewide",1999-03-01,38952.3,5140.51,28155.34,4967.5,44092.81,33122.84,1.33119050178064
"16713","Statewide",1999-04-01,38635.45,5396.86,27478.85,4852.24,44032.31,32331.09,1.36191851249061
"16714","Statewide",1999-05-01,38680.07,5162.14,27450.89,4964.74,43842.21,32415.63,1.35250217256305
"16715","Statewide",1999-06-01,39311.49,5157.18,26756.19,4748.38,44468.67,31504.57,1.41149903014071
"16716","Statewide",1999-07-01,39543.79,5188,27073.34,4746.92,44731.79,31820.26,1.40576444064253
"16717","Statewide",1999-08-01,39489.2,5394.97,27202.33,4734.71,44884.17,31937.04,1.4053954280046
"16718","Statewide",1999-09-01,40187.28,5358.26,27192.21,4709.31,45545.54,31901.52,1.42769184665809
"16719","Statewide",1999-10-01,40416.2,5515.65,27270.94,4583.88,45931.85,31854.82,1.44191208740153
"16720","Statewide",1999-11-01,39250.8,5333.59,26799.04,4503.3,44584.39,31302.34,1.42431492342106
"16721","Statewide",1999-12-01,38663.53,5144.17,24915.64,4259.29,43807.7,29174.93,1.50155287433423
"16722","Statewide",2000-01-01,39490.36,5618.72,24749.82,4278.06,45109.08,29027.88,1.55399154192452
"16723","Statewide",2000-02-01,40828.15,5396.95,24858.14,4335.2,46225.1,29193.34,1.58341251806063
"16724","Statewide",2000-03-01,40143.43,5376.3,25816.58,4402.53,45519.73,30219.11,1.50632265477044
"16725","Statewide",2000-04-01,39653.64,5394.71,26275.24,4476.76,45048.35,30752,1.46489171436004
"16726","Statewide",2000-05-01,39089.93,5598.53,25944.89,4497.19,44688.46,30442.08,1.46798313387259
"16727","Statewide",2000-06-01,39073.03,5588.17,25976.82,4380,44661.2,30356.82,1.47120811731927
"16728","Statewide",2000-07-01,39174.2,5514.06,25661,4408.49,44688.26,30069.49,1.48616621033479
"16729","Statewide",2000-08-01,39133.96,5356.39,25967.95,4402.09,44490.35,30370.04,1.46494209424815
"16730","Statewide",2000-09-01,39843.41,5334.37,25827.92,4457.77,45177.78,30285.69,1.49172034713424
"16731","Statewide",2000-10-01,39885.6,5445.75,26431.86,4475,45331.35,30906.86,1.46670836183294
"16732","Statewide",2000-11-01,39400.18,5257.96,26118.57,4471.25,44658.14,30589.82,1.45990201969152
"16733","Statewide",2000-12-01,38639.27,5118.35,24770.9,4319.63,43757.62,29090.53,1.50418778894712
"16734","Statewide",2001-01-01,39377,4989,24741,4181,44366,28922,1.53398796763709
"16735","Statewide",2001-02-01,39971,5200,24742,4355,45171,29097,1.55242808536963
"16736","Statewide",2001-03-01,39759,5278,25715,4359,45037,30074,1.49753940280641
"16737","Statewide",2001-04-01,39776,5247,25395,4264,45023,29659,1.51802151117705
"16738","Statewide",2001-05-01,39779,5307,25209,4250,45086,29459,1.53046607148919
"16739","Statewide",2001-06-01,39824,5206,25285,4152,45030,29437,1.5297075109556
"16740","Statewide",2001-07-01,40001,5262,24422,4000,45263,28422,1.59253395257195
"16741","Statewide",2001-08-01,39861,5521,24419,3851,45382,28270,1.60530597806862
"16742","Statewide",2001-09-01,40678,5431,24273,3818,46109,28091,1.64141539995016
"16743","Statewide",2001-10-01,40440,5283,24132,4001,45723,28133,1.62524437493335
"16744","Statewide",2001-11-01,40158,5301,24059,3604,45459,27663,1.64331417416766
"16745","Statewide",2001-12-01,39381,5239,23033,3436,44620,26469,1.6857455891798
"16746","Statewide",2002-01-01,40594,5423,22988,3567,46017,26555,1.73289399359819
"16747","Statewide",2002-02-01,40937,5463,23746,3733,46400,27479,1.68856217475163
"16748","Statewide",2002-03-01,41124,5558,24669,3879,46682,28548,1.63521087291579
"16749","Statewide",2002-04-01,41649,5637,24203,3889,47286,28092,1.68325501922255
"16750","Statewide",2002-05-01,41478,5540,24758,3880,47018,28638,1.64180459529297
"16751","Statewide",2002-06-01,41311,5473,24917,3800,46784,28717,1.62913953407389
"16752","Statewide",2002-07-01,41783,5515,24311,3824,47298,28135,1.6811089390439
"16753","Statewide",2002-08-01,41726,5564,24108,3833,47290,27941,1.69249489996779
"16754","Statewide",2002-09-01,42148,5637,24074,3860,47785,27934,1.71063936421565
"16755","Statewide",2002-10-01,41939,5661,24684,3930,47600,28614,1.66352135318376
"16756","Statewide",2002-11-01,41521,5675,24593,4026,47196,28619,1.64911422481568
"16757","Statewide",2002-12-01,41569,5678,23556,3667,47247,27223,1.73555449436139
"16758","Statewide",2003-01-01,42472,5774,23844,3818,48246,27662,1.74412551514713
"16759","Statewide",2003-02-01,43032,5927,23368,3799,48959,27167,1.80214966687525
"16760","Statewide",2003-03-01,42466,5772,22542,3668,48238,26210,1.84044257916826
"16761","Statewide",2003-04-01,42992,5684,22886,3766,48676,26652,1.82635449497223
"16762","Statewide",2003-05-01,43195,5942,22279,3583,49137,25862,1.89996906658418
"16763","Statewide",2003-06-01,43678,6151,21875,3519,49829,25394,1.96223517366307
"16764","Statewide",2003-07-01,43298,6026,22050,3512,49324,25562,1.92958297472811
"16765","Statewide",2003-08-01,43434,5976,22150,3573,49410,25723,1.92084904560121
"16766","Statewide",2003-09-01,43495,6194,22304,3595,49689,25899,1.91856828448975
"16767","Statewide",2003-10-01,43722,6151,22527,3587,49873,26114,1.90981848816727
"16768","Statewide",2003-11-01,43449,6114,22470,3562,49563,26032,1.90392593730793
"16769","Statewide",2003-12-01,42591,5948,21782,3483,48539,25265,1.92119532950722
"16770","Statewide",2004-01-01,42953,6108,21954,3428,49061,25382,1.93290520841541
"16771","Statewide",2004-02-01,44047,6296,22378,3500,50343,25878,1.9453976350568
"16772","Statewide",2004-03-01,43960,6231,23061,3751,50191,26812,1.87196031627629
"16773","Statewide",2004-04-01,43954,6209,23431,3822,50163,27253,1.84064139727736
"16774","Statewide",2004-05-01,43982,6087,23211,3824,50069,27035,1.85200665803588
"16775","Statewide",2004-06-01,44208,6122,23310,3845,50330,27155,1.85343399005708
"16776","Statewide",2004-07-01,44804,6239,22742,3783,51043,26525,1.92433553251649
"16777","Statewide",2004-08-01,45132,6552,22429,3686,51684,26115,1.97909247558874
"16778","Statewide",2004-09-01,45566,6500,22469,3701,52066,26170,1.98952999617883
"16779","Statewide",2004-10-01,45180,6237,22205,3831,51417,26036,1.9748425257336
"16780","Statewide",2004-11-01,45242,6271,21805,3626,51513,25431,2.02559867877787
"16781","Statewide",2004-12-01,44636,6084,20804,3484,50720,24288,2.08827404479578
"16782","Statewide",2005-01-01,45115,6122,21390,3568,51237,24958,2.05292892058659
"16783","Statewide",2005-02-01,46623,6327,21589,3552,52950,25141,2.10612147488167
"16784","Statewide",2005-03-01,46040,6402,21955,3707,52442,25662,2.0435663627153
"16785","Statewide",2005-04-01,46116,6394,22339,3792,52510,26131,2.00949064329723
"16786","Statewide",2005-05-01,46119,6477,22519,3916,52596,26435,1.98963495365992
"16787","Statewide",2005-06-01,46698,6701,22732,3793,53399,26525,2.01315739868049
"16788","Statewide",2005-07-01,47235,6662,22933,3931,53897,26864,2.00629094699226
"16789","Statewide",2005-08-01,47510,6617,23180,3898,54127,27078,1.99892901986853
"16790","Statewide",2005-09-01,48228,6824,23363,3861,55052,27224,2.02218630620041
"16791","Statewide",2005-10-01,47926,6770,23269,3948,54696,27217,2.00962633648088
"16792","Statewide",2005-11-01,47778,6674,22928,3965,54452,26893,2.02476480868628
"16793","Statewide",2005-12-01,46558,6398,22136,3830,52956,25966,2.03943618578141
"16794","Statewide",2006-01-01,47214,6438,22166,3942,53652,26108,2.05500229814616
"16795","Statewide",2006-02-01,47425,6760,22221,3988,54185,26209,2.06741958869091
"16796","Statewide",2006-03-01,47492,6507,22597,3772,53999,26369,2.04782130532064
"16797","Statewide",2006-04-01,47169,6558,22543,4161,53727,26704,2.01194577591372
"16798","Statewide",2006-05-01,47671,6833,22716,4098,54504,26814,2.03266950100694
"16799","Statewide",2006-06-01,47256,6585,22300,4231,53841,26531,2.02936187855716
"16800","Statewide",2006-07-01,47772,6437,22866,4300,54209,27166,1.99547228152838
"16801","Statewide",2006-08-01,48537,6580,22703,4270,55117,26973,2.04341378415453
"16802","Statewide",2006-09-01,48148,6591,22438,4270,54739,26708,2.04953571963457
"16803","Statewide",2006-10-01,49055,6736,22483,4318,55791,26801,2.08167605686355
"16804","Statewide",2006-11-01,49139,6770,21954,4189,55909,26143,2.13858394216425
"16805","Statewide",2006-12-01,48810,6495,21590,4077,55305,25667,2.15471227646394
"16806","Statewide",2007-01-01,49072,6876,21722,3999,55948,25721,2.17518758990708
"16807","Statewide",2007-02-01,49606,6761,22109,4134,56367,26243,2.14788705559578
"16808","Statewide",2007-03-01,50112,6703,22068,4205,56815,26273,2.16248620256537
"16809","Statewide",2007-04-01,50128,6770,22233,4238,56898,26471,2.14944656416456
"16810","Statewide",2007-05-01,49934,6786,22633,4095,56720,26728,2.12211912601018
"16811","Statewide",2007-06-01,50137,6677,22992,4074,56814,27066,2.09909111061849
"16812","Statewide",2007-07-01,50515,6722,22676,4087,57237,26763,2.1386615850241
"16813","Statewide",2007-08-01,49976,6853,22956,4088,56829,27044,2.10135335009614
"16814","Statewide",2007-09-01,50226,6945,22968,4136,57171,27104,2.10931965761511
"16815","Statewide",2007-10-01,49561,6781,23500,4179,56342,27679,2.03555041728386
"16816","Statewide",2007-11-01,49711,6516,22623,3970,56227,26593,2.11435340127101
"16817","Statewide",2007-12-01,49119,6367,21781,3883,55486,25664,2.16201683291771
"16818","Statewide",2008-01-01,49580,6533,21735,3906,56113,25641,2.18840918840919
"16819","Statewide",2008-02-01,49853,6670,21808,3822,56523,25630,2.20534529847835
"16820","Statewide",2008-03-01,50405,6516,22321,4083,56921,26404,2.15577185274958
"16821","Statewide",2008-04-01,49770,6673,22592,4041,56443,26633,2.1192881012278
"16822","Statewide",2008-05-01,49542,6654,22161,4030,56196,26191,2.14562254209461
"16823","Statewide",2008-06-01,49243,6707,22579,3991,55950,26570,2.10575837410613
"16824","Statewide",2008-07-01,49658,6758,22527,4027,56416,26554,2.12457633501544
"16825","Statewide",2008-08-01,49939,6637,22578,4107,56576,26685,2.12014240209856
"16826","Statewide",2008-09-01,49151,6787,21987,4061,55938,26048,2.14749692874693
"16827","Statewide",2008-10-01,50376,6688,22210,4048,57064,26258,2.17320435676746
"16828","Statewide",2008-11-01,49554,6348,22112,3968,55902,26080,2.14348159509202
"16829","Statewide",2008-12-01,48562,6177,21533,3739,54739,25272,2.16599398543843
"16830","Statewide",2009-01-01,49187,6278,21181,3760,55465,24941,2.22384828194539
"16831","Statewide",2009-02-01,48985,6388,21921,3791,55373,25712,2.15358587429994
"16832","Statewide",2009-03-01,48958,6238,22765,3955,55196,26720,2.06571856287425
"16833","Statewide",2009-04-01,48553,6268,23808,3977,54821,27785,1.97304300881771
"16834","Statewide",2009-05-01,48634,6217,23627,3933,54851,27560,1.99023947750363
"16835","Statewide",2009-06-01,48110,6225,23934,3889,54335,27823,1.95288071020379
"16836","Statewide",2009-07-01,47729,6215,23754,3901,53944,27655,1.95060567709275
"16837","Statewide",2009-08-01,48108,6271,23408,3792,54379,27200,1.99922794117647
"16838","Statewide",2009-09-01,49280,6399,21957,3799,55679,25756,2.16178754464979
"16839","Statewide",2009-10-01,48167,6247,21835,3992,54414,25827,2.10686490881635
"16840","Statewide",2009-11-01,48022,6193,20917,3760,54215,24677,2.19698504680472
"16841","Statewide",2009-12-01,46660,5829,20030,3609,52489,23639,2.22044079698803
"16842","Statewide",2010-01-01,46396,6059,19390,3506,52455,22896,2.29101153039832
"16843","Statewide",2010-02-01,46066,5938,17981,3141,52004,21122,2.46207745478648
"16844","Statewide",2010-03-01,45378,5966,18791,3283,51344,22074,2.32599438253148
"16845","Statewide",2010-04-01,46524,5837,18196,3306,52361,21502,2.43516882150498
"16846","Statewide",2010-05-01,46378,6395,17800,2968,52773,20768,2.54107280431433
"16847","Statewide",2010-06-01,46718,6001,17550,3435,52719,20985,2.51222301644031
"16848","Statewide",2010-07-01,46529,5989,17534,3294,52518,20828,2.52150950643365
"16849","Statewide",2010-08-01,46998,6187,17338,3222,53185,20560,2.58681906614786
"16850","Statewide",2010-09-01,44743,6175,20042,3342,50918,23384,2.17747177557304
"16851","Statewide",2010-10-01,46106,5882,18246,3328,51988,21574,2.40975247983684
"16852","Statewide",2010-11-01,46119,5832,17556,3215,51951,20771,2.50113138510423
"16853","Statewide",2010-12-01,44999,5482,17014,3154,50481,20168,2.50302459341531
"16854","Statewide",2011-01-01,45597,5465,17051,3138,51062,20189,2.52919906879984
"16855","Statewide",2011-02-01,45918,5424,17241,3240,51342,20481,2.50681119085982
"16856","Statewide",2011-03-01,44444,5390,17274,3159,49834,20433,2.43889786130279
"16857","Statewide",2011-04-01,44003,5500,16794,3149,49503,19943,2.4822243393672
"16858","Statewide",2011-05-01,42081,7040,17064,3219,49121,20283,2.42178178770399
"16859","Statewide",2011-06-01,43715,5473,17272,3237,49188,20509,2.39836169486567
"16860","Statewide",2011-07-01,44364,5639,17647,3177,50003,20824,2.40121974644641
"16861","Statewide",2011-08-01,44926,5502,17595,3267,50428,20862,2.41721790815837
"16862","Statewide",2011-09-01,45184,5570,17423,3585,50754,21008,2.41593678598629
"16863","Statewide",2011-10-01,44820,5363,18741,3361,50183,22102,2.27051850511266
"16864","Statewide",2011-11-01,42934,5204,20354,3548,48138,23902,2.01397372604803
"16865","Statewide",2011-12-01,41910,5113,21361,3747,47023,25108,1.87282937709097
"16866","Statewide",2012-01-01,42492,5123,22382,3953,47615,26335,1.80805012340991
"16867","Statewide",2012-02-01,42580,5343,23171,4115,47923,27286,1.75632192333065
"16868","Statewide",2012-03-01,42379,5123,22885,4080,47502,26965,1.76161691081031
"16869","Statewide",2012-04-01,43042,5285,23707,4405,48327,28112,1.71908793397837
"16870","Statewide",2012-05-01,42210,5330,25226,4554,47540,29780,1.59637340496978
"16871","Statewide",2012-06-01,43204,5517,24950,4592,48721,29542,1.64921129239726
"16872","Statewide",2012-07-01,43612,5644,24080,4535,49256,28615,1.72133496417963
"16873","Statewide",2012-08-01,43691,5638,24992,4683,49329,29675,1.66230834035383
"16874","Statewide",2012-09-01,44821,5731,25667,4645,50552,30312,1.66772235418316
"16875","Statewide",2012-10-01,44557,5583,26099,4702,50140,30801,1.62786922502516
"16876","Statewide",2012-11-01,45408,5981,25020,4194,51389,29214,1.75905387827754
"16877","Statewide",2012-12-01,43969,5464,24977,4468,49433,29445,1.67882492783155
"16878","Statewide",2013-01-01,44552,5658,25156,4540,50210,29696,1.69080010775862
"16879","Statewide",2013-02-01,44908,5725,25832,4606,50633,30438,1.66347986070044
"16880","Statewide",2013-03-01,45076,5809,26135,4550,50885,30685,1.65830210200424
"16881","Statewide",2013-04-01,45317,5977,25910,4475,51294,30385,1.68813559322034
"16882","Statewide",2013-05-01,45227,6004,26361,4547,51231,30908,1.65753203054225
"16883","Statewide",2013-06-01,45657,6025,25893,4660,51682,30553,1.69155238438124
"16884","Statewide",2013-07-01,45491,6153,25508,4594,51644,30102,1.71563351272341
"16885","Statewide",2013-08-01,45531,6075,25700,4698,51606,30398,1.6976774787815
"16886","Statewide",2013-09-01,45752,6199,26042,4711,51951,30753,1.68929860501414
"16887","Statewide",2013-10-01,45842,6139,26177,4713,51981,30890,1.68277759792813
"16888","Statewide",2013-11-01,45347,6065,26387,4826,51412,31213,1.64713420690097
"16889","Statewide",2013-12-01,45108,5891,25565,4698,50999,30263,1.68519314013812
"16890","Statewide",2014-01-01,45420,6031,25786,4677,51451,30463,1.68896694350524
"16891","Statewide",2014-02-01,45512,6058,26357,4833,51570,31190,1.65341455594742
"16892","Statewide",2014-03-01,45463,5987,26560,4920,51450,31480,1.6343710292249
"16893","Statewide",2014-04-01,45445,6265,26412,4901,51710,31313,1.65139079615495
"16894","Statewide",2014-05-01,45463,6190,26475,4928,51653,31403,1.64484284940929
"16895","Statewide",2014-06-01,45710,6219,26510,4847,51929,31357,1.65605765857703
"16896","Statewide",2014-07-01,45454,6240,26488,4916,51694,31404,1.64609603872118
"16897","Statewide",2014-08-01,45621,6326,26186,4847,51947,31033,1.67392775432604
"16898","Statewide",2014-09-01,45468,6488,25880,4846,51956,30726,1.69094577881924
"16899","Statewide",2014-10-01,44935,6529,25744,4797,51464,30541,1.68507907403163
"16900","Statewide",2014-11-01,42519,5907,25441,4651,48426,30092,1.60926492090921
"16901","Statewide",2014-12-01,39301,5215,23844,4164,44516,28008,1.58940302770637
"16902","Statewide",2015-01-01,39325,5436,23307,4140,44761,27447,1.63081575399862
"16903","Statewide",2015-02-01,40245,5495,23429,4084,45740,27513,1.66248682441028
"16904","Statewide",2015-03-01,40313,5475,23318,4121,45788,27439,1.66871970552863
"16905","Statewide",2015-04-01,40353,5503,23326,4021,45856,27347,1.6768201265221
"16906","Statewide",2015-05-01,40272,5510,23473,4047,45782,27520,1.66359011627907
"16907","Statewide",2015-06-01,40940,5563,23282,4185,46503,27467,1.69304984162814
"16908","Statewide",2015-07-01,41229,5595,23268,4152,46824,27420,1.70765864332604
"16909","Statewide",2015-08-01,41543,5669,23080,4220,47212,27300,1.72937728937729
"16910","Statewide",2015-09-01,41896,5428,23288,4362,47324,27650,1.71153707052441
"16911","Statewide",2015-10-01,42323,5898,22804,4028,48221,26832,1.79714519976148
"16912","Statewide",2015-11-01,40616,5614,23754,4141,46230,27895,1.65728625201649
"16913","Statewide",2015-12-01,40730,5517,22337,3916,46247,26253,1.76158915171599
"16914","Statewide",2016-01-01,41693,5640,21636,3885,47333,25521,1.85466870420438
"16915","Statewide",2016-02-01,42724,5734,21908,3822,48458,25730,1.88332685581034
"16916","Statewide",2016-03-01,41731,5717,22720,4021,47448,26741,1.77435398825773
"16917","Statewide",2016-04-01,41955,5839,22600,4018,47794,26618,1.79555188218499
"16918","Statewide",2016-05-01,42617,5811,22590,3999,48428,26589,1.82135469555079
"16919","Statewide",2016-06-01,42744,5922,22567,3975,48666,26542,1.83354683143697
"16920","Statewide",2016-07-01,42961,5932,22616,3976,48893,26592,1.83863567990373
"16921","Statewide",2016-08-01,43234,5927,22303,3933,49161,26236,1.87379935965848
"16922","Statewide",2016-09-01,43383,5982,22700,3958,49365,26658,1.85178933153275
"16923","Statewide",2016-10-01,43348,5981,22524,3839,49329,26363,1.87114516557296
"16924","Statewide",2016-11-01,43065,5810,22216,3910,48875,26126,1.87074178978795
"16925","Statewide",2016-12-01,42545,5806,21333,3779,48351,25112,1.92541414463205
"16926","Statewide",2017-01-01,42408,5802,21648,3855,48210,25503,1.89036583931302
"16927","Statewide",2017-02-01,43188,5948,21784,3784,49136,25568,1.92177722152691
"16928","Statewide",2017-03-01,42287,5884,22884,3922,48171,26806,1.79702305454003
"16929","Statewide",2017-04-01,42571,5943,22840,3954,48514,26794,1.81062924535344
"16930","Statewide",2017-05-01,42360,6056,23020,4074,48416,27094,1.78696390344726
"16931","Statewide",2017-06-01,42463,5997,22522,4230,48460,26752,1.8114533492823
"16932","Statewide",2017-07-01,43106,6212,22430,3988,49318,26418,1.8668332197744
"16933","Statewide",2017-08-01,42844,6024,22837,4112,48868,26949,1.81335114475491
"16934","Statewide",2017-09-01,42895,6261,22723,4107,49156,26830,1.83212821468505
"16935","Statewide",2017-10-01,42551,NA,22705,4169,NA,26874,NA
"16936","Statewide",2017-11-01,42358,6072,22470,3953,48430,26423,1.83287287590357
"16937","Statewide",2017-12-01,41933,5864,21831,3920,47797,25751,1.85612209234593
"16938","Statewide",2018-01-01,42260,6015,21592,3951,48275,25543,1.88995027992013
"16939","Statewide",2018-02-01,42299,5964,22299,4122,48263,26421,1.82669088982249
"16940","Statewide",2018-03-01,41423,5805,22503,4045,47228,26548,1.77896640048215
"16941","Statewide",2018-04-01,41294,5891,22230,3977,47185,26207,1.80047315602702
"16942","Statewide",2018-05-01,41483,5775,22435,3985,47258,26420,1.788720666162
"16943","Statewide",2018-06-01,41884,5871,22417,4005,47755,26422,1.80739535235788
"16944","Statewide",2018-07-01,NA,NA,NA,NA,NA,NA,NA
"16945","Statewide",2018-08-01,43256,6129,21978,3869,49385,25847,1.91066661508105
"16946","Statewide",2018-09-01,NA,NA,NA,NA,NA,NA,NA
"16947","Statewide",2018-10-01,39712,5603,20486,3697,45315,24183,1.87383699292892
"16948","Statewide",2018-11-01,39462,5492,20025,3545,44954,23570,1.90725498515062
"16949","Statewide",2018-12-01,41709,5760,20237,3650,47469,23887,1.98723154854105
"16950","Statewide",2019-01-01,42805,5749,20521,3630,48554,24151,2.01043435054449
"16951","Statewide",2019-02-01,43175,5837,20809,3597,49012,24406,2.00819470621978
"16952","Statewide",2019-03-01,42936,5768,21351,3725,48704,25076,1.94225554314883
"16953","Statewide",2019-04-01,43398,5883,20987,3709,49281,24696,1.99550534499514
"16954","Statewide",2019-05-01,43159,5680,21228,3784,48839,25012,1.95262274108428
"16955","Statewide",2019-06-01,43323,5844,21220,3685,49167,24905,1.97418189118651
"16956","Statewide",2019-07-01,NA,NA,NA,NA,NA,NA,NA
"16957","Statewide",2019-08-01,NA,NA,NA,NA,NA,NA,NA
"16958","Statewide",2019-09-01,NA,NA,NA,NA,NA,NA,NA
"16959","Statewide",2019-10-01,44114,5994,20242,3556,50108,23798,2.10555508866291
"16960","Statewide",2019-11-01,43431,5771,20245,3535,49202,23780,2.0690496215307
"16961","Statewide",2019-12-01,42581,5701,19541,3377,48282,22918,2.10672833580592
"16962","Statewide",2020-01-01,43019,5720,19411,3342,48739,22753,2.14209115281501
"16963","Statewide",2020-02-01,43323,5863,19776,3425,49186,23201,2.11999482780915
"16964","Statewide",2020-03-01,41822,5268,18173,3162,47090,21335,2.20717131474104
